0	  1.28994e-08 2.02227e-08 5.87747e-08 2.81118e-08 1.31477e-11 2.00513e-08
 0	  1.28994e-08 2.02227e-08 5.87747e-08 2.81118e-08 1.31477e-11 2.00513e-08

 1	  2.25474e-08 2.34469e-08 5.32789e-08 1.54943e-08 6.91603e-09 2.71798e-08
 1	  2.25474e-08 2.34469e-08 5.32789e-08 1.51080e-08 6.74426e-09 2.70018e-08

 2	  2.91500e-08 3.22729e-08 4.32922e-08 1.79957e-09 1.56978e-08 4.01301e-08
 2	  2.91500e-08 3.22729e-08 4.32922e-08 1.72214e-09 1.57434e-08 4.02428e-08

 3	  2.87803e-08 4.41185e-08 3.14933e-08 2.26144e-09 1.30388e-08 5.58184e-08
 3	  2.87803e-08 4.41185e-08 3.14933e-08 2.29863e-09 1.28679e-08 5.55734e-08

 4	  2.24283e-08 5.32126e-08 2.15409e-08 1.17923e-08 3.43730e-09 6.84523e-08
 4	  2.24283e-08 5.32126e-08 2.15409e-08 1.18122e-08 3.43550e-09 6.84445e-08

 5	  1.48510e-08 5.41218e-08 1.63801e-08 1.43406e-08 2.84835e-09 7.47203e-08
 5	  1.48510e-08 5.41218e-08 1.63801e-08 1.44178e-08 2.83234e-09 7.49897e-08

 6	  1.00774e-08 4.61601e-08 1.75706e-08 7.26085e-09 1.34048e-08 7.31944e-08
 6	  1.00774e-08 4.61601e-08 1.75706e-08 7.29717e-09 1.34292e-08 7.31541e-08

 7	  9.42558e-09 3.36985e-08 2.48300e-08 3.35526e-09 2.19345e-08 6.45224e-08
 7	  9.42558e-09 3.36985e-08 2.48300e-08 3.41526e-09 2.18923e-08 6.46324e-08

 8	  1.31437e-08 2.22370e-08 3.63477e-08 1.19751e-08 1.84838e-08 5.20419e-08
 8	  1.31437e-08 2.22370e-08 3.63477e-08 1.19429e-08 1.84625e-08 5.20471e-08

 9	  2.21698e-08 1.47313e-08 4.94380e-08 2.77604e-08 7.84993e-09 3.87600e-08
 9	  2.21698e-08 1.47313e-08 4.94380e-08 2.78179e-08 7.83929e-09 3.87609e-08

10	  3.74283e-08 1.15621e-08 6.13172e-08 3.83839e-08 2.03719e-09 2.74703e-08
10	  3.74283e-08 1.15621e-08 6.13172e-08 3.83452e-08 2.03781e-09 2.74985e-08

  8.50723e-08 4.43450e-11 2.51909e-08
  4.96733e-08 1.81399e-08 6.82724e-11

 0	      0.0000000000	      0.0000000000	      0.0000000000	
1	      0.0000097139	      0.0000019943	      0.0000152563	
2	      0.0000046374	      0.0000009843	      0.0000073730	
3	      0.0000036336	      0.0000013003	      0.0000072473	
4	      0.0014042879	      0.0000001154	      0.0014046086	
5	      0.0000061723	      0.0000011100	      0.0000092571	
6	      0.0000076932	      0.0000003546	      0.0000086787	
7	      0.0000079616	      0.0000012855	      0.0000115340	
8	      0.0000079295	      0.0000004772	      0.0000092558	
9	      0.0000084958	      0.0000001900	      0.0000090239	
10	      0.0000101765	      0.0000002307	      0.0000108177	

FLeg = 0.0014930524

F = 0.0425070708
