 0  1.00000e-05 1.00000e-05 1.00000e-05 1.00000e-06 1.00000e-06 1.00000e-06
 0  1.00000e-05 1.00000e-05 1.00000e-05 5.74073e-07 1.33373e-06 2.49383e-07

 1  9.26331e-06 9.72807e-06 8.78169e-06 1.85419e-06 9.96649e-07 1.49249e-06
 1  9.26331e-06 9.72807e-06 8.78169e-06 3.95899e-06 2.82082e-07 2.91390e-06

 2  7.20262e-06 1.12287e-05 6.14873e-06 5.46152e-06 3.31107e-06 5.66999e-06
 2  7.20262e-06 1.12287e-05 6.14873e-06 7.81678e-06 2.32079e-06 3.45507e-06

 3  4.76768e-06 1.50384e-05 3.83496e-06 7.38631e-06 8.95605e-06 5.91452e-06
 3  4.76768e-06 1.50384e-05 3.83496e-06 6.93370e-06 5.68396e-06 2.54238e-06

 4  3.05869e-06 2.08833e-05 2.30906e-06 4.97121e-06 1.10713e-05 4.16839e-06
 4  3.05869e-06 2.08833e-05 2.30906e-06 3.23738e-06 7.28016e-06 1.72708e-06

 5  1.84443e-06 2.74923e-05 1.34973e-06 3.77881e-06 7.93457e-06 2.74449e-06
 5  1.84443e-06 2.74923e-05 1.34973e-06 2.69906e-06 6.39412e-06 1.35276e-06

 6  8.98310e-07 3.32748e-05 7.38827e-07 6.15166e-06 3.52491e-06 1.98890e-06
 6  8.98310e-07 3.32748e-05 7.38827e-07 4.97764e-06 2.71777e-06 1.22389e-06

 7  7.21622e-07 3.58181e-05 3.47025e-07 8.14384e-06 6.71616e-07 1.61952e-06
 7  7.21622e-07 3.58181e-05 3.47025e-07 7.07340e-06 4.44275e-07 8.74569e-07

 8  1.61375e-06 3.37646e-05 1.50121e-07 7.11594e-06 2.35153e-06 1.06645e-06
 8  1.61375e-06 3.37646e-05 1.50121e-07 6.91924e-06 2.38588e-06 7.29261e-07

 9  3.20892e-06 2.81857e-05 6.63157e-08 4.25881e-06 6.91178e-06 8.07271e-07
 9  3.20892e-06 2.81857e-05 6.63157e-08 4.67719e-06 5.99028e-06 5.00371e-07

10  4.81615e-06 2.13179e-05 6.10371e-08 1.56181e-06 9.95273e-06 5.05837e-07
10  4.81615e-06 2.13179e-05 6.10371e-08 1.87482e-06 9.10944e-06 2.72291e-07

11  5.75767e-06 1.46876e-05 9.02604e-08 1.59016e-07 1.08119e-05 2.49226e-07
11  5.75767e-06 1.46876e-05 9.02604e-08 2.12789e-07 1.02000e-05 1.52107e-07

12  5.69384e-06 9.31872e-06 1.25933e-07 3.44784e-07 9.45933e-06 1.24687e-07
12  5.69384e-06 9.31872e-06 1.25933e-07 1.75460e-07 8.97511e-06 6.67546e-08

13  4.84547e-06 5.56437e-06 1.43818e-07 1.34273e-06 6.75916e-06 5.34290e-08
13  4.84547e-06 5.56437e-06 1.43818e-07 1.06675e-06 6.53996e-06 3.59275e-08

14  3.57974e-06 3.23369e-06 1.44865e-07 2.35594e-06 4.04069e-06 3.45120e-08
14  3.57974e-06 3.23369e-06 1.44865e-07 1.79059e-06 3.90924e-06 3.56300e-08

15  2.36986e-06 1.93956e-06 1.33416e-07 2.51953e-06 1.93718e-06 4.22409e-08
15  2.36986e-06 1.93956e-06 1.33416e-07 2.21612e-06 1.92535e-06 3.57009e-08

16  1.39004e-06 1.28624e-06 1.17519e-07 2.31337e-06 7.32389e-07 4.48402e-08
16  1.39004e-06 1.28624e-06 1.17519e-07 2.00740e-06 7.49446e-07 3.61904e-08

17  7.37725e-07 9.91122e-07 1.01106e-07 1.66227e-06 2.05446e-07 4.54334e-08
17  7.37725e-07 9.91122e-07 1.01106e-07 1.46980e-06 2.23444e-07 3.75482e-08

18  3.63216e-07 8.80257e-07 8.55205e-08 9.85480e-07 5.23707e-08 4.63108e-08
18  3.63216e-07 8.80257e-07 8.55205e-08 8.77412e-07 5.59500e-08 3.41989e-08

19  1.74602e-07 8.50136e-07 7.17356e-08 4.81903e-07 2.97525e-08 4.23941e-08
19  1.74602e-07 8.50136e-07 7.17356e-08 4.28818e-07 2.54740e-08 2.91250e-08

20  8.87928e-08 8.32199e-07 5.84413e-08 2.05760e-07 3.37454e-08 3.80809e-08
20  8.87928e-08 8.32199e-07 5.84413e-08 1.75495e-07 2.83244e-08 3.68161e-08

21  5.36288e-08 7.88457e-07 4.79510e-08 9.68168e-08 5.88273e-08 4.39793e-08
21  5.36288e-08 7.88457e-07 4.79510e-08 7.27898e-08 5.27948e-08 3.34115e-08

22  4.41282e-08 6.93327e-07 4.06848e-08 5.93550e-08 1.25504e-07 3.87890e-08
22  4.41282e-08 6.93327e-07 4.06848e-08 4.46156e-08 1.31910e-07 2.91663e-08

23  4.81677e-08 5.44145e-07 3.47256e-08 4.28616e-08 2.51022e-07 3.39816e-08
23  4.81677e-08 5.44145e-07 3.47256e-08 3.88291e-08 2.04105e-07 2.63406e-08

24  5.67542e-08 3.85369e-07 3.00253e-08 3.48669e-08 3.15351e-07 3.04021e-08
24  5.67542e-08 3.85369e-07 3.00253e-08 2.29011e-08 3.22237e-07 2.83473e-08

25  6.11802e-08 2.32371e-07 2.40770e-08 4.01854e-08 3.87188e-07 3.37311e-08
25  6.11802e-08 2.32371e-07 2.40770e-08 2.36199e-08 2.91825e-07 3.30600e-08

26  5.89415e-08 1.29771e-07 1.82818e-08 6.21122e-08 2.83975e-07 3.86819e-08
26  5.89415e-08 1.29771e-07 1.82818e-08 3.73581e-08 2.12107e-07 4.12384e-08

27  5.38097e-08 7.34406e-08 1.51710e-08 8.16770e-08 1.69256e-07 4.45967e-08
27  5.38097e-08 7.34406e-08 1.51710e-08 4.57883e-08 1.31389e-07 3.34758e-08

28  4.99850e-08 4.99444e-08 1.51421e-08 7.00743e-08 9.61699e-08 3.37384e-08
28  4.99850e-08 4.99444e-08 1.51421e-08 4.92322e-08 8.13730e-08 2.84677e-08

  5.00172e-08 1.51119e-08 4.99424e-08
  1.14725e-07 2.94218e-08 1.49257e-08

 0      0.0000098971	      0.0011844557	      0.0033016432	
 1      0.0000091026	      0.0007740541	      0.0021602928	
 2      0.0000076564	      0.0006232616	      0.0017397759	
 3      0.0000062128	      0.0008722115	      0.0024301944	
 4      0.0000059929	      0.0007567914	      0.0021092079	
 5      0.0000070690	      0.0005246030	      0.0014650046	
 6      0.0000111085	      0.0003344470	      0.0009405774	
 7      0.0000222597	      0.0003688561	      0.0010473554	
 8      0.0000457541	      0.0001964703	      0.0005917688	
 9      0.0000643383	      0.0002928464	      0.0008781941	
10      0.0001000299	      0.0002139928	      0.0006947419	
11      0.0001459965	      0.0001530079	      0.0005712240	
12      0.0000954446	      0.0001943903	      0.0006356788	
13      0.0000712188	      0.0001405789	      0.0004619047	
14      0.0000698683	      0.0002022584	      0.0006319689	
15      0.0001689313	      0.0001040874	      0.0004582027	
16      0.0003934386	      0.0001109288	      0.0007017231	
17      0.0004724739	      0.0000907147	      0.0007245812	
18      0.0015963385	      0.0000702226	      0.0017914955	
19      0.0031206078	      0.0000731913	      0.0033240153	
20      0.0032473739	      0.0000861212	      0.0034867152	
21      0.0031596780	      0.0001107346	      0.0034674229	
22      0.0031868967	      0.0001114084	      0.0034965142	
23      0.0031365952	      0.0001293108	      0.0034959654	
24      0.0014717501	      0.0001333024	      0.0018422136	
25      0.0000369731	      0.0001630450	      0.0004900950	
26      0.0003201273	      0.0001180728	      0.0006482660	
27      0.0003548117	      0.0001075176	      0.0006536160	
28      0.0002323154	      0.0000612897	      0.0004026468	

FLeg = 0.0446430059
