
    0.000000    0.292664    0.956215   -0.000059   -0.965754    0.287144    0.000000
    0.000000    0.292664    0.956215   -0.000059   -0.965654    0.287044   -0.000047
    0.010804    0.282214    0.959261   -0.000059   -0.968760    0.276695   -0.000046
    0.021608    0.271731    0.962194   -0.000060   -0.971754    0.266311   -0.000046
    0.032412    0.261217    0.965015   -0.000060   -0.974635    0.255893   -0.000045
    0.043216    0.250672    0.967723   -0.000061   -0.977403    0.245443   -0.000045
    0.054021    0.240097    0.970319   -0.000061   -0.980057    0.234962   -0.000044
    0.064825    0.229495    0.972800   -0.000062   -0.982597    0.224450   -0.000043
    0.075629    0.218865    0.975168   -0.000062   -0.985023    0.213910   -0.000043
    0.086433    0.208211    0.977422   -0.000063   -0.987334    0.203343   -0.000042
    0.097237    0.197531    0.979562   -0.000063   -0.989531    0.192749   -0.000041
    0.108041    0.186829    0.981587   -0.000063   -0.991612    0.182131   -0.000040
    0.118845    0.176105    0.983498   -0.000064   -0.993577    0.171489   -0.000040
    0.129649    0.165360    0.985293   -0.000064   -0.995427    0.160825   -0.000039
    0.140453    0.154596    0.986973   -0.000065   -0.997160    0.150140   -0.000038
    0.151257    0.143814    0.988537   -0.000065   -0.998777    0.139435   -0.000038
    0.162062    0.133015    0.989986   -0.000066   -1.000278    0.128712   -0.000037
    0.172866    0.122200    0.991318   -0.000066   -1.001661    0.117972   -0.000036
    0.183670    0.111371    0.992535   -0.000066   -1.002927    0.107216   -0.000036
    0.194474    0.100529    0.993635   -0.000067   -1.004076    0.096445   -0.000035
    0.205278    0.089675    0.994619   -0.000067   -1.005108    0.085662   -0.000034
    0.216082    0.078811    0.995486   -0.000067   -1.006022    0.074867   -0.000033
    0.226886    0.067937    0.996236   -0.000068   -1.006818    0.064061   -0.000033
    0.237690    0.057056    0.996870   -0.000068   -1.007496    0.053247   -0.000032
    0.248494    0.046167    0.997387   -0.000068   -1.008056    0.042424   -0.000031
    0.259298    0.035274    0.997787   -0.000069   -1.008498    0.031595   -0.000030
    0.270103    0.024376    0.998070   -0.000069   -1.008822    0.020761   -0.000030
    0.280907    0.013475    0.998235   -0.000069   -1.009028    0.009923   -0.000029
    0.291711    0.002573    0.998284   -0.000070   -1.009115   -0.000917   -0.000028
    0.302515   -0.008329    0.998215   -0.000070   -1.009084   -0.011759   -0.000027
    0.313319   -0.019231    0.998030   -0.000070   -1.008934   -0.022600   -0.000027
    0.324123   -0.030130    0.997727   -0.000071   -1.008666   -0.033440   -0.000026
    0.334927   -0.041026    0.997307   -0.000071   -1.008279   -0.044277   -0.000025
    0.345731   -0.051917    0.996770   -0.000071   -1.007774   -0.055110   -0.000024
    0.356535   -0.062802    0.996117   -0.000071   -1.007151   -0.065937   -0.000024
    0.367339   -0.073679    0.995346   -0.000072   -1.006410   -0.076757   -0.000023
    0.378144   -0.084548    0.994458   -0.000072   -1.005550   -0.087569   -0.000022
    0.388948   -0.095407    0.993453   -0.000072   -1.004572   -0.098371   -0.000021
    0.399752   -0.106255    0.992332   -0.000072   -1.003476   -0.109163   -0.000020
    0.410556   -0.117090    0.991095   -0.000073   -1.002262   -0.119942   -0.000020
    0.421360   -0.127911    0.989741   -0.000073   -1.000931   -0.130708   -0.000019
    0.432164   -0.138718    0.988270   -0.000073   -0.999481   -0.141459   -0.000018
    0.442968   -0.149508    0.986684   -0.000073   -0.997915   -0.152194   -0.000017
    0.453772   -0.160280    0.984982   -0.000073   -0.996231   -0.162911   -0.000016
    0.464576   -0.171034    0.983164   -0.000074   -0.994430   -0.173609   -0.000016
    0.475380   -0.181768    0.981231   -0.000074   -0.992512   -0.184287   -0.000015
    0.486185   -0.192480    0.979182   -0.000074   -0.990478   -0.194944   -0.000014
    0.496989   -0.203170    0.977018   -0.000074   -0.988327   -0.205578   -0.000013
    0.507793   -0.213836    0.974740   -0.000074   -0.986060   -0.216188   -0.000012
    0.518597   -0.224476    0.972347   -0.000074   -0.983678   -0.226772   -0.000012
    0.529401   -0.235091    0.969840   -0.000074   -0.981180   -0.237329   -0.000011
    0.540205   -0.245678    0.967219   -0.000075   -0.978566   -0.247859   -0.000010
    0.551009   -0.256235    0.964484   -0.000075   -0.975838   -0.258359   -0.000009
    0.561813   -0.266763    0.961636   -0.000075   -0.972995   -0.268828   -0.000008
    0.572617   -0.277260    0.958675   -0.000075   -0.970038   -0.279266   -0.000008
    0.583421   -0.287724    0.955602   -0.000075   -0.966967   -0.289670   -0.000007
    0.594226   -0.298154    0.952416   -0.000075   -0.963783   -0.300040   -0.000006
    0.605030   -0.308549    0.949119   -0.000075   -0.960486   -0.310374   -0.000005
    0.615834   -0.318908    0.945710   -0.000075   -0.957076   -0.320671   -0.000004
    0.626638   -0.329229    0.942190   -0.000075   -0.953554   -0.330930   -0.000004
    0.637442   -0.339512    0.938559   -0.000075   -0.949921   -0.341149   -0.000003
    0.648246   -0.349755    0.934818   -0.000075   -0.946176   -0.351327   -0.000002
    0.659050   -0.359957    0.930968   -0.000075   -0.942320   -0.361464   -0.000001
    0.669854   -0.370116    0.927008   -0.000075   -0.938354   -0.371557   -0.000000
    0.680658   -0.380232    0.922939   -0.000075   -0.934279   -0.381605    0.000001
    0.691462   -0.390304    0.918762   -0.000075   -0.930094   -0.391608    0.000001
    0.702267   -0.400330    0.914477   -0.000075   -0.925800   -0.401563    0.000002
    0.713071   -0.410308    0.910085   -0.000075   -0.921398   -0.411471    0.000003
    0.723875   -0.420239    0.905586   -0.000075   -0.916889   -0.421329    0.000004
    0.734679   -0.430120    0.900981   -0.000075   -0.912273   -0.431136    0.000005
    0.745483   -0.439951    0.896270   -0.000075   -0.907550   -0.440892    0.000005
    0.756287   -0.449731    0.891455   -0.000075   -0.902721   -0.450594    0.000006
    0.767091   -0.459457    0.886534   -0.000075   -0.897787   -0.460242    0.000007
    0.777895   -0.469130    0.881510   -0.000075   -0.892749   -0.469835    0.000008
    0.788699   -0.478747    0.876382   -0.000075   -0.887607   -0.479372    0.000009
    0.799503   -0.488309    0.871152   -0.000075   -0.882362   -0.488851    0.000009
    0.810308   -0.497813    0.865819   -0.000074   -0.877014   -0.498270    0.000010
    0.821112   -0.507259    0.860385   -0.000074   -0.871564   -0.507630    0.000011
    0.831916   -0.516646    0.854850   -0.000074   -0.866013   -0.516929    0.000012
    0.842720   -0.525972    0.849215   -0.000074   -0.860362   -0.526166    0.000013
    0.853524   -0.535236    0.843481   -0.000074   -0.854611   -0.535339    0.000014
    0.864328   -0.544438    0.837648   -0.000074   -0.848761   -0.544448    0.000014
    0.875132   -0.553576    0.831717   -0.000074   -0.842812   -0.553492    0.000015
    0.885936   -0.562649    0.825688   -0.000073   -0.836767   -0.562468    0.000016
    0.896740   -0.571657    0.819563   -0.000073   -0.830624   -0.571378    0.000017
    0.907544   -0.580597    0.813342   -0.000073   -0.824386   -0.580218    0.000017
    0.918349   -0.589470    0.807026   -0.000073   -0.818053   -0.588989    0.000018
    0.929153   -0.598274    0.800615   -0.000073   -0.811625   -0.597688    0.000019
    0.939957   -0.607007    0.794111   -0.000073   -0.805104   -0.606316    0.000020
    0.950761   -0.615670    0.787514   -0.000072   -0.798491   -0.614871    0.000021
    0.961565   -0.624261    0.780825   -0.000072   -0.791786   -0.623352    0.000021
    0.972369   -0.632779    0.774045   -0.000072   -0.784990   -0.631759    0.000022
    0.983173   -0.641223    0.767174   -0.000072   -0.778104   -0.640089    0.000023
    0.993977   -0.649592    0.760214   -0.000071   -0.771129   -0.648342    0.000024
    1.004781   -0.657885    0.753165   -0.000071   -0.764065   -0.656518    0.000025
    1.015585   -0.666102    0.746028   -0.000071   -0.756915   -0.664615    0.000025
    1.026390   -0.674241    0.738804   -0.000071   -0.749678   -0.672632    0.000026
    1.037194   -0.682301    0.731494   -0.000070   -0.742355   -0.680568    0.000027
    1.047998   -0.690281    0.724099   -0.000070   -0.734948   -0.688423    0.000028
    1.058802   -0.698181    0.716619   -0.000070   -0.727458   -0.696196    0.000028
    1.069606   -0.706000    0.709055   -0.000069   -0.719885   -0.703885    0.000029
    1.069606   -0.705834    0.708691   -0.000069   -0.719494   -0.704214    0.000016
    1.080410   -0.713566    0.701042   -0.000069   -0.711832   -0.711823    0.000017
    1.091214   -0.721215    0.693310   -0.000069   -0.704090   -0.719347    0.000018
    1.102018   -0.728780    0.685498   -0.000069   -0.696268   -0.726785    0.000019
    1.112822   -0.736260    0.677606   -0.000069   -0.688367   -0.734136    0.000019
    1.123626   -0.743654    0.669635   -0.000068   -0.680388   -0.741400    0.000020
    1.134431   -0.750961    0.661586   -0.000068   -0.672333   -0.748575    0.000021
    1.145235   -0.758181    0.653460   -0.000068   -0.664201   -0.755660    0.000022
    1.156039   -0.765313    0.645258   -0.000068   -0.655995   -0.762655    0.000022
    1.166843   -0.772356    0.636981   -0.000067   -0.647716   -0.769560    0.000023
    1.177647   -0.779309    0.628629   -0.000067   -0.639363   -0.776372    0.000024
    1.188451   -0.786171    0.620205   -0.000067   -0.630940   -0.783092    0.000024
    1.199255   -0.792942    0.611709   -0.000067   -0.622445   -0.789719    0.000025
    1.210059   -0.799621    0.603141   -0.000066   -0.613881   -0.796252    0.000026
    1.220863   -0.806207    0.594503   -0.000066   -0.605249   -0.802690    0.000027
    1.231667   -0.812699    0.585797   -0.000066   -0.596550   -0.809032    0.000027
    1.242472   -0.819097    0.577022   -0.000066   -0.587784   -0.815279    0.000028
    1.253276   -0.825400    0.568180   -0.000065   -0.578953   -0.821428    0.000029
    1.264080   -0.831607    0.559273   -0.000065   -0.570058   -0.827481    0.000029
    1.274884   -0.837717    0.550300   -0.000065   -0.561101   -0.833435    0.000030
    1.285688   -0.843731    0.541264   -0.000064   -0.552081   -0.839290    0.000031
    1.296492   -0.849647    0.532165   -0.000064   -0.543001   -0.845046    0.000031
    1.307296   -0.855464    0.523004   -0.000064   -0.533862   -0.850701    0.000032
    1.318100   -0.861182    0.513783   -0.000063   -0.524664   -0.856256    0.000033
    1.328904   -0.866801    0.504503   -0.000063   -0.515409   -0.861710    0.000034
    1.339708   -0.872319    0.495164   -0.000063   -0.506098   -0.867062    0.000034
    1.350513   -0.877737    0.485767   -0.000062   -0.496732   -0.872312    0.000035
    1.361317   -0.883052    0.476315   -0.000062   -0.487313   -0.877459    0.000036
    1.372121   -0.888266    0.466807   -0.000061   -0.477840   -0.882502    0.000036
    1.382925   -0.893378    0.457246   -0.000061   -0.468317   -0.887442    0.000037
    1.393729   -0.898386    0.447632   -0.000061   -0.458743   -0.892277    0.000037
    1.404533   -0.903290    0.437966   -0.000060   -0.449120   -0.897007    0.000038
    1.415337   -0.908090    0.428249   -0.000060   -0.439450   -0.901631    0.000039
    1.426141   -0.912786    0.418484   -0.000059   -0.429732   -0.906150    0.000039
    1.436945   -0.917376    0.408670   -0.000059   -0.419970   -0.910562    0.000040
    1.447750   -0.921860    0.398808   -0.000058   -0.410163   -0.914868    0.000041
    1.458554   -0.926238    0.388901   -0.000058   -0.400312   -0.919066    0.000041
    1.469358   -0.930510    0.378949   -0.000058   -0.390421   -0.923157    0.000042
    1.480162   -0.934675    0.368954   -0.000057   -0.380488   -0.927140    0.000043
    1.490966   -0.938732    0.358916   -0.000057   -0.370516   -0.931014    0.000043
    1.501770   -0.942681    0.348837   -0.000056   -0.360506   -0.934780    0.000044
    1.512574   -0.946521    0.338717   -0.000056   -0.350458   -0.938437    0.000044
    1.523378   -0.950253    0.328559   -0.000055   -0.340375   -0.941984    0.000045
    1.534182   -0.953876    0.318363   -0.000055   -0.330258   -0.945421    0.000045
    1.544986   -0.957389    0.308131   -0.000054   -0.320107   -0.948749    0.000046
    1.555791   -0.960793    0.297863   -0.000054   -0.309924   -0.951966    0.000047
    1.566595   -0.964086    0.287561   -0.000053   -0.299710   -0.955072    0.000047
    1.577399   -0.967269    0.277226   -0.000053   -0.289466   -0.958068    0.000048
    1.588203   -0.970341    0.266859   -0.000052   -0.279194   -0.960952    0.000048
    1.599007   -0.973302    0.256462   -0.000052   -0.268895   -0.963725    0.000049
    1.609811   -0.976151    0.246035   -0.000051   -0.258569   -0.966387    0.000049
    1.620615   -0.978889    0.235580   -0.000051   -0.248219   -0.968936    0.000050
    1.631419   -0.981515    0.225099   -0.000050   -0.237846   -0.971374    0.000050
    1.642223   -0.984028    0.214591   -0.000050   -0.227450   -0.973700    0.000051
    1.653027   -0.986429    0.204059   -0.000049   -0.217033   -0.975913    0.000052
    1.663832   -0.988718    0.193504   -0.000048   -0.206596   -0.978013    0.000052
    1.674636   -0.990893    0.182927   -0.000048   -0.196141   -0.980002    0.000053
    1.685440   -0.992956    0.172328   -0.000047   -0.185668   -0.981877    0.000053
    1.696244   -0.994905    0.161710   -0.000047   -0.175180   -0.983639    0.000054
    1.707048   -0.996741    0.151074   -0.000046   -0.164676   -0.985289    0.000054
    1.717852   -0.998464    0.140420   -0.000046   -0.154159   -0.986826    0.000055
    1.728656   -1.000072    0.129751   -0.000045   -0.143629   -0.988249    0.000055
    1.739460   -1.001567    0.119067   -0.000044   -0.133088   -0.989559    0.000055
    1.750264   -1.002948    0.108369   -0.000044   -0.122538   -0.990756    0.000056
    1.761068   -1.004215    0.097658   -0.000043   -0.111978   -0.991840    0.000056
    1.771873   -1.005368    0.086937   -0.000043   -0.101411   -0.992811    0.000057
    1.782677   -1.006406    0.076206   -0.000042   -0.090838   -0.993668    0.000057
    1.793481   -1.007331    0.065466   -0.000041   -0.080260   -0.994413    0.000058
    1.804285   -1.008141    0.054719   -0.000041   -0.069678   -0.995044    0.000058
    1.815089   -1.008836    0.043965   -0.000040   -0.059093   -0.995562    0.000059
    1.825893   -1.009417    0.033207   -0.000039   -0.048507   -0.995966    0.000059
    1.836697   -1.009884    0.022445   -0.000039   -0.037921   -0.996258    0.000059
    1.847501   -1.010237    0.011680   -0.000038   -0.027336   -0.996437    0.000060
    1.858305   -1.010475    0.000914   -0.000037   -0.016753   -0.996503    0.000060
    1.869109   -1.010599   -0.009852   -0.000037   -0.006174   -0.996456    0.000061
    1.879914   -1.010608   -0.020617   -0.000036    0.004401   -0.996297    0.000061
    1.890718   -1.010504   -0.031380   -0.000035    0.014969   -0.996025    0.000061
    1.901522   -1.010285   -0.042139   -0.000035    0.025531   -0.995641    0.000062
    1.912326   -1.009952   -0.052893   -0.000034    0.036084   -0.995144    0.000062
    1.923130   -1.009505   -0.063642   -0.000033    0.046628   -0.994536    0.000062
    1.933934   -1.008945   -0.074383   -0.000033    0.057161   -0.993815    0.000063
    1.944738   -1.008270   -0.085116   -0.000032    0.067683   -0.992983    0.000063
    1.955542   -1.007482   -0.095839   -0.000031    0.078191   -0.992040    0.000063
    1.966346   -1.006581   -0.106552   -0.000031    0.088685   -0.990986    0.000064
    1.977150   -1.005566   -0.117252   -0.000030    0.099164   -0.989820    0.000064
    1.987955   -1.004438   -0.127940   -0.000029    0.109626   -0.988544    0.000064
    1.998759   -1.003197   -0.138613   -0.000029    0.120070   -0.987157    0.000065
    2.009563   -1.001844   -0.149270   -0.000028    0.130495   -0.985660    0.000065
    2.020367   -1.000377   -0.159911   -0.000027    0.140901   -0.984054    0.000065
    2.031171   -0.998799   -0.170533   -0.000027    0.151285   -0.982337    0.000066
    2.041975   -0.997109   -0.181137   -0.000026    0.161647   -0.980511    0.000066
    2.052779   -0.995306   -0.191720   -0.000025    0.171985   -0.978577    0.000066
    2.063583   -0.993392   -0.202282   -0.000024    0.182299   -0.976533    0.000066
    2.074387   -0.991367   -0.212821   -0.000024    0.192587   -0.974382    0.000067
    2.085191   -0.989231   -0.223336   -0.000023    0.202848   -0.972122    0.000067
    2.095996   -0.986984   -0.233826   -0.000022    0.213081   -0.969755    0.000067
    2.106800   -0.984627   -0.244290   -0.000022    0.223285   -0.967280    0.000067
    2.117604   -0.982159   -0.254727   -0.000021    0.233459   -0.964699    0.000068
    2.128408   -0.979582   -0.265135   -0.000020    0.243601   -0.962011    0.000068
    2.139212   -0.976896   -0.275514   -0.000019    0.253711   -0.959218    0.000068
    2.139212   -0.976881   -0.275508   -0.000019    0.253823   -0.959174    0.000082
    2.150016   -0.974084   -0.285856   -0.000018    0.263900   -0.956274    0.000082
    2.160820   -0.971178   -0.296171   -0.000018    0.273942   -0.953270    0.000082
    2.171624   -0.968165   -0.306454   -0.000017    0.283948   -0.950160    0.000083
    2.182428   -0.965043   -0.316702   -0.000016    0.293918   -0.946947    0.000083
    2.193232   -0.961814   -0.326915   -0.000015    0.303850   -0.943629    0.000083
    2.204037   -0.958477   -0.337092   -0.000014    0.313742   -0.940208    0.000083
    2.214841   -0.955034   -0.347231   -0.000013    0.323595   -0.936685    0.000083
    2.225645   -0.951485   -0.357332   -0.000012    0.333407   -0.933058    0.000083
    2.236449   -0.947830   -0.367392   -0.000011    0.343177   -0.929331    0.000083
    2.247253   -0.944070   -0.377412   -0.000010    0.352904   -0.925501    0.000084
    2.258057   -0.940205   -0.387390   -0.000010    0.362587   -0.921571    0.000084
    2.268861   -0.936235   -0.397326   -0.000009    0.372225   -0.917541    0.000084
    2.279665   -0.932162   -0.407216   -0.000008    0.381816   -0.913411    0.000084
    2.290469   -0.927985   -0.417062   -0.000007    0.391361   -0.909181    0.000084
    2.301273   -0.923705   -0.426862   -0.000006    0.400857   -0.904853    0.000084
    2.312078   -0.919323   -0.436614   -0.000005    0.410304   -0.900427    0.000084
    2.322882   -0.914840   -0.446318   -0.000004    0.419701   -0.895904    0.000084
    2.333686   -0.910255   -0.455973   -0.000003    0.429047   -0.891283    0.000084
    2.344490   -0.905569   -0.465577   -0.000002    0.438340   -0.886567    0.000084
    2.355294   -0.900783   -0.475129   -0.000001    0.447581   -0.881754    0.000084
    2.366098   -0.895898   -0.484630   -0.000000    0.456768   -0.876847    0.000084
    2.376902   -0.890913   -0.494076    0.000000    0.465900   -0.871845    0.000084
    2.387706   -0.885831   -0.503468    0.000001    0.474975   -0.866750    0.000084
    2.398510   -0.880650   -0.512805    0.000002    0.483994   -0.861561    0.000084
    2.409314   -0.875373   -0.522085    0.000003    0.492956   -0.856280    0.000084
    2.420119   -0.869999   -0.531307    0.000004    0.501858   -0.850907    0.000084
    2.430923   -0.864529   -0.540471    0.000005    0.510701   -0.845442    0.000084
    2.441727   -0.858963   -0.549575    0.000006    0.519484   -0.839888    0.000084
    2.452531   -0.853304   -0.558619    0.000007    0.528205   -0.834243    0.000084
    2.463335   -0.847550   -0.567601    0.000008    0.536864   -0.828510    0.000084
    2.474139   -0.841703   -0.576521    0.000009    0.545460   -0.822688    0.000084
    2.484943   -0.835764   -0.585378    0.000010    0.553991   -0.816779    0.000084
    2.495747   -0.829733   -0.594170    0.000010    0.562458   -0.810782    0.000084
    2.506551   -0.823610   -0.602897    0.000011    0.570859   -0.804699    0.000083
    2.517355   -0.817398   -0.611558    0.000012    0.579194   -0.798531    0.000083
    2.528160   -0.811095   -0.620152    0.000013    0.587461   -0.792278    0.000083
    2.538964   -0.804704   -0.628677    0.000014    0.595660   -0.785942    0.000083
    2.549768   -0.798224   -0.637134    0.000015    0.603790   -0.779522    0.000083
    2.560572   -0.791657   -0.645521    0.000016    0.611850   -0.773019    0.000083
    2.571376   -0.785004   -0.653837    0.000017    0.619839   -0.766435    0.000083
    2.582180   -0.778264   -0.662082    0.000018    0.627757   -0.759770    0.000082
    2.592984   -0.771439   -0.670254    0.000019    0.635603   -0.753024    0.000082
    2.603788   -0.764530   -0.678353    0.000019    0.643376   -0.746200    0.000082
    2.614592   -0.757537   -0.686378    0.000020    0.651075   -0.739297    0.000082
    2.625396   -0.750462   -0.694328    0.000021    0.658699   -0.732316    0.000082
    2.636201   -0.743304   -0.702202    0.000022    0.666248   -0.725258    0.000081
    2.647005   -0.736066   -0.709999    0.000023    0.673722   -0.718124    0.000081
    2.657809   -0.728747   -0.717719    0.000024    0.681118   -0.710915    0.000081
    2.668613   -0.721348   -0.725361    0.000025    0.688437   -0.703632    0.000081
    2.679417   -0.713871   -0.732923    0.000026    0.695678   -0.696274    0.000080
    2.690221   -0.706316   -0.740406    0.000026    0.702840   -0.688845    0.000080
    2.701025   -0.698684   -0.747807    0.000027    0.709922   -0.681343    0.000080
    2.711829   -0.690976   -0.755128    0.000028    0.716924   -0.673770    0.000080
    2.722633   -0.683193   -0.762366    0.000029    0.723845   -0.666127    0.000079
    2.733437   -0.675336   -0.769521    0.000030    0.730685   -0.658415    0.000079
    2.744242   -0.667405   -0.776593    0.000031    0.737442   -0.650634    0.000079
    2.755046   -0.659401   -0.783580    0.000032    0.744117   -0.642785    0.000078
    2.765850   -0.651326   -0.790482    0.000032    0.750707   -0.634870    0.000078
    2.776654   -0.643180   -0.797298    0.000033    0.757214   -0.626890    0.000078
    2.787458   -0.634964   -0.804028    0.000034    0.763636   -0.618844    0.000077
    2.798262   -0.626679   -0.810670    0.000035    0.769973   -0.610734    0.000077
    2.809066   -0.618327   -0.817225    0.000036    0.776223   -0.602561    0.000077
    2.819870   -0.609907   -0.823690    0.000037    0.782387   -0.594326    0.000076
    2.830674   -0.601421   -0.830067    0.000037    0.788464   -0.586030    0.000076
    2.841478   -0.592870   -0.836353    0.000038    0.794453   -0.577673    0.000076
    2.852283   -0.584255   -0.842549    0.000039    0.800354   -0.569257    0.000075
    2.863087   -0.575576   -0.848654    0.000040    0.806166   -0.560782    0.000075
    2.873891   -0.566835   -0.854666    0.000041    0.811889   -0.552250    0.000074
    2.884695   -0.558033   -0.860586    0.000041    0.817521   -0.543661    0.000074
    2.895499   -0.549170   -0.866414    0.000042    0.823063   -0.535016    0.000074
    2.906303   -0.540248   -0.872147    0.000043    0.828515   -0.526317    0.000073
    2.917107   -0.531268   -0.877786    0.000044    0.833874   -0.517564    0.000073
    2.927911   -0.522230   -0.883330    0.000045    0.839142   -0.508758    0.000072
    2.938715   -0.513136   -0.888779    0.000045    0.844318   -0.499900    0.000072
    2.949520   -0.503986   -0.894132    0.000046    0.849400   -0.490991    0.000071
    2.960324   -0.494782   -0.899389    0.000047    0.854389   -0.482031    0.000071
    2.971128   -0.485525   -0.904548    0.000048    0.859284   -0.473023    0.000070
    2.981932   -0.476215   -0.909610    0.000048    0.864085   -0.463967    0.000070
    2.992736   -0.466854   -0.914573    0.000049    0.868791   -0.454864    0.000069
    3.003540   -0.457442   -0.919438    0.000050    0.873402   -0.445715    0.000069
    3.014344   -0.447982   -0.924204    0.000051    0.877918   -0.436520    0.000068
    3.025148   -0.438473   -0.928870    0.000051    0.882337   -0.427282    0.000068
    3.035952   -0.428916   -0.933437    0.000052    0.886661   -0.418000    0.000067
    3.046756   -0.419314   -0.937903    0.000053    0.890887   -0.408676    0.000067
    3.057561   -0.409666   -0.942267    0.000054    0.895016   -0.399311    0.000066
    3.068365   -0.399974   -0.946531    0.000054    0.899048   -0.389905    0.000066
    3.079169   -0.390240   -0.950692    0.000055    0.902981   -0.380461    0.000065
    3.089973   -0.380463   -0.954752    0.000056    0.906817   -0.370978    0.000065
    3.100777   -0.370645   -0.958708    0.000056    0.910554   -0.361458    0.000064
    3.111581   -0.360788   -0.962562    0.000057    0.914192   -0.351902    0.000064
    3.122385   -0.350892   -0.966312    0.000058    0.917731   -0.342310    0.000063
    3.133189   -0.340958   -0.969959    0.000058    0.921170   -0.332685    0.000062
    3.143993   -0.330987   -0.973501    0.000059    0.924510   -0.323026    0.000062
    3.154797   -0.320981   -0.976938    0.000060    0.927749   -0.313335    0.000061
    3.165602   -0.310941   -0.980271    0.000060    0.930888   -0.303613    0.000061
    3.176406   -0.300867   -0.983499    0.000061    0.933927   -0.293860    0.000060
    3.187210   -0.290760   -0.986621    0.000062    0.936864   -0.284079    0.000060
    3.198014   -0.280623   -0.989637    0.000062    0.939700   -0.274269    0.000059
    3.208818   -0.270456   -0.992547    0.000063    0.942435   -0.264433    0.000058
    3.208818   -0.270444   -0.992548    0.000063    0.942489   -0.264534    0.000083
    3.219622   -0.260247   -0.995353    0.000064    0.945122   -0.254671    0.000083
    3.230426   -0.250022   -0.998051    0.000065    0.947653   -0.244783    0.000082
    3.241230   -0.239771   -1.000642    0.000066    0.950082   -0.234871    0.000082
    3.252034   -0.229493   -1.003126    0.000067    0.952409   -0.224937    0.000081
    3.262838   -0.219191   -1.005503    0.000067    0.954633   -0.214980    0.000080
    3.273643   -0.208866   -1.007771    0.000068    0.956754   -0.205002    0.000080
    3.284447   -0.198518   -1.009932    0.000069    0.958773   -0.195005    0.000079
    3.295251   -0.188149   -1.011985    0.000070    0.960688   -0.184988    0.000078
    3.306055   -0.177759   -1.013929    0.000071    0.962501   -0.174954    0.000078
    3.316859   -0.167351   -1.015765    0.000072    0.964210   -0.164903    0.000077
    3.327663   -0.156925   -1.017493    0.000073    0.965815   -0.154837    0.000076
    3.338467   -0.146482   -1.019111    0.000073    0.967317   -0.144755    0.000075
    3.349271   -0.136023   -1.020620    0.000074    0.968715   -0.134660    0.000075
    3.360075   -0.125550   -1.022021    0.000075    0.970010   -0.124552    0.000074
    3.370879   -0.115063   -1.023312    0.000076    0.971200   -0.114433    0.000073
    3.381684   -0.104565   -1.024493    0.000077    0.972287   -0.104303    0.000072
    3.392488   -0.094054   -1.025566    0.000077    0.973269   -0.094163    0.000072
    3.403292   -0.083534   -1.026528    0.000078    0.974147   -0.084015    0.000071
    3.414096   -0.073005   -1.027381    0.000079    0.974921   -0.073860    0.000070
    3.424900   -0.062468   -1.028124    0.000080    0.975591   -0.063698    0.000069
    3.435704   -0.051925   -1.028757    0.000080    0.976156   -0.053531    0.000069
    3.446508   -0.041376   -1.029281    0.000081    0.976617   -0.043359    0.000068
    3.457312   -0.030822   -1.029694    0.000082    0.976974   -0.033184    0.000067
    3.468116   -0.020265   -1.029998    0.000083    0.977227   -0.023007    0.000066
    3.478920   -0.009707   -1.030191    0.000083    0.977375   -0.012828    0.000065
    3.489725    0.000853   -1.030275    0.000084    0.977419   -0.002650    0.000064
    3.500529    0.011413   -1.030249    0.000085    0.977358    0.007528    0.000064
    3.511333    0.021972   -1.030112    0.000085    0.977193    0.017704    0.000063
    3.522137    0.032528   -1.029866    0.000086    0.976924    0.027877    0.000062
    3.532941    0.043081   -1.029510    0.000087    0.976551    0.038046    0.000061
    3.543745    0.053629   -1.029044    0.000087    0.976073    0.048211    0.000060
    3.554549    0.064172   -1.028468    0.000088    0.975491    0.058369    0.000059
    3.565353    0.074708   -1.027783    0.000089    0.974806    0.068520    0.000058
    3.576157    0.085235   -1.026988    0.000089    0.974016    0.078663    0.000058
    3.586961    0.095754   -1.026083    0.000090    0.973123    0.088797    0.000057
    3.597766    0.106263   -1.025069    0.000090    0.972126    0.098921    0.000056
    3.608570    0.116760   -1.023946    0.000091    0.971025    0.109034    0.000055
    3.619374    0.127244   -1.022713    0.000092    0.969821    0.119135    0.000054
    3.630178    0.137715   -1.021371    0.000092    0.968513    0.129222    0.000053
    3.640982    0.148172   -1.019921    0.000093    0.967103    0.139296    0.000052
    3.651786    0.158612   -1.018361    0.000093    0.965589    0.149354    0.000051
    3.662590    0.169036   -1.016694    0.000094    0.963972    0.159395    0.000050
    3.673394    0.179442   -1.014917    0.000094    0.962252    0.169420    0.000049
    3.684198    0.189828   -1.013033    0.000095    0.960430    0.179426    0.000049
    3.695002    0.200194   -1.011040    0.000096    0.958506    0.189413    0.000048
    3.705807    0.210539   -1.008940    0.000096    0.956479    0.199380    0.000047
    3.716611    0.220862   -1.006732    0.000097    0.954351    0.209325    0.000046
    3.727415    0.231161   -1.004417    0.000097    0.952121    0.219248    0.000045
    3.738219    0.241435   -1.001995    0.000097    0.949789    0.229148    0.000044
    3.749023    0.251684   -0.999466    0.000098    0.947356    0.239023    0.000043
    3.759827    0.261905   -0.996830    0.000098    0.944822    0.248873    0.000042
    3.770631    0.272099   -0.994088    0.000099    0.942187    0.258697    0.000041
    3.781435    0.282264   -0.991240    0.000099    0.939451    0.268493    0.000040
    3.792239    0.292399   -0.988286    0.000100    0.936616    0.278261    0.000039
    3.803043    0.302502   -0.985227    0.000100    0.933680    0.287999    0.000038
    3.813848    0.312573   -0.982063    0.000101    0.930645    0.297708    0.000037
    3.824652    0.322611   -0.978795    0.000101    0.927510    0.307385    0.000036
    3.835456    0.332615   -0.975421    0.000101    0.924276    0.317029    0.000035
    3.846260    0.342583   -0.971944    0.000102    0.920944    0.326641    0.000034
    3.857064    0.352515   -0.968363    0.000102    0.917513    0.336218    0.000033
    3.867868    0.362408   -0.964679    0.000102    0.913984    0.345760    0.000032
    3.878672    0.372264   -0.960892    0.000103    0.910357    0.355266    0.000031
    3.889476    0.382079   -0.957003    0.000103    0.906633    0.364734    0.000030
    3.900280    0.391854   -0.953011    0.000103    0.902812    0.374164    0.000029
    3.911084    0.401587   -0.948918    0.000104    0.898894    0.383556    0.000028
    3.921889    0.411277   -0.944723    0.000104    0.894880    0.392907    0.000027
    3.932693    0.420923   -0.940428    0.000104    0.890770    0.402217    0.000026
    3.943497    0.430525   -0.936032    0.000105    0.886564    0.411485    0.000025
    3.954301    0.440080   -0.931537    0.000105    0.882264    0.420710    0.000024
    3.965105    0.449589   -0.926942    0.000105    0.877869    0.429892    0.000023
    3.975909    0.459049   -0.922248    0.000105    0.873379    0.439028    0.000022
    3.986713    0.468460   -0.917455    0.000106    0.868796    0.448119    0.000021
    3.997517    0.477822   -0.912565    0.000106    0.864120    0.457163    0.000020
    4.008321    0.487132   -0.907577    0.000106    0.859350    0.466160    0.000019
    4.019125    0.496390   -0.902492    0.000106    0.854488    0.475107    0.000017
    4.029930    0.505596   -0.897311    0.000106    0.849534    0.484006    0.000016
    4.040734    0.514747   -0.892034    0.000106    0.844489    0.492854    0.000015
    4.051538    0.523843   -0.886661    0.000107    0.839352    0.501650    0.000014
    4.062342    0.532884   -0.881194    0.000107    0.834126    0.510395    0.000013
    4.073146    0.541867   -0.875633    0.000107    0.828809    0.519086    0.000012
    4.083950    0.550792   -0.869978    0.000107    0.823402    0.527723    0.000011
    4.094754    0.559659   -0.864230    0.000107    0.817907    0.536305    0.000010
    4.105558    0.568466   -0.858390    0.000107    0.812323    0.544832    0.000009
    4.116362    0.577211   -0.852457    0.000107    0.806651    0.553301    0.000008
    4.127166    0.585896   -0.846434    0.000107    0.800892    0.561713    0.000007
    4.137971    0.594517   -0.840320    0.000108    0.795046    0.570067    0.000006
    4.148775    0.603075   -0.834116    0.000108    0.789114    0.578361    0.000005
    4.159579    0.611568   -0.827823    0.000108    0.783097    0.586595    0.000004
    4.170383    0.619996   -0.821441    0.000108    0.776994    0.594767    0.000003
    4.181187    0.628357   -0.814971    0.000108    0.770806    0.602878    0.000002
    4.191991    0.636651   -0.808414    0.000108    0.764535    0.610926    0.000000
    4.202795    0.644877   -0.801770    0.000108    0.758181    0.618910   -0.000001
    4.213599    0.653034   -0.795041    0.000108    0.751743    0.626830   -0.000002
    4.224403    0.661121   -0.788226    0.000108    0.745224    0.634684   -0.000003
    4.235207    0.669136   -0.781327    0.000108    0.738624    0.642472   -0.000004
    4.246012    0.677081   -0.774344    0.000108    0.731942    0.650193   -0.000005
    4.256816    0.684952   -0.767277    0.000108    0.725181    0.657846   -0.000006
    4.267620    0.692750   -0.760129    0.000107    0.718340    0.665430   -0.000007
    4.278424    0.700474   -0.752899    0.000107    0.711420    0.672945   -0.000008
    4.278424    0.700482   -0.752903    0.000107    0.711309    0.672931   -0.000051
    4.289228    0.708130   -0.745593    0.000107    0.704311    0.680375   -0.000052
    4.300032    0.715701   -0.738202    0.000106    0.697236    0.687749   -0.000053
    4.310836    0.723195   -0.730732    0.000106    0.690084    0.695050   -0.000055
    4.321640    0.730612   -0.723183    0.000105    0.682856    0.702279   -0.000056
    4.332444    0.737950   -0.715557    0.000104    0.675552    0.709434   -0.000057
    4.343249    0.745209   -0.707854    0.000104    0.668174    0.716515   -0.000058
    4.354053    0.752388   -0.700075    0.000103    0.660722    0.723521   -0.000059
    4.364857    0.759486   -0.692220    0.000103    0.653196    0.730451   -0.000060
    4.375661    0.766502   -0.684291    0.000102    0.645599    0.737305   -0.000061
    4.386465    0.773436   -0.676289    0.000101    0.637929    0.744081   -0.000062
    4.397269    0.780286   -0.668213    0.000101    0.630189    0.750779   -0.000063
    4.408073    0.787053   -0.660066    0.000100    0.622378    0.757398   -0.000064
    4.418877    0.793735   -0.651848    0.000099    0.614498    0.763938   -0.000065
    4.429681    0.800331   -0.643559    0.000099    0.606549    0.770398   -0.000066
    4.440485    0.806841   -0.635201    0.000098    0.598532    0.776777   -0.000067
    4.451290    0.813264   -0.626775    0.000097    0.590448    0.783074   -0.000068
    4.462094    0.819599   -0.618281    0.000096    0.582298    0.789288   -0.000069
    4.472898    0.825846   -0.609720    0.000096    0.574082    0.795420   -0.000070
    4.483702    0.832004   -0.601093    0.000095    0.565801    0.801467   -0.000071
    4.494506    0.838072   -0.592402    0.000094    0.557457    0.807430   -0.000072
    4.505310    0.844049   -0.583646    0.000093    0.549050    0.813309   -0.000072
    4.516114    0.849936   -0.574828    0.000093    0.540580    0.819101   -0.000073
    4.526918    0.855730   -0.565947    0.000092    0.532049    0.824806   -0.000074
    4.537722    0.861432   -0.557006    0.000091    0.523457    0.830425   -0.000075
    4.548526    0.867041   -0.548004    0.000090    0.514806    0.835956   -0.000076
    4.559331    0.872556   -0.538943    0.000089    0.506096    0.841398   -0.000077
    4.570135    0.877976   -0.529823    0.000088    0.497328    0.846751   -0.000078
    4.580939    0.883302   -0.520646    0.000088    0.488503    0.852015   -0.000079
    4.591743    0.888532   -0.511413    0.000087    0.479621    0.857188   -0.000080
    4.602547    0.893665   -0.502124    0.000086    0.470684    0.862270   -0.000081
    4.613351    0.898702   -0.492781    0.000085    0.461693    0.867261   -0.000081
    4.624155    0.903642   -0.483385    0.000084    0.452649    0.872160   -0.000082
    4.634959    0.908483   -0.473936    0.000083    0.443551    0.876966   -0.000083
    4.645763    0.913226   -0.464435    0.000082    0.434403    0.881678   -0.000084
    4.656567    0.917869   -0.454884    0.000081    0.425203    0.886297   -0.000085
    4.667372    0.922413   -0.445284    0.000080    0.415953    0.890822   -0.000086
    4.678176    0.926857   -0.435636    0.000080    0.406655    0.895251   -0.000086
    4.688980    0.931200   -0.425940    0.000079    0.397309    0.899585   -0.000087
    4.699784    0.935442   -0.416198    0.000078    0.387915    0.903823   -0.000088
    4.710588    0.939582   -0.406410    0.000077    0.378476    0.907964   -0.000089
    4.721392    0.943620   -0.396579    0.000076    0.368991    0.912008   -0.000089
    4.732196    0.947555   -0.386704    0.000075    0.359462    0.915955   -0.000090
    4.743000    0.951387   -0.376787    0.000074    0.349890    0.919803   -0.000091
    4.753804    0.955116   -0.366829    0.000073    0.340276    0.923553   -0.000092
    4.764608    0.958740   -0.356831    0.000072    0.330621    0.927204   -0.000092
    4.775413    0.962260   -0.346794    0.000071    0.320926    0.930755   -0.000093
    4.786217    0.965675   -0.336719    0.000070    0.311191    0.934206   -0.000094
    4.797021    0.968984   -0.326608    0.000069    0.301418    0.937557   -0.000095
    4.807825    0.972187   -0.316461    0.000068    0.291608    0.940807   -0.000095
    4.818629    0.975285   -0.306279    0.000067    0.281762    0.943955   -0.000096
    4.829433    0.978276   -0.296064    0.000066    0.271880    0.947002   -0.000097
    4.840237    0.981160   -0.285816    0.000065    0.261965    0.949947   -0.000097
    4.851041    0.983936   -0.275538    0.000064    0.252016    0.952789   -0.000098
    4.861845    0.986605   -0.265229    0.000063    0.242035    0.955528   -0.000099
    4.872649    0.989166   -0.254891    0.000061    0.232024    0.958163   -0.000099
    4.883454    0.991619   -0.244525    0.000060    0.221982    0.960695   -0.000100
    4.894258    0.993963   -0.234132    0.000059    0.211911    0.963123   -0.000100
    4.905062    0.996198   -0.223714    0.000058    0.201812    0.965446   -0.000101
    4.915866    0.998323   -0.213271    0.000057    0.191687    0.967664   -0.000102
    4.926670    1.000339   -0.202805    0.000056    0.181536    0.969778   -0.000102
    4.937474    1.002246   -0.192316    0.000055    0.171360    0.971785   -0.000103
    4.948278    1.004042   -0.181807    0.000054    0.161160    0.973687   -0.000103
    4.959082    1.005728   -0.171277    0.000053    0.150938    0.975483   -0.000104
    4.969886    1.007304   -0.160729    0.000052    0.140695    0.977173   -0.000104
    4.980690    1.008768   -0.150162    0.000050    0.130431    0.978755   -0.000105
    4.991495    1.010122   -0.139580    0.000049    0.120148    0.980231   -0.000105
    5.002299    1.011364   -0.128982    0.000048    0.109846    0.981600   -0.000106
    5.013103    1.012495   -0.118370    0.000047    0.099528    0.982861   -0.000106
    5.023907    1.013515   -0.107744    0.000046    0.089193    0.984014   -0.000107
    5.034711    1.014423   -0.097107    0.000045    0.078844    0.985060   -0.000107
    5.045515    1.015219   -0.086459    0.000044    0.068481    0.985997   -0.000108
    5.056319    1.015902   -0.075802    0.000042    0.058105    0.986826   -0.000108
    5.067123    1.016474   -0.065136    0.000041    0.047718    0.987546   -0.000109
    5.077927    1.016933   -0.054463    0.000040    0.037320    0.988158   -0.000109
    5.088731    1.017280   -0.043784    0.000039    0.026913    0.988660   -0.000109
    5.099536    1.017515   -0.033100    0.000038    0.016498    0.989054   -0.000110
    5.110340    1.017637   -0.022413    0.000036    0.006076    0.989338   -0.000110
    5.121144    1.017646   -0.011723    0.000035   -0.004352    0.989513   -0.000111
    5.131948    1.017543   -0.001032    0.000034   -0.014785    0.989578   -0.000111
    5.142752    1.017327    0.009660    0.000033   -0.025221    0.989534   -0.000111
    5.153556    1.016998    0.020350    0.000032   -0.035660    0.989380   -0.000112
    5.164360    1.016556    0.031038    0.000030   -0.046100    0.989116   -0.000112
    5.175164    1.016002    0.041722    0.000029   -0.056540    0.988743   -0.000112
    5.185968    1.015334    0.052402    0.000028   -0.066980    0.988259   -0.000113
    5.196772    1.014554    0.063077    0.000027   -0.077417    0.987665   -0.000113
    5.207577    1.013662    0.073744    0.000026   -0.087851    0.986961   -0.000113
    5.218381    1.012656    0.084403    0.000024   -0.098280    0.986147   -0.000113
    5.229185    1.011538    0.095052    0.000023   -0.108704    0.985223   -0.000114
    5.239989    1.010307    0.105691    0.000022   -0.119122    0.984189   -0.000114
    5.250793    1.008964    0.116318    0.000021   -0.129531    0.983044   -0.000114
    5.261597    1.007508    0.126933    0.000019   -0.139931    0.981790   -0.000114
    5.272401    1.005940    0.137533    0.000018   -0.150321    0.980425   -0.000114
    5.283205    1.004260    0.148117    0.000017   -0.160699    0.978950   -0.000115
    5.294009    1.002468    0.158686    0.000016   -0.171065    0.977366   -0.000115
    5.304813    1.000564    0.169236    0.000014   -0.181417    0.975671   -0.000115
    5.315618    0.998548    0.179768    0.000013   -0.191754    0.973866   -0.000115
    5.326422    0.996420    0.190279    0.000012   -0.202075    0.971952   -0.000115
    5.337226    0.994182    0.200769    0.000011   -0.212379    0.969927   -0.000115
    5.348030    0.991831    0.211237    0.000010   -0.222665    0.967794   -0.000115
    5.348030    0.991871    0.211228    0.000010   -0.222796    0.967905   -0.000072
    5.358834    0.989409    0.221673    0.000009   -0.233061    0.965662   -0.000072
    5.369638    0.986835    0.232094    0.000008   -0.243305    0.963310   -0.000072
    5.380442    0.984151    0.242488    0.000007   -0.253528    0.960849   -0.000072
    5.391246    0.981357    0.252856    0.000006   -0.263727    0.958278   -0.000072
    5.402050    0.978453    0.263194    0.000006   -0.273902    0.955599   -0.000072
    5.412854    0.975439    0.273504    0.000005   -0.284052    0.952811   -0.000072
    5.423659    0.972315    0.283783    0.000004   -0.294175    0.949915   -0.000073
    5.434463    0.969082    0.294029    0.000003   -0.304270    0.946910   -0.000073
    5.445267    0.965740    0.304243    0.000003   -0.314336    0.943797   -0.000073
    5.456071    0.962290    0.314423    0.000002   -0.324372    0.940577   -0.000073
    5.466875    0.958731    0.324567    0.000001   -0.334377    0.937249   -0.000073
    5.477679    0.955065    0.334675    0.000000   -0.344349    0.933814   -0.000073
    5.488483    0.951291    0.344745   -0.000001   -0.354288    0.930272   -0.000073
    5.499287    0.947409    0.354776   -0.000001   -0.364192    0.926623   -0.000073
    5.510091    0.943421    0.364767   -0.000002   -0.374060    0.922868   -0.000073
    5.520895    0.939327    0.374717   -0.000003   -0.383891    0.919007   -0.000073
    5.531700    0.935126    0.384625   -0.000004   -0.393683    0.915040   -0.000073
    5.542504    0.930820    0.394489   -0.000005   -0.403436    0.910967   -0.000072
    5.553308    0.926409    0.404309   -0.000005   -0.413149    0.906790   -0.000072
    5.564112    0.921893    0.414083   -0.000006   -0.422820    0.902508   -0.000072
    5.574916    0.917273    0.423810   -0.000007   -0.432448    0.898122   -0.000072
    5.585720    0.912549    0.433489   -0.000008   -0.442031    0.893631   -0.000072
    5.596524    0.907721    0.443119   -0.000008   -0.451570    0.889038   -0.000072
    5.607328    0.902791    0.452699   -0.000009   -0.461062    0.884341   -0.000072
    5.618132    0.897759    0.462228   -0.000010   -0.470507    0.879542   -0.000072
    5.628936    0.892625    0.471704   -0.000011   -0.479904    0.874640   -0.000072
    5.639741    0.887389    0.481127   -0.000012   -0.489250    0.869637   -0.000072
    5.650545    0.882053    0.490495   -0.000012   -0.498546    0.864533   -0.000072
    5.661349    0.876617    0.499808   -0.000013   -0.507790    0.859328   -0.000071
    5.672153    0.871081    0.509063   -0.000014   -0.516980    0.854022   -0.000071
    5.682957    0.865446    0.518261   -0.000015   -0.526117    0.848617   -0.000071
    5.693761    0.859713    0.527400   -0.000015   -0.535198    0.843113   -0.000071
    5.704565    0.853881    0.536479   -0.000016   -0.544223    0.837510   -0.000071
    5.715369    0.847953    0.545497   -0.000017   -0.553190    0.831809   -0.000071
    5.726173    0.841928    0.554452   -0.000018   -0.562098    0.826010   -0.000070
    5.736978    0.835807    0.563345   -0.000018   -0.570947    0.820115   -0.000070
    5.747782    0.829591    0.572173   -0.000019   -0.579735    0.814123   -0.000070
    5.758586    0.823281    0.580936   -0.000020   -0.588461    0.808035   -0.000070
    5.769390    0.816876    0.589633   -0.000021   -0.597124    0.801852   -0.000070
    5.780194    0.810378    0.598263   -0.000021   -0.605723    0.795575   -0.000069
    5.790998    0.803788    0.606824   -0.000022   -0.614257    0.789204   -0.000069
    5.801802    0.797105    0.615316   -0.000023   -0.622725    0.782739   -0.000069
    5.812606    0.790332    0.623737   -0.000024   -0.631126    0.776182   -0.000069
    5.823410    0.783468    0.632087   -0.000024   -0.639458    0.769533   -0.000068
    5.834214    0.776514    0.640365   -0.000025   -0.647721    0.762793   -0.000068
    5.845019    0.769472    0.648569   -0.000026   -0.655914    0.755963   -0.000068
    5.855823    0.762342    0.656700   -0.000027   -0.664035    0.749043   -0.000068
    5.866627    0.755124    0.664755   -0.000027   -0.672084    0.742033   -0.000067
    5.877431    0.747819    0.672733   -0.000028   -0.680060    0.734936   -0.000067
    5.888235    0.740429    0.680635   -0.000029   -0.687961    0.727751   -0.000067
    5.899039    0.732954    0.688458   -0.000030   -0.695787    0.720479   -0.000066
    5.909843    0.725395    0.696203   -0.000030   -0.703536    0.713121   -0.000066
    5.920647    0.717752    0.703867   -0.000031   -0.711208    0.705678   -0.000066
    5.931451    0.710027    0.711451   -0.000032   -0.718802    0.698151   -0.000066
    5.942255    0.702220    0.718953   -0.000032   -0.726316    0.690540   -0.000065
    5.953060    0.694333    0.726372   -0.000033   -0.733750    0.682846   -0.000065
    5.963864    0.686366    0.733708   -0.000034   -0.741103    0.675070   -0.000064
    5.974668    0.678319    0.740959   -0.000034   -0.748374    0.667214   -0.000064
    5.985472    0.670195    0.748125   -0.000035   -0.755561    0.659277   -0.000064
    5.996276    0.661993    0.755204   -0.000036   -0.762665    0.651260   -0.000063
    6.007080    0.653715    0.762197   -0.000037   -0.769684    0.643166   -0.000063
    6.017884    0.645362    0.769102   -0.000037   -0.776617    0.634994   -0.000063
    6.028688    0.636935    0.775918   -0.000038   -0.783463    0.626745   -0.000062
    6.039492    0.628433    0.782644   -0.000039   -0.790221    0.618420   -0.000062
    6.050296    0.619860    0.789280   -0.000039   -0.796891    0.610021   -0.000061
    6.061101    0.611214    0.795825   -0.000040   -0.803472    0.601548   -0.000061
    6.071905    0.602498    0.802278   -0.000041   -0.809962    0.593002   -0.000060
    6.082709    0.593713    0.808639   -0.000041   -0.816362    0.584384   -0.000060
    6.093513    0.584859    0.814906   -0.000042   -0.822669    0.575695   -0.000060
    6.104317    0.575937    0.821078   -0.000042   -0.828884    0.566937   -0.000059
    6.115121    0.566948    0.827156   -0.000043   -0.835005    0.558109   -0.000059
    6.125925    0.557894    0.833138   -0.000044   -0.841032    0.549213   -0.000058
    6.136729    0.548775    0.839023   -0.000044   -0.846963    0.540251   -0.000058
    6.147533    0.539593    0.844811   -0.000045   -0.852799    0.531222   -0.000057
    6.158337    0.530348    0.850502   -0.000046   -0.858538    0.522128   -0.000057
    6.169142    0.521042    0.856093   -0.000046   -0.864180    0.512971   -0.000056
    6.179946    0.511675    0.861586   -0.000047   -0.869723    0.503751   -0.000056
    6.190750    0.502249    0.866978   -0.000047   -0.875167    0.494469   -0.000055
    6.201554    0.492765    0.872270   -0.000048   -0.880512    0.485127   -0.000055
    6.212358    0.483223    0.877461   -0.000049   -0.885757    0.475725   -0.000054
    6.223162    0.473626    0.882550   -0.000049   -0.890900    0.466264   -0.000054
    6.233966    0.463973    0.887536   -0.000050   -0.895941    0.456746   -0.000053
    6.244770    0.454266    0.892419   -0.000050   -0.900880    0.447172   -0.000053
    6.255574    0.444507    0.897198   -0.000051   -0.905716    0.437543   -0.000052
    6.266378    0.434696    0.901873   -0.000051   -0.910449    0.427860   -0.000052
    6.277183    0.424834    0.906443   -0.000052   -0.915076    0.418124   -0.000051
    6.287987    0.414923    0.910908   -0.000053   -0.919599    0.408336   -0.000050
    6.298791    0.404964    0.915266   -0.000053   -0.924016    0.398497   -0.000050
    6.309595    0.394957    0.919518   -0.000054   -0.928327    0.388610   -0.000049
    6.320399    0.384904    0.923663   -0.000054   -0.932531    0.378673   -0.000049
    6.331203    0.374807    0.927701   -0.000055   -0.936628    0.368690   -0.000048
    6.342007    0.364666    0.931630   -0.000055   -0.940616    0.358661   -0.000048
    6.352811    0.354482    0.935451   -0.000056   -0.944497    0.348587   -0.000047
    6.363615    0.344258    0.939162   -0.000056   -0.948268    0.338470   -0.000046
    6.374419    0.333992    0.942764   -0.000057   -0.951929    0.328311   -0.000046
    6.385224    0.323688    0.946256   -0.000057   -0.955481    0.318110   -0.000045
    6.396028    0.313347    0.949638   -0.000058   -0.958921    0.307869   -0.000044
    6.406832    0.302968    0.952909   -0.000058   -0.962251    0.297590   -0.000044
    6.417636    0.292555    0.956068   -0.000059   -0.965470    0.287274   -0.000043
    6.417636    0.292609    0.956142   -0.000059   -0.965662    0.287159    0.000000
