 0  2.11965e-06 2.10920e-06 2.68285e-07 1.92176e-06 2.59165e-06 1.02138e-07
 0  2.11965e-06 2.10920e-06 2.68285e-07 1.92176e-06 2.59165e-06 1.02138e-07

 1  8.48703e-07 1.66628e-06 4.10854e-08 2.51790e-06 1.83769e-07 3.87539e-07
 1  8.48703e-07 1.66628e-06 4.10854e-08 4.77801e-07 1.61791e-06 4.07323e-08

 2  7.84787e-07 7.46235e-07 6.21730e-08 7.76471e-08 7.41548e-07 2.03159e-08
 2  7.84787e-07 7.46235e-07 6.21730e-08 7.76471e-08 7.41548e-07 2.03159e-08

  1.36523e-06 2.24435e-07 3.53566e-09
  4.56445e-08 7.83196e-07 1.06707e-08

 0      0.0000000000	      0.0000000000	      0.0000000000	
 1      0.0175809010	      0.0023446088	      0.0240968533	
 2      0.0000000000	      0.0000000000	      0.0000000000	

F_Leg = 0.0240968533
DV_Leg = 0.7144952151 (km/s)
ToF_Leg (actual) = 2.2507308975
ToF_Leg (design) = 2.2507311325
