 0  7.92448e-07 7.17708e-07 6.29145e-08 1.01874e-07 1.16855e-06 3.60769e-08
 0  7.92448e-07 7.17708e-07 6.29145e-08 1.01874e-07 1.16855e-06 3.60769e-08

 1  1.01767e-07 1.64773e-07 5.67209e-08 8.31359e-08 3.49287e-07 2.97957e-08
 1  1.01767e-07 1.64773e-07 5.67209e-08 7.31466e-09 2.94597e-07 4.29622e-08

 2  2.78226e-08 7.02903e-08 8.07206e-08 9.42604e-08 1.23225e-07 1.43029e-08
 2  2.78226e-08 7.02903e-08 8.07206e-08 9.42604e-08 1.23225e-07 1.43029e-08

  5.89218e-09 1.39044e-07 3.38971e-08
  2.06852e-07 6.38053e-09 1.85562e-08

 0      0.0061590233	      0.0000000000	      0.0061590233	
 1      0.1019219762	      0.0009899802	      0.1046732513	
 2      0.0000000000	      0.0000000000	      0.0000000000	

F_Leg = 0.1108322745
DV_Leg = 3.2862850967 (km/s)
ToF_Leg (actual) = 4.7237805810
ToF_Leg (design) = 4.7237805054
