    0.292664	    0.956215	0.000000e+00	3.162278e-03	
    0.292664	    0.956215	9.771975e-04	3.007505e-03	
    0.292664	    0.956215	1.858740e-03	2.558336e-03	
    0.292664	    0.956215	2.558336e-03	1.858740e-03	
    0.292664	    0.956215	3.007505e-03	9.771975e-04	
    0.292664	    0.956215	3.162278e-03	1.936337e-19	
    0.292664	    0.956215	3.007505e-03	-9.771975e-04	
    0.292664	    0.956215	2.558336e-03	-1.858740e-03	
    0.292664	    0.956215	1.858740e-03	-2.558336e-03	
    0.292664	    0.956215	9.771975e-04	-3.007505e-03	
    0.292664	    0.956215	3.872673e-19	-3.162278e-03	
    0.292664	    0.956215	-9.771975e-04	-3.007505e-03	
    0.292664	    0.956215	-1.858740e-03	-2.558336e-03	
    0.292664	    0.956215	-2.558336e-03	-1.858740e-03	
    0.292664	    0.956215	-3.007505e-03	-9.771975e-04	
    0.292664	    0.956215	-3.162278e-03	-5.809010e-19	
    0.292664	    0.956215	-3.007505e-03	9.771975e-04	
    0.292664	    0.956215	-2.558336e-03	1.858740e-03	
    0.292664	    0.956215	-1.858740e-03	2.558336e-03	
    0.292664	    0.956215	-9.771975e-04	3.007505e-03	
    0.292664	    0.956215	-7.745346e-19	3.162278e-03	


    0.292664	    0.956215	0.000000e+00	3.162278e-03	
    0.292664	    0.956215	9.771975e-04	3.007505e-03	
    0.292664	    0.956215	1.858740e-03	2.558336e-03	
    0.292664	    0.956215	2.558336e-03	1.858740e-03	
    0.292664	    0.956215	3.007505e-03	9.771975e-04	
    0.292664	    0.956215	3.162278e-03	1.936337e-19	
    0.292664	    0.956215	3.007505e-03	-9.771975e-04	
    0.292664	    0.956215	2.558336e-03	-1.858740e-03	
    0.292664	    0.956215	1.858740e-03	-2.558336e-03	
    0.292664	    0.956215	9.771975e-04	-3.007505e-03	
    0.292664	    0.956215	3.872673e-19	-3.162278e-03	
    0.292664	    0.956215	-9.771975e-04	-3.007505e-03	
    0.292664	    0.956215	-1.858740e-03	-2.558336e-03	
    0.292664	    0.956215	-2.558336e-03	-1.858740e-03	
    0.292664	    0.956215	-3.007505e-03	-9.771975e-04	
    0.292664	    0.956215	-3.162278e-03	-5.809010e-19	
    0.292664	    0.956215	-3.007505e-03	9.771975e-04	
    0.292664	    0.956215	-2.558336e-03	1.858740e-03	
    0.292664	    0.956215	-1.858740e-03	2.558336e-03	
    0.292664	    0.956215	-9.771975e-04	3.007505e-03	
    0.292664	    0.956215	-7.745346e-19	3.162278e-03	


    0.040128	    0.988263	-1.700462e-03	-2.665977e-03	
    0.040128	    0.988263	-2.374627e-03	-2.052401e-03	
    0.040128	    0.988263	-2.816347e-03	-1.237922e-03	
    0.040128	    0.988263	-2.982384e-03	-3.022671e-04	
    0.040128	    0.988263	-2.856484e-03	6.629762e-04	
    0.040128	    0.988263	-2.450971e-03	1.563323e-03	
    0.040128	    0.988263	-1.805541e-03	2.310640e-03	
    0.040128	    0.988263	-9.833711e-04	2.831777e-03	
    0.040128	    0.988263	-6.494245e-05	3.075719e-03	
    0.040128	    0.988263	8.598433e-04	3.018588e-03	
    0.040128	    0.988263	1.700462e-03	2.665977e-03	
    0.040128	    0.988263	2.374627e-03	2.052401e-03	
    0.040128	    0.988263	2.816347e-03	1.237922e-03	
    0.040128	    0.988263	2.982384e-03	3.022671e-04	
    0.040128	    0.988263	2.856484e-03	-6.629762e-04	
    0.040128	    0.988263	2.450971e-03	-1.563323e-03	
    0.040128	    0.988263	1.805541e-03	-2.310640e-03	
    0.040128	    0.988263	9.833711e-04	-2.831777e-03	
    0.040128	    0.988263	6.494245e-05	-3.075719e-03	
    0.040128	    0.988263	-8.598433e-04	-3.018588e-03	
    0.040128	    0.988263	-1.700462e-03	-2.665977e-03	


    0.040128	    0.988263	-1.700462e-03	-2.665977e-03	
    0.040128	    0.988263	-2.374627e-03	-2.052401e-03	
    0.040128	    0.988263	-2.816347e-03	-1.237922e-03	
    0.040128	    0.988263	-2.982384e-03	-3.022671e-04	
    0.040128	    0.988263	-2.856484e-03	6.629762e-04	
    0.040128	    0.988263	-2.450971e-03	1.563323e-03	
    0.040128	    0.988263	-1.805541e-03	2.310640e-03	
    0.040128	    0.988263	-9.833711e-04	2.831777e-03	
    0.040128	    0.988263	-6.494245e-05	3.075719e-03	
    0.040128	    0.988263	8.598433e-04	3.018588e-03	
    0.040128	    0.988263	1.700462e-03	2.665977e-03	
    0.040128	    0.988263	2.374627e-03	2.052401e-03	
    0.040128	    0.988263	2.816347e-03	1.237922e-03	
    0.040128	    0.988263	2.982384e-03	3.022671e-04	
    0.040128	    0.988263	2.856484e-03	-6.629762e-04	
    0.040128	    0.988263	2.450971e-03	-1.563323e-03	
    0.040128	    0.988263	1.805541e-03	-2.310640e-03	
    0.040128	    0.988263	9.833711e-04	-2.831777e-03	
    0.040128	    0.988263	6.494245e-05	-3.075719e-03	
    0.040128	    0.988263	-8.598433e-04	-3.018588e-03	
    0.040128	    0.988263	-1.700462e-03	-2.665977e-03	


   -0.214862	    0.958032	-1.640813e-03	-3.011340e-03	
   -0.214862	    0.958032	-2.239601e-03	-2.493931e-03	
   -0.214862	    0.958032	-2.619160e-03	-1.732398e-03	
   -0.214862	    0.958032	-2.742338e-03	-8.012866e-04	
   -0.214862	    0.958032	-2.597077e-03	2.082607e-04	
   -0.214862	    0.958032	-2.197596e-03	1.197422e-03	
   -0.214862	    0.958032	-1.582999e-03	2.069371e-03	
   -0.214862	    0.958032	-8.134468e-04	2.738756e-03	
   -0.214862	    0.958032	3.573118e-05	3.140052e-03	
   -0.214862	    0.958032	8.814116e-04	3.233978e-03	
   -0.214862	    0.958032	1.640813e-03	3.011340e-03	
   -0.214862	    0.958032	2.239601e-03	2.493931e-03	
   -0.214862	    0.958032	2.619160e-03	1.732398e-03	
   -0.214862	    0.958032	2.742338e-03	8.012866e-04	
   -0.214862	    0.958032	2.597077e-03	-2.082607e-04	
   -0.214862	    0.958032	2.197596e-03	-1.197422e-03	
   -0.214862	    0.958032	1.582999e-03	-2.069371e-03	
   -0.214862	    0.958032	8.134468e-04	-2.738756e-03	
   -0.214862	    0.958032	-3.573118e-05	-3.140052e-03	
   -0.214862	    0.958032	-8.814116e-04	-3.233978e-03	
   -0.214862	    0.958032	-1.640813e-03	-3.011340e-03	


   -0.214862	    0.958032	-1.640813e-03	-3.011340e-03	
   -0.214862	    0.958032	-2.239601e-03	-2.493931e-03	
   -0.214862	    0.958032	-2.619160e-03	-1.732398e-03	
   -0.214862	    0.958032	-2.742338e-03	-8.012866e-04	
   -0.214862	    0.958032	-2.597077e-03	2.082607e-04	
   -0.214862	    0.958032	-2.197596e-03	1.197422e-03	
   -0.214862	    0.958032	-1.582999e-03	2.069371e-03	
   -0.214862	    0.958032	-8.134468e-04	2.738756e-03	
   -0.214862	    0.958032	3.573118e-05	3.140052e-03	
   -0.214862	    0.958032	8.814116e-04	3.233978e-03	
   -0.214862	    0.958032	1.640813e-03	3.011340e-03	
   -0.214862	    0.958032	2.239601e-03	2.493931e-03	
   -0.214862	    0.958032	2.619160e-03	1.732398e-03	
   -0.214862	    0.958032	2.742338e-03	8.012866e-04	
   -0.214862	    0.958032	2.597077e-03	-2.082607e-04	
   -0.214862	    0.958032	2.197596e-03	-1.197422e-03	
   -0.214862	    0.958032	1.582999e-03	-2.069371e-03	
   -0.214862	    0.958032	8.134468e-04	-2.738756e-03	
   -0.214862	    0.958032	-3.573118e-05	-3.140052e-03	
   -0.214862	    0.958032	-8.814116e-04	-3.233978e-03	
   -0.214862	    0.958032	-1.640813e-03	-3.011340e-03	


   -0.455971	    0.866116	-1.688649e-03	-3.485014e-03	
   -0.455971	    0.866116	-2.167343e-03	-3.042449e-03	
   -0.455971	    0.866116	-2.433883e-03	-2.302068e-03	
   -0.455971	    0.866116	-2.462177e-03	-1.336344e-03	
   -0.455971	    0.866116	-2.249457e-03	-2.398101e-04	
   -0.455971	    0.866116	-1.816543e-03	8.801985e-04	
   -0.455971	    0.866116	-1.205814e-03	1.914047e-03	
   -0.455971	    0.866116	-4.770516e-04	2.760535e-03	
   -0.455971	    0.866116	2.984082e-04	3.336803e-03	
   -0.455971	    0.866116	1.044658e-03	3.586442e-03	
   -0.455971	    0.866116	1.688649e-03	3.485014e-03	
   -0.455971	    0.866116	2.167343e-03	3.042449e-03	
   -0.455971	    0.866116	2.433883e-03	2.302068e-03	
   -0.455971	    0.866116	2.462177e-03	1.336344e-03	
   -0.455971	    0.866116	2.249457e-03	2.398101e-04	
   -0.455971	    0.866116	1.816543e-03	-8.801985e-04	
   -0.455971	    0.866116	1.205814e-03	-1.914047e-03	
   -0.455971	    0.866116	4.770516e-04	-2.760535e-03	
   -0.455971	    0.866116	-2.984082e-04	-3.336803e-03	
   -0.455971	    0.866116	-1.044658e-03	-3.586442e-03	
   -0.455971	    0.866116	-1.688649e-03	-3.485014e-03	


   -0.455971	    0.866116	-1.688649e-03	-3.485014e-03	
   -0.455971	    0.866116	-2.167343e-03	-3.042449e-03	
   -0.455971	    0.866116	-2.433883e-03	-2.302068e-03	
   -0.455971	    0.866116	-2.462177e-03	-1.336344e-03	
   -0.455971	    0.866116	-2.249457e-03	-2.398101e-04	
   -0.455971	    0.866116	-1.816543e-03	8.801985e-04	
   -0.455971	    0.866116	-1.205814e-03	1.914047e-03	
   -0.455971	    0.866116	-4.770516e-04	2.760535e-03	
   -0.455971	    0.866116	2.984082e-04	3.336803e-03	
   -0.455971	    0.866116	1.044658e-03	3.586442e-03	
   -0.455971	    0.866116	1.688649e-03	3.485014e-03	
   -0.455971	    0.866116	2.167343e-03	3.042449e-03	
   -0.455971	    0.866116	2.433883e-03	2.302068e-03	
   -0.455971	    0.866116	2.462177e-03	1.336344e-03	
   -0.455971	    0.866116	2.249457e-03	2.398101e-04	
   -0.455971	    0.866116	1.816543e-03	-8.801985e-04	
   -0.455971	    0.866116	1.205814e-03	-1.914047e-03	
   -0.455971	    0.866116	4.770516e-04	-2.760535e-03	
   -0.455971	    0.866116	-2.984082e-04	-3.336803e-03	
   -0.455971	    0.866116	-1.044658e-03	-3.586442e-03	
   -0.455971	    0.866116	-1.688649e-03	-3.485014e-03	


   -0.667447	    0.717930	-1.566473e-03	-4.100838e-03	
   -0.667447	    0.717930	-1.950024e-03	-3.724331e-03	
   -0.667447	    0.717930	-2.142693e-03	-2.983259e-03	
   -0.667447	    0.717930	-2.125620e-03	-1.950166e-03	
   -0.667447	    0.717930	-1.900476e-03	-7.261766e-04	
   -0.667447	    0.717930	-1.489301e-03	5.688959e-04	
   -0.667447	    0.717930	-9.323426e-04	1.808281e-03	
   -0.667447	    0.717930	-2.841200e-04	2.870659e-03	
   -0.667447	    0.717930	3.919143e-04	3.652037e-03	
   -0.667447	    0.717930	1.029585e-03	4.075928e-03	
   -0.667447	    0.717930	1.566473e-03	4.100838e-03	
   -0.667447	    0.717930	1.950024e-03	3.724331e-03	
   -0.667447	    0.717930	2.142693e-03	2.983259e-03	
   -0.667447	    0.717930	2.125620e-03	1.950166e-03	
   -0.667447	    0.717930	1.900476e-03	7.261766e-04	
   -0.667447	    0.717930	1.489301e-03	-5.688959e-04	
   -0.667447	    0.717930	9.323426e-04	-1.808281e-03	
   -0.667447	    0.717930	2.841200e-04	-2.870659e-03	
   -0.667447	    0.717930	-3.919143e-04	-3.652037e-03	
   -0.667447	    0.717930	-1.029585e-03	-4.075928e-03	
   -0.667447	    0.717930	-1.566473e-03	-4.100838e-03	


   -0.667447	    0.717930	-1.566473e-03	-4.100838e-03	
   -0.667447	    0.717930	-1.950024e-03	-3.724331e-03	
   -0.667447	    0.717930	-2.142693e-03	-2.983259e-03	
   -0.667447	    0.717930	-2.125620e-03	-1.950166e-03	
   -0.667447	    0.717930	-1.900476e-03	-7.261766e-04	
   -0.667447	    0.717930	-1.489301e-03	5.688959e-04	
   -0.667447	    0.717930	-9.323426e-04	1.808281e-03	
   -0.667447	    0.717930	-2.841200e-04	2.870659e-03	
   -0.667447	    0.717930	3.919143e-04	3.652037e-03	
   -0.667447	    0.717930	1.029585e-03	4.075928e-03	
   -0.667447	    0.717930	1.566473e-03	4.100838e-03	
   -0.667447	    0.717930	1.950024e-03	3.724331e-03	
   -0.667447	    0.717930	2.142693e-03	2.983259e-03	
   -0.667447	    0.717930	2.125620e-03	1.950166e-03	
   -0.667447	    0.717930	1.900476e-03	7.261766e-04	
   -0.667447	    0.717930	1.489301e-03	-5.688959e-04	
   -0.667447	    0.717930	9.323426e-04	-1.808281e-03	
   -0.667447	    0.717930	2.841200e-04	-2.870659e-03	
   -0.667447	    0.717930	-3.919143e-04	-3.652037e-03	
   -0.667447	    0.717930	-1.029585e-03	-4.075928e-03	
   -0.667447	    0.717930	-1.566473e-03	-4.100838e-03	


   -0.835776	    0.523287	-1.249762e-03	-4.682817e-03	
   -0.835776	    0.523287	-1.563749e-03	-4.353501e-03	
   -0.835776	    0.523287	-1.724666e-03	-3.598034e-03	
   -0.835776	    0.523287	-1.716760e-03	-2.490367e-03	
   -0.835776	    0.523287	-1.540806e-03	-1.138925e-03	
   -0.835776	    0.523287	-1.214027e-03	3.240026e-04	
   -0.835776	    0.523287	-7.684104e-04	1.755215e-03	
   -0.835776	    0.523287	-2.475766e-04	3.014614e-03	
   -0.835776	    0.523287	2.974917e-04	3.978922e-03	
   -0.835776	    0.523287	8.134394e-04	4.553746e-03	
   -0.835776	    0.523287	1.249762e-03	4.682817e-03	
   -0.835776	    0.523287	1.563749e-03	4.353501e-03	
   -0.835776	    0.523287	1.724666e-03	3.598034e-03	
   -0.835776	    0.523287	1.716760e-03	2.490367e-03	
   -0.835776	    0.523287	1.540806e-03	1.138925e-03	
   -0.835776	    0.523287	1.214027e-03	-3.240026e-04	
   -0.835776	    0.523287	7.684104e-04	-1.755215e-03	
   -0.835776	    0.523287	2.475766e-04	-3.014614e-03	
   -0.835776	    0.523287	-2.974917e-04	-3.978922e-03	
   -0.835776	    0.523287	-8.134394e-04	-4.553746e-03	
   -0.835776	    0.523287	-1.249762e-03	-4.682817e-03	


   -0.835776	    0.523287	-1.249762e-03	-4.682817e-03	
   -0.835776	    0.523287	-1.563749e-03	-4.353501e-03	
   -0.835776	    0.523287	-1.724666e-03	-3.598034e-03	
   -0.835776	    0.523287	-1.716760e-03	-2.490367e-03	
   -0.835776	    0.523287	-1.540806e-03	-1.138925e-03	
   -0.835776	    0.523287	-1.214027e-03	3.240026e-04	
   -0.835776	    0.523287	-7.684104e-04	1.755215e-03	
   -0.835776	    0.523287	-2.475766e-04	3.014614e-03	
   -0.835776	    0.523287	2.974917e-04	3.978922e-03	
   -0.835776	    0.523287	8.134394e-04	4.553746e-03	
   -0.835776	    0.523287	1.249762e-03	4.682817e-03	
   -0.835776	    0.523287	1.563749e-03	4.353501e-03	
   -0.835776	    0.523287	1.724666e-03	3.598034e-03	
   -0.835776	    0.523287	1.716760e-03	2.490367e-03	
   -0.835776	    0.523287	1.540806e-03	1.138925e-03	
   -0.835776	    0.523287	1.214027e-03	-3.240026e-04	
   -0.835776	    0.523287	7.684104e-04	-1.755215e-03	
   -0.835776	    0.523287	2.475766e-04	-3.014614e-03	
   -0.835776	    0.523287	-2.974917e-04	-3.978922e-03	
   -0.835776	    0.523287	-8.134394e-04	-4.553746e-03	
   -0.835776	    0.523287	-1.249762e-03	-4.682817e-03	


   -0.951027	    0.295339	-7.369639e-04	-5.097884e-03	
   -0.951027	    0.295339	-1.004096e-03	-4.804544e-03	
   -0.951027	    0.295339	-1.172941e-03	-4.040902e-03	
   -0.951027	    0.295339	-1.226970e-03	-2.881708e-03	
   -0.951027	    0.295339	-1.160895e-03	-1.440433e-03	
   -0.951027	    0.295339	-9.811828e-04	1.418424e-04	
   -0.951027	    0.295339	-7.054259e-04	1.710233e-03	
   -0.951027	    0.295339	-3.606171e-04	3.111214e-03	
   -0.951027	    0.295339	1.949153e-05	4.207648e-03	
   -0.951027	    0.295339	3.976921e-04	4.892208e-03	
   -0.951027	    0.295339	7.369639e-04	5.097884e-03	
   -0.951027	    0.295339	1.004096e-03	4.804544e-03	
   -0.951027	    0.295339	1.172941e-03	4.040902e-03	
   -0.951027	    0.295339	1.226970e-03	2.881708e-03	
   -0.951027	    0.295339	1.160895e-03	1.440433e-03	
   -0.951027	    0.295339	9.811828e-04	-1.418424e-04	
   -0.951027	    0.295339	7.054259e-04	-1.710233e-03	
   -0.951027	    0.295339	3.606171e-04	-3.111214e-03	
   -0.951027	    0.295339	-1.949153e-05	-4.207648e-03	
   -0.951027	    0.295339	-3.976921e-04	-4.892208e-03	
   -0.951027	    0.295339	-7.369639e-04	-5.097884e-03	


   -0.951027	    0.295339	-7.369639e-04	-5.097884e-03	
   -0.951027	    0.295339	-1.004096e-03	-4.804544e-03	
   -0.951027	    0.295339	-1.172941e-03	-4.040902e-03	
   -0.951027	    0.295339	-1.226970e-03	-2.881708e-03	
   -0.951027	    0.295339	-1.160895e-03	-1.440433e-03	
   -0.951027	    0.295339	-9.811828e-04	1.418424e-04	
   -0.951027	    0.295339	-7.054259e-04	1.710233e-03	
   -0.951027	    0.295339	-3.606171e-04	3.111214e-03	
   -0.951027	    0.295339	1.949153e-05	4.207648e-03	
   -0.951027	    0.295339	3.976921e-04	4.892208e-03	
   -0.951027	    0.295339	7.369639e-04	5.097884e-03	
   -0.951027	    0.295339	1.004096e-03	4.804544e-03	
   -0.951027	    0.295339	1.172941e-03	4.040902e-03	
   -0.951027	    0.295339	1.226970e-03	2.881708e-03	
   -0.951027	    0.295339	1.160895e-03	1.440433e-03	
   -0.951027	    0.295339	9.811828e-04	-1.418424e-04	
   -0.951027	    0.295339	7.054259e-04	-1.710233e-03	
   -0.951027	    0.295339	3.606171e-04	-3.111214e-03	
   -0.951027	    0.295339	-1.949153e-05	-4.207648e-03	
   -0.951027	    0.295339	-3.976921e-04	-4.892208e-03	
   -0.951027	    0.295339	-7.369639e-04	-5.097884e-03	


   -1.007610	    0.049079	-9.460969e-05	-5.209667e-03	
   -1.007610	    0.049079	-3.383143e-04	-4.950178e-03	
   -1.007610	    0.049079	-5.489023e-04	-4.206131e-03	
   -1.007610	    0.049079	-7.057600e-04	-3.050358e-03	
   -1.007610	    0.049079	-7.935330e-04	-1.595996e-03	
   -1.007610	    0.049079	-8.036294e-04	1.459424e-05	
   -1.007610	    0.049079	-7.350610e-04	1.623756e-03	
   -1.007610	    0.049079	-5.945397e-04	3.073972e-03	
   -1.007610	    0.049079	-3.958207e-04	4.223287e-03	
   -1.007610	    0.049079	-1.583560e-04	4.959198e-03	
   -1.007610	    0.049079	9.460969e-05	5.209667e-03	
   -1.007610	    0.049079	3.383143e-04	4.950178e-03	
   -1.007610	    0.049079	5.489023e-04	4.206131e-03	
   -1.007610	    0.049079	7.057600e-04	3.050358e-03	
   -1.007610	    0.049079	7.935330e-04	1.595996e-03	
   -1.007610	    0.049079	8.036294e-04	-1.459424e-05	
   -1.007610	    0.049079	7.350610e-04	-1.623756e-03	
   -1.007610	    0.049079	5.945397e-04	-3.073972e-03	
   -1.007610	    0.049079	3.958207e-04	-4.223287e-03	
   -1.007610	    0.049079	1.583560e-04	-4.959198e-03	
   -1.007610	    0.049079	-9.460969e-05	-5.209667e-03	


   -1.007610	    0.049079	-9.460969e-05	-5.209667e-03	
   -1.007610	    0.049079	-3.383143e-04	-4.950178e-03	
   -1.007610	    0.049079	-5.489023e-04	-4.206131e-03	
   -1.007610	    0.049079	-7.057600e-04	-3.050358e-03	
   -1.007610	    0.049079	-7.935330e-04	-1.595996e-03	
   -1.007610	    0.049079	-8.036294e-04	1.459424e-05	
   -1.007610	    0.049079	-7.350610e-04	1.623756e-03	
   -1.007610	    0.049079	-5.945397e-04	3.073972e-03	
   -1.007610	    0.049079	-3.958207e-04	4.223287e-03	
   -1.007610	    0.049079	-1.583560e-04	4.959198e-03	
   -1.007610	    0.049079	9.460969e-05	5.209667e-03	
   -1.007610	    0.049079	3.383143e-04	4.950178e-03	
   -1.007610	    0.049079	5.489023e-04	4.206131e-03	
   -1.007610	    0.049079	7.057600e-04	3.050358e-03	
   -1.007610	    0.049079	7.935330e-04	1.595996e-03	
   -1.007610	    0.049079	8.036294e-04	-1.459424e-05	
   -1.007610	    0.049079	7.350610e-04	-1.623756e-03	
   -1.007610	    0.049079	5.945397e-04	-3.073972e-03	
   -1.007610	    0.049079	3.958207e-04	-4.223287e-03	
   -1.007610	    0.049079	1.583560e-04	-4.959198e-03	
   -1.007610	    0.049079	-9.460969e-05	-5.209667e-03	


   -1.004350	   -0.200193	5.373420e-04	-4.999602e-03	
   -1.004350	   -0.200193	3.030424e-04	-4.777259e-03	
   -1.004350	   -0.200193	3.907888e-05	-4.087285e-03	
   -1.004350	   -0.200193	-2.287099e-04	-2.997219e-03	
   -1.004350	   -0.200193	-4.741110e-04	-1.613764e-03	
   -1.004350	   -0.200193	-6.731028e-04	-7.234304e-05	
   -1.004350	   -0.200193	-8.062066e-04	1.476160e-03	
   -1.004350	   -0.200193	-8.603933e-04	2.880165e-03	
   -1.004350	   -0.200193	-8.303587e-04	4.002241e-03	
   -1.004350	   -0.200193	-7.190428e-04	4.732549e-03	
   -1.004350	   -0.200193	-5.373420e-04	4.999602e-03	
   -1.004350	   -0.200193	-3.030424e-04	4.777259e-03	
   -1.004350	   -0.200193	-3.907888e-05	4.087285e-03	
   -1.004350	   -0.200193	2.287099e-04	2.997219e-03	
   -1.004350	   -0.200193	4.741110e-04	1.613764e-03	
   -1.004350	   -0.200193	6.731028e-04	7.234304e-05	
   -1.004350	   -0.200193	8.062066e-04	-1.476160e-03	
   -1.004350	   -0.200193	8.603933e-04	-2.880165e-03	
   -1.004350	   -0.200193	8.303587e-04	-4.002241e-03	
   -1.004350	   -0.200193	7.190428e-04	-4.732549e-03	
   -1.004350	   -0.200193	5.373420e-04	-4.999602e-03	


   -1.004350	   -0.200193	5.373420e-04	-4.999602e-03	
   -1.004350	   -0.200193	3.030424e-04	-4.777259e-03	
   -1.004350	   -0.200193	3.907888e-05	-4.087285e-03	
   -1.004350	   -0.200193	-2.287099e-04	-2.997219e-03	
   -1.004350	   -0.200193	-4.741110e-04	-1.613764e-03	
   -1.004350	   -0.200193	-6.731028e-04	-7.234304e-05	
   -1.004350	   -0.200193	-8.062066e-04	1.476160e-03	
   -1.004350	   -0.200193	-8.603933e-04	2.880165e-03	
   -1.004350	   -0.200193	-8.303587e-04	4.002241e-03	
   -1.004350	   -0.200193	-7.190428e-04	4.732549e-03	
   -1.004350	   -0.200193	-5.373420e-04	4.999602e-03	
   -1.004350	   -0.200193	-3.030424e-04	4.777259e-03	
   -1.004350	   -0.200193	-3.907888e-05	4.087285e-03	
   -1.004350	   -0.200193	2.287099e-04	2.997219e-03	
   -1.004350	   -0.200193	4.741110e-04	1.613764e-03	
   -1.004350	   -0.200193	6.731028e-04	7.234304e-05	
   -1.004350	   -0.200193	8.062066e-04	-1.476160e-03	
   -1.004350	   -0.200193	8.603933e-04	-2.880165e-03	
   -1.004350	   -0.200193	8.303587e-04	-4.002241e-03	
   -1.004350	   -0.200193	7.190428e-04	-4.732549e-03	
   -1.004350	   -0.200193	5.373420e-04	-4.999602e-03	


   -0.944018	   -0.438183	1.057599e-03	-4.524484e-03	
   -0.944018	   -0.438183	8.260381e-04	-4.345068e-03	
   -0.944018	   -0.438183	5.136190e-04	-3.740326e-03	
   -0.944018	   -0.438183	1.509232e-04	-2.769456e-03	
   -0.944018	   -0.438183	-2.265460e-04	-1.527491e-03	
   -0.944018	   -0.438183	-5.818392e-04	-1.360050e-04	
   -0.944018	   -0.438183	-8.801780e-04	1.268794e-03	
   -0.944018	   -0.438183	-1.092359e-03	2.549395e-03	
   -0.944018	   -0.438183	-1.197612e-03	3.580443e-03	
   -0.944018	   -0.438183	-1.185635e-03	4.261012e-03	
   -0.944018	   -0.438183	-1.057599e-03	4.524484e-03	
   -0.944018	   -0.438183	-8.260381e-04	4.345068e-03	
   -0.944018	   -0.438183	-5.136190e-04	3.740326e-03	
   -0.944018	   -0.438183	-1.509232e-04	2.769456e-03	
   -0.944018	   -0.438183	2.265460e-04	1.527491e-03	
   -0.944018	   -0.438183	5.818392e-04	1.360050e-04	
   -0.944018	   -0.438183	8.801780e-04	-1.268794e-03	
   -0.944018	   -0.438183	1.092359e-03	-2.549395e-03	
   -0.944018	   -0.438183	1.197612e-03	-3.580443e-03	
   -0.944018	   -0.438183	1.185635e-03	-4.261012e-03	
   -0.944018	   -0.438183	1.057599e-03	-4.524484e-03	


   -0.944018	   -0.438183	1.057599e-03	-4.524484e-03	
   -0.944018	   -0.438183	8.260381e-04	-4.345068e-03	
   -0.944018	   -0.438183	5.136190e-04	-3.740326e-03	
   -0.944018	   -0.438183	1.509232e-04	-2.769456e-03	
   -0.944018	   -0.438183	-2.265460e-04	-1.527491e-03	
   -0.944018	   -0.438183	-5.818392e-04	-1.360050e-04	
   -0.944018	   -0.438183	-8.801780e-04	1.268794e-03	
   -0.944018	   -0.438183	-1.092359e-03	2.549395e-03	
   -0.944018	   -0.438183	-1.197612e-03	3.580443e-03	
   -0.944018	   -0.438183	-1.185635e-03	4.261012e-03	
   -0.944018	   -0.438183	-1.057599e-03	4.524484e-03	
   -0.944018	   -0.438183	-8.260381e-04	4.345068e-03	
   -0.944018	   -0.438183	-5.136190e-04	3.740326e-03	
   -0.944018	   -0.438183	-1.509232e-04	2.769456e-03	
   -0.944018	   -0.438183	2.265460e-04	1.527491e-03	
   -0.944018	   -0.438183	5.818392e-04	1.360050e-04	
   -0.944018	   -0.438183	8.801780e-04	-1.268794e-03	
   -0.944018	   -0.438183	1.092359e-03	-2.549395e-03	
   -0.944018	   -0.438183	1.197612e-03	-3.580443e-03	
   -0.944018	   -0.438183	1.185635e-03	-4.261012e-03	
   -0.944018	   -0.438183	1.057599e-03	-4.524484e-03	


   -0.832528	   -0.652515	1.401431e-03	-3.902168e-03	
   -0.832528	   -0.652515	1.171739e-03	-3.769041e-03	
   -0.832528	   -0.652515	8.273480e-04	-3.266973e-03	
   -0.832528	   -0.652515	4.019709e-04	-2.445112e-03	
   -0.832528	   -0.652515	-6.275395e-05	-1.383906e-03	
   -0.832528	   -0.652515	-5.213360e-04	-1.872335e-04	
   -0.832528	   -0.652515	-9.288860e-04	1.027767e-03	
   -0.832528	   -0.652515	-1.245510e-03	2.142162e-03	
   -0.832528	   -0.652515	-1.440215e-03	3.046867e-03	
   -0.832528	   -0.652515	-1.493942e-03	3.653324e-03	
   -0.832528	   -0.652515	-1.401431e-03	3.902168e-03	
   -0.832528	   -0.652515	-1.171739e-03	3.769041e-03	
   -0.832528	   -0.652515	-8.273480e-04	3.266973e-03	
   -0.832528	   -0.652515	-4.019709e-04	2.445112e-03	
   -0.832528	   -0.652515	6.275395e-05	1.383906e-03	
   -0.832528	   -0.652515	5.213360e-04	1.872335e-04	
   -0.832528	   -0.652515	9.288860e-04	-1.027767e-03	
   -0.832528	   -0.652515	1.245510e-03	-2.142162e-03	
   -0.832528	   -0.652515	1.440215e-03	-3.046867e-03	
   -0.832528	   -0.652515	1.493942e-03	-3.653324e-03	
   -0.832528	   -0.652515	1.401431e-03	-3.902168e-03	


   -0.832528	   -0.652515	1.401431e-03	-3.902168e-03	
   -0.832528	   -0.652515	1.171739e-03	-3.769041e-03	
   -0.832528	   -0.652515	8.273480e-04	-3.266973e-03	
   -0.832528	   -0.652515	4.019709e-04	-2.445112e-03	
   -0.832528	   -0.652515	-6.275395e-05	-1.383906e-03	
   -0.832528	   -0.652515	-5.213360e-04	-1.872335e-04	
   -0.832528	   -0.652515	-9.288860e-04	1.027767e-03	
   -0.832528	   -0.652515	-1.245510e-03	2.142162e-03	
   -0.832528	   -0.652515	-1.440215e-03	3.046867e-03	
   -0.832528	   -0.652515	-1.493942e-03	3.653324e-03	
   -0.832528	   -0.652515	-1.401431e-03	3.902168e-03	
   -0.832528	   -0.652515	-1.171739e-03	3.769041e-03	
   -0.832528	   -0.652515	-8.273480e-04	3.266973e-03	
   -0.832528	   -0.652515	-4.019709e-04	2.445112e-03	
   -0.832528	   -0.652515	6.275395e-05	1.383906e-03	
   -0.832528	   -0.652515	5.213360e-04	1.872335e-04	
   -0.832528	   -0.652515	9.288860e-04	-1.027767e-03	
   -0.832528	   -0.652515	1.245510e-03	-2.142162e-03	
   -0.832528	   -0.652515	1.440215e-03	-3.046867e-03	
   -0.832528	   -0.652515	1.493942e-03	-3.653324e-03	
   -0.832528	   -0.652515	1.401431e-03	-3.902168e-03	


   -0.678023	   -0.833221	1.537655e-03	-3.219773e-03	
   -0.678023	   -0.833221	1.312582e-03	-3.133733e-03	
   -0.678023	   -0.833221	9.590247e-04	-2.740940e-03	
   -0.678023	   -0.833221	5.115914e-04	-2.079846e-03	
   -0.678023	   -0.833221	1.407993e-05	-1.215162e-03	
   -0.678023	   -0.833221	-4.848098e-04	-2.315287e-04	
   -0.678023	   -0.833221	-9.362429e-04	7.747678e-04	
   -0.678023	   -0.833221	-1.296030e-03	1.705225e-03	
   -0.678023	   -0.833221	-1.528953e-03	2.468762e-03	
   -0.678023	   -0.833221	-1.612211e-03	2.990640e-03	
   -0.678023	   -0.833221	-1.537655e-03	3.219773e-03	
   -0.678023	   -0.833221	-1.312582e-03	3.133733e-03	
   -0.678023	   -0.833221	-9.590247e-04	2.740940e-03	
   -0.678023	   -0.833221	-5.115914e-04	2.079846e-03	
   -0.678023	   -0.833221	-1.407993e-05	1.215162e-03	
   -0.678023	   -0.833221	4.848098e-04	2.315287e-04	
   -0.678023	   -0.833221	9.362429e-04	-7.747678e-04	
   -0.678023	   -0.833221	1.296030e-03	-1.705225e-03	
   -0.678023	   -0.833221	1.528953e-03	-2.468762e-03	
   -0.678023	   -0.833221	1.612211e-03	-2.990640e-03	
   -0.678023	   -0.833221	1.537655e-03	-3.219773e-03	


   -0.678023	   -0.833221	1.537655e-03	-3.219773e-03	
   -0.678023	   -0.833221	1.312582e-03	-3.133733e-03	
   -0.678023	   -0.833221	9.590247e-04	-2.740940e-03	
   -0.678023	   -0.833221	5.115914e-04	-2.079846e-03	
   -0.678023	   -0.833221	1.407993e-05	-1.215162e-03	
   -0.678023	   -0.833221	-4.848098e-04	-2.315287e-04	
   -0.678023	   -0.833221	-9.362429e-04	7.747678e-04	
   -0.678023	   -0.833221	-1.296030e-03	1.705225e-03	
   -0.678023	   -0.833221	-1.528953e-03	2.468762e-03	
   -0.678023	   -0.833221	-1.612211e-03	2.990640e-03	
   -0.678023	   -0.833221	-1.537655e-03	3.219773e-03	
   -0.678023	   -0.833221	-1.312582e-03	3.133733e-03	
   -0.678023	   -0.833221	-9.590247e-04	2.740940e-03	
   -0.678023	   -0.833221	-5.115914e-04	2.079846e-03	
   -0.678023	   -0.833221	-1.407993e-05	1.215162e-03	
   -0.678023	   -0.833221	4.848098e-04	2.315287e-04	
   -0.678023	   -0.833221	9.362429e-04	-7.747678e-04	
   -0.678023	   -0.833221	1.296030e-03	-1.705225e-03	
   -0.678023	   -0.833221	1.528953e-03	-2.468762e-03	
   -0.678023	   -0.833221	1.612211e-03	-2.990640e-03	
   -0.678023	   -0.833221	1.537655e-03	-3.219773e-03	


   -0.490037	   -0.972888	1.479456e-03	-2.574111e-03	
   -0.490037	   -0.972888	1.262941e-03	-2.530949e-03	
   -0.490037	   -0.972888	9.228004e-04	-2.240040e-03	
   -0.490037	   -0.972888	4.923296e-04	-1.729860e-03	
   -0.490037	   -0.972888	1.366614e-05	-1.050350e-03	
   -0.490037	   -0.972888	-4.663350e-04	-2.680235e-04	
   -0.490037	   -0.972888	-9.006881e-04	5.405385e-04	
   -0.490037	   -0.972888	-1.246876e-03	1.296189e-03	
   -0.490037	   -0.972888	-1.471010e-03	1.924959e-03	
   -0.490037	   -0.972888	-1.551152e-03	2.365301e-03	
   -0.490037	   -0.972888	-1.479456e-03	2.574111e-03	
   -0.490037	   -0.972888	-1.262941e-03	2.530949e-03	
   -0.490037	   -0.972888	-9.228004e-04	2.240040e-03	
   -0.490037	   -0.972888	-4.923296e-04	1.729860e-03	
   -0.490037	   -0.972888	-1.366614e-05	1.050350e-03	
   -0.490037	   -0.972888	4.663350e-04	2.680235e-04	
   -0.490037	   -0.972888	9.006881e-04	-5.405385e-04	
   -0.490037	   -0.972888	1.246876e-03	-1.296189e-03	
   -0.490037	   -0.972888	1.471010e-03	-1.924959e-03	
   -0.490037	   -0.972888	1.551152e-03	-2.365301e-03	
   -0.490037	   -0.972888	1.479456e-03	-2.574111e-03	


   -0.490037	   -0.972888	1.479456e-03	-2.574111e-03	
   -0.490037	   -0.972888	1.262941e-03	-2.530949e-03	
   -0.490037	   -0.972888	9.228004e-04	-2.240040e-03	
   -0.490037	   -0.972888	4.923296e-04	-1.729860e-03	
   -0.490037	   -0.972888	1.366614e-05	-1.050350e-03	
   -0.490037	   -0.972888	-4.663350e-04	-2.680235e-04	
   -0.490037	   -0.972888	-9.006881e-04	5.405385e-04	
   -0.490037	   -0.972888	-1.246876e-03	1.296189e-03	
   -0.490037	   -0.972888	-1.471010e-03	1.924959e-03	
   -0.490037	   -0.972888	-1.551152e-03	2.365301e-03	
   -0.490037	   -0.972888	-1.479456e-03	2.574111e-03	
   -0.490037	   -0.972888	-1.262941e-03	2.530949e-03	
   -0.490037	   -0.972888	-9.228004e-04	2.240040e-03	
   -0.490037	   -0.972888	-4.923296e-04	1.729860e-03	
   -0.490037	   -0.972888	-1.366614e-05	1.050350e-03	
   -0.490037	   -0.972888	4.663350e-04	2.680235e-04	
   -0.490037	   -0.972888	9.006881e-04	-5.405385e-04	
   -0.490037	   -0.972888	1.246876e-03	-1.296189e-03	
   -0.490037	   -0.972888	1.471010e-03	-1.924959e-03	
   -0.490037	   -0.972888	1.551152e-03	-2.365301e-03	
   -0.490037	   -0.972888	1.479456e-03	-2.574111e-03	


   -0.278816	   -1.066567	1.283078e-03	-2.022803e-03	
   -0.278816	   -1.066567	1.076719e-03	-2.014861e-03	
   -0.278816	   -1.066567	7.649629e-04	-1.809691e-03	
   -0.278816	   -1.066567	3.783272e-04	-1.427376e-03	
   -0.278816	   -1.066567	-4.534176e-05	-9.053392e-04	
   -0.278816	   -1.066567	-4.645724e-04	-2.946815e-04	
   -0.278816	   -1.066567	-8.383274e-04	3.448218e-04	
   -0.278816	   -1.066567	-1.130021e-03	9.505714e-04	
   -0.278816	   -1.066567	-1.311101e-03	1.463273e-03	
   -0.278816	   -1.066567	-1.363840e-03	1.832738e-03	
   -0.278816	   -1.066567	-1.283078e-03	2.022803e-03	
   -0.278816	   -1.066567	-1.076719e-03	2.014861e-03	
   -0.278816	   -1.066567	-7.649629e-04	1.809691e-03	
   -0.278816	   -1.066567	-3.783272e-04	1.427376e-03	
   -0.278816	   -1.066567	4.534176e-05	9.053392e-04	
   -0.278816	   -1.066567	4.645724e-04	2.946815e-04	
   -0.278816	   -1.066567	8.383274e-04	-3.448218e-04	
   -0.278816	   -1.066567	1.130021e-03	-9.505714e-04	
   -0.278816	   -1.066567	1.311101e-03	-1.463273e-03	
   -0.278816	   -1.066567	1.363840e-03	-1.832738e-03	
   -0.278816	   -1.066567	1.283078e-03	-2.022803e-03	


   -0.278816	   -1.066567	1.283078e-03	-2.022803e-03	
   -0.278816	   -1.066567	1.076719e-03	-2.014861e-03	
   -0.278816	   -1.066567	7.649629e-04	-1.809691e-03	
   -0.278816	   -1.066567	3.783272e-04	-1.427376e-03	
   -0.278816	   -1.066567	-4.534176e-05	-9.053392e-04	
   -0.278816	   -1.066567	-4.645724e-04	-2.946815e-04	
   -0.278816	   -1.066567	-8.383274e-04	3.448218e-04	
   -0.278816	   -1.066567	-1.130021e-03	9.505714e-04	
   -0.278816	   -1.066567	-1.311101e-03	1.463273e-03	
   -0.278816	   -1.066567	-1.363840e-03	1.832738e-03	
   -0.278816	   -1.066567	-1.283078e-03	2.022803e-03	
   -0.278816	   -1.066567	-1.076719e-03	2.014861e-03	
   -0.278816	   -1.066567	-7.649629e-04	1.809691e-03	
   -0.278816	   -1.066567	-3.783272e-04	1.427376e-03	
   -0.278816	   -1.066567	4.534176e-05	9.053392e-04	
   -0.278816	   -1.066567	4.645724e-04	2.946815e-04	
   -0.278816	   -1.066567	8.383274e-04	-3.448218e-04	
   -0.278816	   -1.066567	1.130021e-03	-9.505714e-04	
   -0.278816	   -1.066567	1.311101e-03	-1.463273e-03	
   -0.278816	   -1.066567	1.363840e-03	-1.832738e-03	
   -0.278816	   -1.066567	1.283078e-03	-2.022803e-03	


   -0.054821	   -1.111573	9.846146e-04	-1.609320e-03	
   -0.054821	   -1.111573	7.861055e-04	-1.622522e-03	
   -0.054821	   -1.111573	5.106469e-04	-1.476900e-03	
   -0.054821	   -1.111573	1.852027e-04	-1.186710e-03	
   -0.054821	   -1.111573	-1.583705e-04	-7.803555e-04	
   -0.054821	   -1.111573	-4.864413e-04	-2.976148e-04	
   -0.054821	   -1.111573	-7.668958e-04	2.142586e-04	
   -0.054821	   -1.111573	-9.722813e-04	7.051589e-04	
   -0.054821	   -1.111573	-1.082493e-03	1.127033e-03	
   -0.054821	   -1.111573	-1.086743e-03	1.438586e-03	
   -0.054821	   -1.111573	-9.846146e-04	1.609320e-03	
   -0.054821	   -1.111573	-7.861055e-04	1.622522e-03	
   -0.054821	   -1.111573	-5.106469e-04	1.476900e-03	
   -0.054821	   -1.111573	-1.852027e-04	1.186710e-03	
   -0.054821	   -1.111573	1.583705e-04	7.803555e-04	
   -0.054821	   -1.111573	4.864413e-04	2.976148e-04	
   -0.054821	   -1.111573	7.668958e-04	-2.142586e-04	
   -0.054821	   -1.111573	9.722813e-04	-7.051589e-04	
   -0.054821	   -1.111573	1.082493e-03	-1.127033e-03	
   -0.054821	   -1.111573	1.086743e-03	-1.438586e-03	
   -0.054821	   -1.111573	9.846146e-04	-1.609320e-03	


   -0.054821	   -1.111573	9.846146e-04	-1.609320e-03	
   -0.054821	   -1.111573	7.861055e-04	-1.622522e-03	
   -0.054821	   -1.111573	5.106469e-04	-1.476900e-03	
   -0.054821	   -1.111573	1.852027e-04	-1.186710e-03	
   -0.054821	   -1.111573	-1.583705e-04	-7.803555e-04	
   -0.054821	   -1.111573	-4.864413e-04	-2.976148e-04	
   -0.054821	   -1.111573	-7.668958e-04	2.142586e-04	
   -0.054821	   -1.111573	-9.722813e-04	7.051589e-04	
   -0.054821	   -1.111573	-1.082493e-03	1.127033e-03	
   -0.054821	   -1.111573	-1.086743e-03	1.438586e-03	
   -0.054821	   -1.111573	-9.846146e-04	1.609320e-03	
   -0.054821	   -1.111573	-7.861055e-04	1.622522e-03	
   -0.054821	   -1.111573	-5.106469e-04	1.476900e-03	
   -0.054821	   -1.111573	-1.852027e-04	1.186710e-03	
   -0.054821	   -1.111573	1.583705e-04	7.803555e-04	
   -0.054821	   -1.111573	4.864413e-04	2.976148e-04	
   -0.054821	   -1.111573	7.668958e-04	-2.142586e-04	
   -0.054821	   -1.111573	9.722813e-04	-7.051589e-04	
   -0.054821	   -1.111573	1.082493e-03	-1.127033e-03	
   -0.054821	   -1.111573	1.086743e-03	-1.438586e-03	
   -0.054821	   -1.111573	9.846146e-04	-1.609320e-03	


    0.171638	   -1.107259	6.409092e-04	-1.337217e-03	
    0.171638	   -1.107259	4.502358e-04	-1.348122e-03	
    0.171638	   -1.107259	2.154901e-04	-1.227063e-03	
    0.171638	   -1.107259	-4.034921e-05	-9.858905e-04	
    0.171638	   -1.107259	-2.922389e-04	-6.482122e-04	
    0.171638	   -1.107259	-5.155222e-04	-2.470824e-04	
    0.171638	   -1.107259	-6.883426e-04	1.782335e-04	
    0.171638	   -1.107259	-7.937832e-04	5.861027e-04	
    0.171638	   -1.107259	-8.215228e-04	9.366001e-04	
    0.171638	   -1.107259	-7.688460e-04	1.195417e-03	
    0.171638	   -1.107259	-6.409092e-04	1.337217e-03	
    0.171638	   -1.107259	-4.502358e-04	1.348122e-03	
    0.171638	   -1.107259	-2.154901e-04	1.227063e-03	
    0.171638	   -1.107259	4.034921e-05	9.858905e-04	
    0.171638	   -1.107259	2.922389e-04	6.482122e-04	
    0.171638	   -1.107259	5.155222e-04	2.470824e-04	
    0.171638	   -1.107259	6.883426e-04	-1.782335e-04	
    0.171638	   -1.107259	7.937832e-04	-5.861027e-04	
    0.171638	   -1.107259	8.215228e-04	-9.366001e-04	
    0.171638	   -1.107259	7.688460e-04	-1.195417e-03	
    0.171638	   -1.107259	6.409092e-04	-1.337217e-03	


    0.171638	   -1.107259	6.409092e-04	-1.337217e-03	
    0.171638	   -1.107259	4.502358e-04	-1.348122e-03	
    0.171638	   -1.107259	2.154901e-04	-1.227063e-03	
    0.171638	   -1.107259	-4.034921e-05	-9.858905e-04	
    0.171638	   -1.107259	-2.922389e-04	-6.482122e-04	
    0.171638	   -1.107259	-5.155222e-04	-2.470824e-04	
    0.171638	   -1.107259	-6.883426e-04	1.782335e-04	
    0.171638	   -1.107259	-7.937832e-04	5.861027e-04	
    0.171638	   -1.107259	-8.215228e-04	9.366001e-04	
    0.171638	   -1.107259	-7.688460e-04	1.195417e-03	
    0.171638	   -1.107259	-6.409092e-04	1.337217e-03	
    0.171638	   -1.107259	-4.502358e-04	1.348122e-03	
    0.171638	   -1.107259	-2.154901e-04	1.227063e-03	
    0.171638	   -1.107259	4.034921e-05	9.858905e-04	
    0.171638	   -1.107259	2.922389e-04	6.482122e-04	
    0.171638	   -1.107259	5.155222e-04	2.470824e-04	
    0.171638	   -1.107259	6.883426e-04	-1.782335e-04	
    0.171638	   -1.107259	7.937832e-04	-5.861027e-04	
    0.171638	   -1.107259	8.215228e-04	-9.366001e-04	
    0.171638	   -1.107259	7.688460e-04	-1.195417e-03	
    0.171638	   -1.107259	6.409092e-04	-1.337217e-03	


    0.390639	   -1.054800	2.819453e-04	-1.195320e-03	
    0.390639	   -1.054800	1.068740e-04	-1.174857e-03	
    0.390639	   -1.054800	-7.865884e-05	-1.039391e-03	
    0.390639	   -1.054800	-2.564920e-04	-8.021814e-04	
    0.390639	   -1.054800	-4.092180e-04	-4.864490e-04	
    0.390639	   -1.054800	-5.218868e-04	-1.230996e-04	
    0.390639	   -1.054800	-5.834697e-04	2.522996e-04	
    0.390639	   -1.054800	-5.879386e-04	6.030020e-04	
    0.390639	   -1.054800	-5.348559e-04	8.946784e-04	
    0.390639	   -1.054800	-4.294178e-04	1.098777e-03	
    0.390639	   -1.054800	-2.819453e-04	1.195320e-03	
    0.390639	   -1.054800	-1.068740e-04	1.174857e-03	
    0.390639	   -1.054800	7.865884e-05	1.039391e-03	
    0.390639	   -1.054800	2.564920e-04	8.021814e-04	
    0.390639	   -1.054800	4.092180e-04	4.864490e-04	
    0.390639	   -1.054800	5.218868e-04	1.230996e-04	
    0.390639	   -1.054800	5.834697e-04	-2.522996e-04	
    0.390639	   -1.054800	5.879386e-04	-6.030020e-04	
    0.390639	   -1.054800	5.348559e-04	-8.946784e-04	
    0.390639	   -1.054800	4.294178e-04	-1.098777e-03	
    0.390639	   -1.054800	2.819453e-04	-1.195320e-03	


    0.390639	   -1.054800	2.819453e-04	-1.195320e-03	
    0.390639	   -1.054800	1.068740e-04	-1.174857e-03	
    0.390639	   -1.054800	-7.865884e-05	-1.039391e-03	
    0.390639	   -1.054800	-2.564920e-04	-8.021814e-04	
    0.390639	   -1.054800	-4.092180e-04	-4.864490e-04	
    0.390639	   -1.054800	-5.218868e-04	-1.230996e-04	
    0.390639	   -1.054800	-5.834697e-04	2.522996e-04	
    0.390639	   -1.054800	-5.879386e-04	6.030020e-04	
    0.390639	   -1.054800	-5.348559e-04	8.946784e-04	
    0.390639	   -1.054800	-4.294178e-04	1.098777e-03	
    0.390639	   -1.054800	-2.819453e-04	1.195320e-03	
    0.390639	   -1.054800	-1.068740e-04	1.174857e-03	
    0.390639	   -1.054800	7.865884e-05	1.039391e-03	
    0.390639	   -1.054800	2.564920e-04	8.021814e-04	
    0.390639	   -1.054800	4.092180e-04	4.864490e-04	
    0.390639	   -1.054800	5.218868e-04	1.230996e-04	
    0.390639	   -1.054800	5.834697e-04	-2.522996e-04	
    0.390639	   -1.054800	5.879386e-04	-6.030020e-04	
    0.390639	   -1.054800	5.348559e-04	-8.946784e-04	
    0.390639	   -1.054800	4.294178e-04	-1.098777e-03	
    0.390639	   -1.054800	2.819453e-04	-1.195320e-03	


    0.592817	   -0.957020	-9.664091e-06	-1.127742e-03	
    0.592817	   -0.957020	-1.469250e-04	-1.071366e-03	
    0.592817	   -0.957020	-2.698038e-04	-9.101176e-04	
    0.592817	   -0.957020	-3.662724e-04	-6.597802e-04	
    0.592817	   -0.957020	-4.268877e-04	-3.448589e-04	
    0.592817	   -0.957020	-4.457162e-04	3.819527e-06	
    0.592817	   -0.957020	-4.209149e-04	3.521241e-04	
    0.592817	   -0.957020	-3.549116e-04	6.659603e-04	
    0.592817	   -0.957020	-2.541670e-04	9.146077e-04	
    0.592817	   -0.957020	-1.285428e-04	1.073727e-03	
    0.592817	   -0.957020	9.664091e-06	1.127742e-03	
    0.592817	   -0.957020	1.469250e-04	1.071366e-03	
    0.592817	   -0.957020	2.698038e-04	9.101176e-04	
    0.592817	   -0.957020	3.662724e-04	6.597802e-04	
    0.592817	   -0.957020	4.268877e-04	3.448589e-04	
    0.592817	   -0.957020	4.457162e-04	-3.819527e-06	
    0.592817	   -0.957020	4.209149e-04	-3.521241e-04	
    0.592817	   -0.957020	3.549116e-04	-6.659603e-04	
    0.592817	   -0.957020	2.541670e-04	-9.146077e-04	
    0.592817	   -0.957020	1.285428e-04	-1.073727e-03	
    0.592817	   -0.957020	-9.664091e-06	-1.127742e-03	


    0.592817	   -0.957020	-9.664091e-06	-1.127742e-03	
    0.592817	   -0.957020	-1.469250e-04	-1.071366e-03	
    0.592817	   -0.957020	-2.698038e-04	-9.101176e-04	
    0.592817	   -0.957020	-3.662724e-04	-6.597802e-04	
    0.592817	   -0.957020	-4.268877e-04	-3.448589e-04	
    0.592817	   -0.957020	-4.457162e-04	3.819527e-06	
    0.592817	   -0.957020	-4.209149e-04	3.521241e-04	
    0.592817	   -0.957020	-3.549116e-04	6.659603e-04	
    0.592817	   -0.957020	-2.541670e-04	9.146077e-04	
    0.592817	   -0.957020	-1.285428e-04	1.073727e-03	
    0.592817	   -0.957020	9.664091e-06	1.127742e-03	
    0.592817	   -0.957020	1.469250e-04	1.071366e-03	
    0.592817	   -0.957020	2.698038e-04	9.101176e-04	
    0.592817	   -0.957020	3.662724e-04	6.597802e-04	
    0.592817	   -0.957020	4.268877e-04	3.448589e-04	
    0.592817	   -0.957020	4.457162e-04	-3.819527e-06	
    0.592817	   -0.957020	4.209149e-04	-3.521241e-04	
    0.592817	   -0.957020	3.549116e-04	-6.659603e-04	
    0.592817	   -0.957020	2.541670e-04	-9.146077e-04	
    0.592817	   -0.957020	1.285428e-04	-1.073727e-03	
    0.592817	   -0.957020	-9.664091e-06	-1.127742e-03	


    0.769452	   -0.818297	-1.677535e-04	-1.099826e-03	
    0.769452	   -0.818297	-2.639742e-04	-1.030068e-03	
    0.769452	   -0.818297	-3.343553e-04	-8.594798e-04	
    0.769452	   -0.818297	-3.720073e-04	-6.047598e-04	
    0.769452	   -0.818297	-3.732447e-04	-2.908417e-04	
    0.769452	   -0.818297	-3.379463e-04	5.154605e-05	
    0.769452	   -0.818297	-2.695673e-04	3.888881e-04	
    0.769452	   -0.818297	-1.748012e-04	6.881631e-04	
    0.769452	   -0.818297	-6.292436e-05	9.200758e-04	
    0.769452	   -0.818297	5.511196e-05	1.061925e-03	
    0.769452	   -0.818297	1.677535e-04	1.099826e-03	
    0.769452	   -0.818297	2.639742e-04	1.030068e-03	
    0.769452	   -0.818297	3.343553e-04	8.594798e-04	
    0.769452	   -0.818297	3.720073e-04	6.047598e-04	
    0.769452	   -0.818297	3.732447e-04	2.908417e-04	
    0.769452	   -0.818297	3.379463e-04	-5.154605e-05	
    0.769452	   -0.818297	2.695673e-04	-3.888881e-04	
    0.769452	   -0.818297	1.748012e-04	-6.881631e-04	
    0.769452	   -0.818297	6.292436e-05	-9.200758e-04	
    0.769452	   -0.818297	-5.511196e-05	-1.061925e-03	
    0.769452	   -0.818297	-1.677535e-04	-1.099826e-03	


    0.769452	   -0.818297	-1.677535e-04	-1.099826e-03	
    0.769452	   -0.818297	-2.639742e-04	-1.030068e-03	
    0.769452	   -0.818297	-3.343553e-04	-8.594798e-04	
    0.769452	   -0.818297	-3.720073e-04	-6.047598e-04	
    0.769452	   -0.818297	-3.732447e-04	-2.908417e-04	
    0.769452	   -0.818297	-3.379463e-04	5.154605e-05	
    0.769452	   -0.818297	-2.695673e-04	3.888881e-04	
    0.769452	   -0.818297	-1.748012e-04	6.881631e-04	
    0.769452	   -0.818297	-6.292436e-05	9.200758e-04	
    0.769452	   -0.818297	5.511196e-05	1.061925e-03	
    0.769452	   -0.818297	1.677535e-04	1.099826e-03	
    0.769452	   -0.818297	2.639742e-04	1.030068e-03	
    0.769452	   -0.818297	3.343553e-04	8.594798e-04	
    0.769452	   -0.818297	3.720073e-04	6.047598e-04	
    0.769452	   -0.818297	3.732447e-04	2.908417e-04	
    0.769452	   -0.818297	3.379463e-04	-5.154605e-05	
    0.769452	   -0.818297	2.695673e-04	-3.888881e-04	
    0.769452	   -0.818297	1.748012e-04	-6.881631e-04	
    0.769452	   -0.818297	6.292436e-05	-9.200758e-04	
    0.769452	   -0.818297	-5.511196e-05	-1.061925e-03	
    0.769452	   -0.818297	-1.677535e-04	-1.099826e-03	


    0.912557	   -0.644579	-2.248835e-04	-1.091870e-03	
    0.912557	   -0.644579	-2.930215e-04	-1.022129e-03	
    0.912557	   -0.644579	-3.324765e-04	-8.523355e-04	
    0.912557	   -0.644579	-3.393864e-04	-5.991092e-04	
    0.912557	   -0.644579	-3.130747e-04	-2.872378e-04	
    0.912557	   -0.644579	-2.561172e-04	5.275036e-05	
    0.912557	   -0.644579	-1.740891e-04	3.875750e-04	
    0.912557	   -0.644579	-7.501995e-05	6.844610e-04	
    0.912557	   -0.644579	3.139267e-05	9.143473e-04	
    0.912557	   -0.644579	1.347324e-04	1.054731e-03	
    0.912557	   -0.644579	2.248835e-04	1.091870e-03	
    0.912557	   -0.644579	2.930215e-04	1.022129e-03	
    0.912557	   -0.644579	3.324765e-04	8.523355e-04	
    0.912557	   -0.644579	3.393864e-04	5.991092e-04	
    0.912557	   -0.644579	3.130747e-04	2.872378e-04	
    0.912557	   -0.644579	2.561172e-04	-5.275036e-05	
    0.912557	   -0.644579	1.740891e-04	-3.875750e-04	
    0.912557	   -0.644579	7.501995e-05	-6.844610e-04	
    0.912557	   -0.644579	-3.139267e-05	-9.143473e-04	
    0.912557	   -0.644579	-1.347324e-04	-1.054731e-03	
    0.912557	   -0.644579	-2.248835e-04	-1.091870e-03	


    0.912557	   -0.644579	-2.248835e-04	-1.091870e-03	
    0.912557	   -0.644579	-2.930215e-04	-1.022129e-03	
    0.912557	   -0.644579	-3.324765e-04	-8.523355e-04	
    0.912557	   -0.644579	-3.393864e-04	-5.991092e-04	
    0.912557	   -0.644579	-3.130747e-04	-2.872378e-04	
    0.912557	   -0.644579	-2.561172e-04	5.275036e-05	
    0.912557	   -0.644579	-1.740891e-04	3.875750e-04	
    0.912557	   -0.644579	-7.501995e-05	6.844610e-04	
    0.912557	   -0.644579	3.139267e-05	9.143473e-04	
    0.912557	   -0.644579	1.347324e-04	1.054731e-03	
    0.912557	   -0.644579	2.248835e-04	1.091870e-03	
    0.912557	   -0.644579	2.930215e-04	1.022129e-03	
    0.912557	   -0.644579	3.324765e-04	8.523355e-04	
    0.912557	   -0.644579	3.393864e-04	5.991092e-04	
    0.912557	   -0.644579	3.130747e-04	2.872378e-04	
    0.912557	   -0.644579	2.561172e-04	-5.275036e-05	
    0.912557	   -0.644579	1.740891e-04	-3.875750e-04	
    0.912557	   -0.644579	7.501995e-05	-6.844610e-04	
    0.912557	   -0.644579	-3.139267e-05	-9.143473e-04	
    0.912557	   -0.644579	-1.347324e-04	-1.054731e-03	
    0.912557	   -0.644579	-2.248835e-04	-1.091870e-03	


    1.015195	   -0.443267	-2.119795e-04	-1.061478e-03	
    1.015195	   -0.443267	-2.657833e-04	-9.967090e-04	
    1.015195	   -0.443267	-2.935704e-04	-8.343751e-04	
    1.015195	   -0.443267	-2.926208e-04	-5.903667e-04	
    1.015195	   -0.443267	-2.630275e-04	-2.885691e-04	
    1.015195	   -0.443267	-2.076871e-04	4.147557e-05	
    1.015195	   -0.443267	-1.320170e-04	3.674604e-04	
    1.015195	   -0.443267	-4.342403e-05	6.574756e-04	
    1.015195	   -0.443267	4.941954e-05	8.831325e-04	
    1.015195	   -0.443267	1.374256e-04	1.022342e-03	
    1.015195	   -0.443267	2.119795e-04	1.061478e-03	
    1.015195	   -0.443267	2.657833e-04	9.967090e-04	
    1.015195	   -0.443267	2.935704e-04	8.343751e-04	
    1.015195	   -0.443267	2.926208e-04	5.903667e-04	
    1.015195	   -0.443267	2.630275e-04	2.885691e-04	
    1.015195	   -0.443267	2.076871e-04	-4.147557e-05	
    1.015195	   -0.443267	1.320170e-04	-3.674604e-04	
    1.015195	   -0.443267	4.342403e-05	-6.574756e-04	
    1.015195	   -0.443267	-4.941954e-05	-8.831325e-04	
    1.015195	   -0.443267	-1.374256e-04	-1.022342e-03	
    1.015195	   -0.443267	-2.119795e-04	-1.061478e-03	


    1.015195	   -0.443267	-2.119795e-04	-1.061478e-03	
    1.015195	   -0.443267	-2.657833e-04	-9.967090e-04	
    1.015195	   -0.443267	-2.935704e-04	-8.343751e-04	
    1.015195	   -0.443267	-2.926208e-04	-5.903667e-04	
    1.015195	   -0.443267	-2.630275e-04	-2.885691e-04	
    1.015195	   -0.443267	-2.076871e-04	4.147557e-05	
    1.015195	   -0.443267	-1.320170e-04	3.674604e-04	
    1.015195	   -0.443267	-4.342403e-05	6.574756e-04	
    1.015195	   -0.443267	4.941954e-05	8.831325e-04	
    1.015195	   -0.443267	1.374256e-04	1.022342e-03	
    1.015195	   -0.443267	2.119795e-04	1.061478e-03	
    1.015195	   -0.443267	2.657833e-04	9.967090e-04	
    1.015195	   -0.443267	2.935704e-04	8.343751e-04	
    1.015195	   -0.443267	2.926208e-04	5.903667e-04	
    1.015195	   -0.443267	2.630275e-04	2.885691e-04	
    1.015195	   -0.443267	2.076871e-04	-4.147557e-05	
    1.015195	   -0.443267	1.320170e-04	-3.674604e-04	
    1.015195	   -0.443267	4.342403e-05	-6.574756e-04	
    1.015195	   -0.443267	-4.941954e-05	-8.831325e-04	
    1.015195	   -0.443267	-1.374256e-04	-1.022342e-03	
    1.015195	   -0.443267	-2.119795e-04	-1.061478e-03	


    1.071866	   -0.222772	-1.578517e-04	-1.004967e-03	
    1.071866	   -0.222772	-2.072811e-04	-9.468025e-04	
    1.071866	   -0.222772	-2.364205e-04	-7.959588e-04	
    1.071866	   -0.222772	-2.424173e-04	-5.672012e-04	
    1.071866	   -0.222772	-2.246847e-04	-2.829219e-04	
    1.071866	   -0.222772	-1.849583e-04	2.905170e-05	
    1.071866	   -0.222772	-1.271269e-04	3.381815e-04	
    1.071866	   -0.222772	-5.685151e-05	6.142078e-04	
    1.071866	   -0.222772	1.898894e-05	8.301112e-04	
    1.071866	   -0.222772	9.297063e-05	9.647574e-04	
    1.071866	   -0.222772	1.578517e-04	1.004967e-03	
    1.071866	   -0.222772	2.072811e-04	9.468025e-04	
    1.071866	   -0.222772	2.364205e-04	7.959588e-04	
    1.071866	   -0.222772	2.424173e-04	5.672012e-04	
    1.071866	   -0.222772	2.246847e-04	2.829219e-04	
    1.071866	   -0.222772	1.849583e-04	-2.905170e-05	
    1.071866	   -0.222772	1.271269e-04	-3.381815e-04	
    1.071866	   -0.222772	5.685151e-05	-6.142078e-04	
    1.071866	   -0.222772	-1.898894e-05	-8.301112e-04	
    1.071866	   -0.222772	-9.297063e-05	-9.647574e-04	
    1.071866	   -0.222772	-1.578517e-04	-1.004967e-03	


    1.071866	   -0.222772	-1.578517e-04	-1.004967e-03	
    1.071866	   -0.222772	-2.072811e-04	-9.468025e-04	
    1.071866	   -0.222772	-2.364205e-04	-7.959588e-04	
    1.071866	   -0.222772	-2.424173e-04	-5.672012e-04	
    1.071866	   -0.222772	-2.246847e-04	-2.829219e-04	
    1.071866	   -0.222772	-1.849583e-04	2.905170e-05	
    1.071866	   -0.222772	-1.271269e-04	3.381815e-04	
    1.071866	   -0.222772	-5.685151e-05	6.142078e-04	
    1.071866	   -0.222772	1.898894e-05	8.301112e-04	
    1.071866	   -0.222772	9.297063e-05	9.647574e-04	
    1.071866	   -0.222772	1.578517e-04	1.004967e-03	
    1.071866	   -0.222772	2.072811e-04	9.468025e-04	
    1.071866	   -0.222772	2.364205e-04	7.959588e-04	
    1.071866	   -0.222772	2.424173e-04	5.672012e-04	
    1.071866	   -0.222772	2.246847e-04	2.829219e-04	
    1.071866	   -0.222772	1.849583e-04	-2.905170e-05	
    1.071866	   -0.222772	1.271269e-04	-3.381815e-04	
    1.071866	   -0.222772	5.685151e-05	-6.142078e-04	
    1.071866	   -0.222772	-1.898894e-05	-8.301112e-04	
    1.071866	   -0.222772	-9.297063e-05	-9.647574e-04	
    1.071866	   -0.222772	-1.578517e-04	-1.004967e-03	


    1.078454	    0.007266	-8.647155e-05	-9.030928e-04	
    1.078454	    0.007266	-1.381546e-04	-8.535383e-04	
    1.078454	    0.007266	-1.763141e-04	-7.204336e-04	
    1.078454	    0.007266	-1.972148e-04	-5.168079e-04	
    1.078454	    0.007266	-1.988107e-04	-2.625934e-04	
    1.078454	    0.007266	-1.809456e-04	1.732563e-05	
    1.078454	    0.007266	-1.453683e-04	2.955487e-04	
    1.078454	    0.007266	-9.556139e-05	5.448413e-04	
    1.078454	    0.007266	-3.640022e-05	7.408011e-04	
    1.078454	    0.007266	2.632406e-05	8.642462e-04	
    1.078454	    0.007266	8.647155e-05	9.030928e-04	
    1.078454	    0.007266	1.381546e-04	8.535383e-04	
    1.078454	    0.007266	1.763141e-04	7.204336e-04	
    1.078454	    0.007266	1.972148e-04	5.168079e-04	
    1.078454	    0.007266	1.988107e-04	2.625934e-04	
    1.078454	    0.007266	1.809456e-04	-1.732563e-05	
    1.078454	    0.007266	1.453683e-04	-2.955487e-04	
    1.078454	    0.007266	9.556139e-05	-5.448413e-04	
    1.078454	    0.007266	3.640022e-05	-7.408011e-04	
    1.078454	    0.007266	-2.632406e-05	-8.642462e-04	
    1.078454	    0.007266	-8.647155e-05	-9.030928e-04	


    1.078454	    0.007266	-8.647155e-05	-9.030928e-04	
    1.078454	    0.007266	-1.381546e-04	-8.535383e-04	
    1.078454	    0.007266	-1.763141e-04	-7.204336e-04	
    1.078454	    0.007266	-1.972148e-04	-5.168079e-04	
    1.078454	    0.007266	-1.988107e-04	-2.625934e-04	
    1.078454	    0.007266	-1.809456e-04	1.732563e-05	
    1.078454	    0.007266	-1.453683e-04	2.955487e-04	
    1.078454	    0.007266	-9.556139e-05	5.448413e-04	
    1.078454	    0.007266	-3.640022e-05	7.408011e-04	
    1.078454	    0.007266	2.632406e-05	8.642462e-04	
    1.078454	    0.007266	8.647155e-05	9.030928e-04	
    1.078454	    0.007266	1.381546e-04	8.535383e-04	
    1.078454	    0.007266	1.763141e-04	7.204336e-04	
    1.078454	    0.007266	1.972148e-04	5.168079e-04	
    1.078454	    0.007266	1.988107e-04	2.625934e-04	
    1.078454	    0.007266	1.809456e-04	-1.732563e-05	
    1.078454	    0.007266	1.453683e-04	-2.955487e-04	
    1.078454	    0.007266	9.556139e-05	-5.448413e-04	
    1.078454	    0.007266	3.640022e-05	-7.408011e-04	
    1.078454	    0.007266	-2.632406e-05	-8.642462e-04	
    1.078454	    0.007266	-8.647155e-05	-9.030928e-04	


    1.032530	    0.236120	-6.926878e-06	-7.759610e-04	
    1.032530	    0.236120	-6.320343e-05	-7.374774e-04	
    1.032530	    0.236120	-1.132932e-04	-6.268043e-04	
    1.032530	    0.236120	-1.522930e-04	-4.547753e-04	
    1.032530	    0.236120	-1.763854e-04	-2.382297e-04	
    1.032530	    0.236120	-1.832119e-04	1.635503e-06	
    1.032530	    0.236120	-1.721043e-04	2.413406e-04	
    1.032530	    0.236120	-1.441500e-04	4.574216e-04	
    1.032530	    0.236120	-1.020853e-04	6.287270e-04	
    1.032530	    0.236120	-5.002773e-05	7.384882e-04	
    1.032530	    0.236120	6.926878e-06	7.759610e-04	
    1.032530	    0.236120	6.320343e-05	7.374774e-04	
    1.032530	    0.236120	1.132932e-04	6.268043e-04	
    1.032530	    0.236120	1.522930e-04	4.547753e-04	
    1.032530	    0.236120	1.763854e-04	2.382297e-04	
    1.032530	    0.236120	1.832119e-04	-1.635503e-06	
    1.032530	    0.236120	1.721043e-04	-2.413406e-04	
    1.032530	    0.236120	1.441500e-04	-4.574216e-04	
    1.032530	    0.236120	1.020853e-04	-6.287270e-04	
    1.032530	    0.236120	5.002773e-05	-7.384882e-04	
    1.032530	    0.236120	-6.926878e-06	-7.759610e-04	


    1.032530	    0.236120	-6.926878e-06	-7.759610e-04	
    1.032530	    0.236120	-6.320343e-05	-7.374774e-04	
    1.032530	    0.236120	-1.132932e-04	-6.268043e-04	
    1.032530	    0.236120	-1.522930e-04	-4.547753e-04	
    1.032530	    0.236120	-1.763854e-04	-2.382297e-04	
    1.032530	    0.236120	-1.832119e-04	1.635503e-06	
    1.032530	    0.236120	-1.721043e-04	2.413406e-04	
    1.032530	    0.236120	-1.441500e-04	4.574216e-04	
    1.032530	    0.236120	-1.020853e-04	6.287270e-04	
    1.032530	    0.236120	-5.002773e-05	7.384882e-04	
    1.032530	    0.236120	6.926878e-06	7.759610e-04	
    1.032530	    0.236120	6.320343e-05	7.374774e-04	
    1.032530	    0.236120	1.132932e-04	6.268043e-04	
    1.032530	    0.236120	1.522930e-04	4.547753e-04	
    1.032530	    0.236120	1.763854e-04	2.382297e-04	
    1.032530	    0.236120	1.832119e-04	-1.635503e-06	
    1.032530	    0.236120	1.721043e-04	-2.413406e-04	
    1.032530	    0.236120	1.441500e-04	-4.574216e-04	
    1.032530	    0.236120	1.020853e-04	-6.287270e-04	
    1.032530	    0.236120	5.002773e-05	-7.384882e-04	
    1.032530	    0.236120	-6.926878e-06	-7.759610e-04	


    0.933732	    0.452007	6.145427e-05	-6.395731e-04	
    0.933732	    0.452007	2.248064e-06	-6.136700e-04	
    0.933732	    0.452007	-5.717820e-05	-5.276967e-04	
    0.933732	    0.452007	-1.110075e-04	-3.900687e-04	
    0.933732	    0.452007	-1.539705e-04	-2.142581e-04	
    0.933732	    0.452007	-1.818619e-04	-1.747445e-05	
    0.933732	    0.452007	-1.919514e-04	1.810198e-04	
    0.933732	    0.452007	-1.832513e-04	3.617945e-04	
    0.933732	    0.452007	-1.566133e-04	5.071543e-04	
    0.933732	    0.452007	-1.146449e-04	6.028702e-04	
    0.933732	    0.452007	-6.145427e-05	6.395731e-04	
    0.933732	    0.452007	-2.248064e-06	6.136700e-04	
    0.933732	    0.452007	5.717820e-05	5.276967e-04	
    0.933732	    0.452007	1.110075e-04	3.900687e-04	
    0.933732	    0.452007	1.539705e-04	2.142581e-04	
    0.933732	    0.452007	1.818619e-04	1.747445e-05	
    0.933732	    0.452007	1.919514e-04	-1.810198e-04	
    0.933732	    0.452007	1.832513e-04	-3.617945e-04	
    0.933732	    0.452007	1.566133e-04	-5.071543e-04	
    0.933732	    0.452007	1.146449e-04	-6.028702e-04	
    0.933732	    0.452007	6.145427e-05	-6.395731e-04	


    0.933732	    0.452007	6.145427e-05	-6.395731e-04	
    0.933732	    0.452007	2.248064e-06	-6.136700e-04	
    0.933732	    0.452007	-5.717820e-05	-5.276967e-04	
    0.933732	    0.452007	-1.110075e-04	-3.900687e-04	
    0.933732	    0.452007	-1.539705e-04	-2.142581e-04	
    0.933732	    0.452007	-1.818619e-04	-1.747445e-05	
    0.933732	    0.452007	-1.919514e-04	1.810198e-04	
    0.933732	    0.452007	-1.832513e-04	3.617945e-04	
    0.933732	    0.452007	-1.566133e-04	5.071543e-04	
    0.933732	    0.452007	-1.146449e-04	6.028702e-04	
    0.933732	    0.452007	-6.145427e-05	6.395731e-04	
    0.933732	    0.452007	-2.248064e-06	6.136700e-04	
    0.933732	    0.452007	5.717820e-05	5.276967e-04	
    0.933732	    0.452007	1.110075e-04	3.900687e-04	
    0.933732	    0.452007	1.539705e-04	2.142581e-04	
    0.933732	    0.452007	1.818619e-04	1.747445e-05	
    0.933732	    0.452007	1.919514e-04	-1.810198e-04	
    0.933732	    0.452007	1.832513e-04	-3.617945e-04	
    0.933732	    0.452007	1.566133e-04	-5.071543e-04	
    0.933732	    0.452007	1.146449e-04	-6.028702e-04	
    0.933732	    0.452007	6.145427e-05	-6.395731e-04	


    0.784019	    0.642800	1.040126e-04	-5.015444e-04	
    0.784019	    0.642800	4.270812e-05	-4.886549e-04	
    0.784019	    0.642800	-2.277688e-05	-4.279325e-04	
    0.784019	    0.642800	-8.603232e-05	-3.253211e-04	
    0.784019	    0.642800	-1.408663e-04	-1.908649e-04	
    0.784019	    0.642800	-1.819113e-04	-3.772560e-05	
    0.784019	    0.642800	-2.051496e-04	1.191066e-04	
    0.784019	    0.642800	-2.083064e-04	2.642798e-04	
    0.784019	    0.642800	-1.910727e-04	3.835834e-04	
    0.784019	    0.642800	-1.551355e-04	4.653392e-04	
    0.784019	    0.642800	-1.040126e-04	5.015444e-04	
    0.784019	    0.642800	-4.270812e-05	4.886549e-04	
    0.784019	    0.642800	2.277688e-05	4.279325e-04	
    0.784019	    0.642800	8.603232e-05	3.253211e-04	
    0.784019	    0.642800	1.408663e-04	1.908649e-04	
    0.784019	    0.642800	1.819113e-04	3.772560e-05	
    0.784019	    0.642800	2.051496e-04	-1.191066e-04	
    0.784019	    0.642800	2.083064e-04	-2.642798e-04	
    0.784019	    0.642800	1.910727e-04	-3.835834e-04	
    0.784019	    0.642800	1.551355e-04	-4.653392e-04	
    0.784019	    0.642800	1.040126e-04	-5.015444e-04	


    0.784019	    0.642800	1.040126e-04	-5.015444e-04	
    0.784019	    0.642800	4.270812e-05	-4.886549e-04	
    0.784019	    0.642800	-2.277688e-05	-4.279325e-04	
    0.784019	    0.642800	-8.603232e-05	-3.253211e-04	
    0.784019	    0.642800	-1.408663e-04	-1.908649e-04	
    0.784019	    0.642800	-1.819113e-04	-3.772560e-05	
    0.784019	    0.642800	-2.051496e-04	1.191066e-04	
    0.784019	    0.642800	-2.083064e-04	2.642798e-04	
    0.784019	    0.642800	-1.910727e-04	3.835834e-04	
    0.784019	    0.642800	-1.551355e-04	4.653392e-04	
    0.784019	    0.642800	-1.040126e-04	5.015444e-04	
    0.784019	    0.642800	-4.270812e-05	4.886549e-04	
    0.784019	    0.642800	2.277688e-05	4.279325e-04	
    0.784019	    0.642800	8.603232e-05	3.253211e-04	
    0.784019	    0.642800	1.408663e-04	1.908649e-04	
    0.784019	    0.642800	1.819113e-04	3.772560e-05	
    0.784019	    0.642800	2.051496e-04	-1.191066e-04	
    0.784019	    0.642800	2.083064e-04	-2.642798e-04	
    0.784019	    0.642800	1.910727e-04	-3.835834e-04	
    0.784019	    0.642800	1.551355e-04	-4.653392e-04	
    0.784019	    0.642800	1.040126e-04	-5.015444e-04	


    0.588468	    0.795788	1.273951e-04	-3.776124e-04	
    0.588468	    0.795788	6.496791e-05	-3.780882e-04	
    0.588468	    0.795788	-3.818757e-06	-3.415541e-04	
    0.588468	    0.795788	-7.223161e-05	-2.715864e-04	
    0.588468	    0.795788	-1.335739e-04	-1.750338e-04	
    0.588468	    0.795788	-1.818411e-04	-6.134771e-05	
    0.588468	    0.795788	-2.123084e-04	5.834351e-05	
    0.588468	    0.795788	-2.219935e-04	1.723237e-04	
    0.588468	    0.795788	-2.099483e-04	2.694356e-04	
    0.588468	    0.795788	-1.773519e-04	3.401733e-04	
    0.588468	    0.795788	-1.273951e-04	3.776124e-04	
    0.588468	    0.795788	-6.496791e-05	3.780882e-04	
    0.588468	    0.795788	3.818757e-06	3.415541e-04	
    0.588468	    0.795788	7.223161e-05	2.715864e-04	
    0.588468	    0.795788	1.335739e-04	1.750338e-04	
    0.588468	    0.795788	1.818411e-04	6.134771e-05	
    0.588468	    0.795788	2.123084e-04	-5.834351e-05	
    0.588468	    0.795788	2.219935e-04	-1.723237e-04	
    0.588468	    0.795788	2.099483e-04	-2.694356e-04	
    0.588468	    0.795788	1.773519e-04	-3.401733e-04	
    0.588468	    0.795788	1.273951e-04	-3.776124e-04	


    0.588468	    0.795788	1.273951e-04	-3.776124e-04	
    0.588468	    0.795788	6.496791e-05	-3.780882e-04	
    0.588468	    0.795788	-3.818757e-06	-3.415541e-04	
    0.588468	    0.795788	-7.223161e-05	-2.715864e-04	
    0.588468	    0.795788	-1.335739e-04	-1.750338e-04	
    0.588468	    0.795788	-1.818411e-04	-6.134771e-05	
    0.588468	    0.795788	-2.123084e-04	5.834351e-05	
    0.588468	    0.795788	-2.219935e-04	1.723237e-04	
    0.588468	    0.795788	-2.099483e-04	2.694356e-04	
    0.588468	    0.795788	-1.773519e-04	3.401733e-04	
    0.588468	    0.795788	-1.273951e-04	3.776124e-04	
    0.588468	    0.795788	-6.496791e-05	3.780882e-04	
    0.588468	    0.795788	3.818757e-06	3.415541e-04	
    0.588468	    0.795788	7.223161e-05	2.715864e-04	
    0.588468	    0.795788	1.335739e-04	1.750338e-04	
    0.588468	    0.795788	1.818411e-04	6.134771e-05	
    0.588468	    0.795788	2.123084e-04	-5.834351e-05	
    0.588468	    0.795788	2.219935e-04	-1.723237e-04	
    0.588468	    0.795788	2.099483e-04	-2.694356e-04	
    0.588468	    0.795788	1.773519e-04	-3.401733e-04	
    0.588468	    0.795788	1.273951e-04	-3.776124e-04	


    0.356135	    0.898495	1.266446e-04	-2.707895e-04	
    0.356135	    0.898495	6.286443e-05	-2.844664e-04	
    0.356135	    0.898495	-7.069356e-06	-2.702976e-04	
    0.356135	    0.898495	-7.631115e-05	-2.296703e-04	
    0.356135	    0.898495	-1.380831e-04	-1.665612e-04	
    0.356135	    0.898495	-1.863385e-04	-8.714799e-05	
    0.356135	    0.898495	-2.163538e-04	7.959098e-07	
    0.356135	    0.898495	-2.251908e-04	8.866190e-05	
    0.356135	    0.898495	-2.119846e-04	1.678490e-04	
    0.356135	    0.898495	-1.780279e-04	2.306059e-04	
    0.356135	    0.898495	-1.266446e-04	2.707895e-04	
    0.356135	    0.898495	-6.286443e-05	2.844664e-04	
    0.356135	    0.898495	7.069356e-06	2.702976e-04	
    0.356135	    0.898495	7.631115e-05	2.296703e-04	
    0.356135	    0.898495	1.380831e-04	1.665612e-04	
    0.356135	    0.898495	1.863385e-04	8.714799e-05	
    0.356135	    0.898495	2.163538e-04	-7.959098e-07	
    0.356135	    0.898495	2.251908e-04	-8.866190e-05	
    0.356135	    0.898495	2.119846e-04	-1.678490e-04	
    0.356135	    0.898495	1.780279e-04	-2.306059e-04	
    0.356135	    0.898495	1.266446e-04	-2.707895e-04	


    0.356135	    0.898495	1.266446e-04	-2.707895e-04	
    0.356135	    0.898495	6.286443e-05	-2.844664e-04	
    0.356135	    0.898495	-7.069356e-06	-2.702976e-04	
    0.356135	    0.898495	-7.631115e-05	-2.296703e-04	
    0.356135	    0.898495	-1.380831e-04	-1.665612e-04	
    0.356135	    0.898495	-1.863385e-04	-8.714799e-05	
    0.356135	    0.898495	-2.163538e-04	7.959098e-07	
    0.356135	    0.898495	-2.251908e-04	8.866190e-05	
    0.356135	    0.898495	-2.119846e-04	1.678490e-04	
    0.356135	    0.898495	-1.780279e-04	2.306059e-04	
    0.356135	    0.898495	-1.266446e-04	2.707895e-04	
    0.356135	    0.898495	-6.286443e-05	2.844664e-04	
    0.356135	    0.898495	7.069356e-06	2.702976e-04	
    0.356135	    0.898495	7.631115e-05	2.296703e-04	
    0.356135	    0.898495	1.380831e-04	1.665612e-04	
    0.356135	    0.898495	1.863385e-04	8.714799e-05	
    0.356135	    0.898495	2.163538e-04	-7.959098e-07	
    0.356135	    0.898495	2.251908e-04	-8.866190e-05	
    0.356135	    0.898495	2.119846e-04	-1.678490e-04	
    0.356135	    0.898495	1.780279e-04	-2.306059e-04	
    0.356135	    0.898495	1.266446e-04	-2.707895e-04	


    0.099977	    0.940423	1.269750e-04	1.837430e-04	
    0.099977	    0.940423	1.776520e-04	1.354352e-04	
    0.099977	    0.940423	2.109391e-04	7.387015e-05	
    0.099977	    0.940423	2.235780e-04	5.074136e-06	
    0.099977	    0.940423	2.143316e-04	-6.421857e-05	
    0.099977	    0.940423	1.841049e-04	-1.272251e-04	
    0.099977	    0.940423	1.358567e-04	-1.777780e-04	
    0.099977	    0.940423	7.430991e-05	-2.109287e-04	
    0.099977	    0.940423	5.489155e-06	-2.234323e-04	
    0.099977	    0.940423	-6.386891e-05	-2.140647e-04	
    0.099977	    0.940423	-1.269750e-04	-1.837430e-04	
    0.099977	    0.940423	-1.776520e-04	-1.354352e-04	
    0.099977	    0.940423	-2.109391e-04	-7.387015e-05	
    0.099977	    0.940423	-2.235780e-04	-5.074136e-06	
    0.099977	    0.940423	-2.143316e-04	6.421857e-05	
    0.099977	    0.940423	-1.841049e-04	1.272251e-04	
    0.099977	    0.940423	-1.358567e-04	1.777780e-04	
    0.099977	    0.940423	-7.430991e-05	2.109287e-04	
    0.099977	    0.940423	-5.489155e-06	2.234323e-04	
    0.099977	    0.940423	6.386891e-05	2.140647e-04	
    0.099977	    0.940423	1.269750e-04	1.837430e-04	


    0.099977	    0.940423	1.269750e-04	1.837430e-04	
    0.099977	    0.940423	1.776520e-04	1.354352e-04	
    0.099977	    0.940423	2.109391e-04	7.387015e-05	
    0.099977	    0.940423	2.235780e-04	5.074136e-06	
    0.099977	    0.940423	2.143316e-04	-6.421857e-05	
    0.099977	    0.940423	1.841049e-04	-1.272251e-04	
    0.099977	    0.940423	1.358567e-04	-1.777780e-04	
    0.099977	    0.940423	7.430991e-05	-2.109287e-04	
    0.099977	    0.940423	5.489155e-06	-2.234323e-04	
    0.099977	    0.940423	-6.386891e-05	-2.140647e-04	
    0.099977	    0.940423	-1.269750e-04	-1.837430e-04	
    0.099977	    0.940423	-1.776520e-04	-1.354352e-04	
    0.099977	    0.940423	-2.109391e-04	-7.387015e-05	
    0.099977	    0.940423	-2.235780e-04	-5.074136e-06	
    0.099977	    0.940423	-2.143316e-04	6.421857e-05	
    0.099977	    0.940423	-1.841049e-04	1.272251e-04	
    0.099977	    0.940423	-1.358567e-04	1.777780e-04	
    0.099977	    0.940423	-7.430991e-05	2.109287e-04	
    0.099977	    0.940423	-5.489155e-06	2.234323e-04	
    0.099977	    0.940423	6.386891e-05	2.140647e-04	
    0.099977	    0.940423	1.269750e-04	1.837430e-04	


