
    0.000000    0.292664    0.956215   -0.000059   -0.993372    0.251207    0.021357
    0.000000    0.292664    0.956215   -0.000059   -0.993366    0.251200    0.021353
    0.027522    0.265218    0.962765    0.000529   -1.001059    0.224737    0.021346
    0.055043    0.237569    0.968583    0.001116   -1.008020    0.197995    0.021323
    0.082565    0.209740    0.973661    0.001702   -1.014238    0.170995    0.021284
    0.110087    0.181749    0.977993    0.002288   -1.019701    0.143760    0.021229
    0.137608    0.153619    0.981572    0.002871   -1.024399    0.116313    0.021156
    0.165130    0.125370    0.984393    0.003452   -1.028320    0.088676    0.021067
    0.192651    0.097024    0.986452    0.004030   -1.031457    0.060874    0.020962
    0.220173    0.068603    0.987743    0.004606   -1.033801    0.032931    0.020840
    0.247695    0.040128    0.988263    0.005177   -1.035345    0.004872    0.020701
    0.247695    0.040128    0.988263    0.005177   -1.035339    0.004867    0.020696
    0.275216    0.011621    0.988010    0.005745   -1.036076   -0.023283    0.020540
    0.302738   -0.016894    0.986981    0.006308   -1.036000   -0.051497    0.020368
    0.330260   -0.045396    0.985175    0.006866   -1.035107   -0.079751    0.020179
    0.357781   -0.073862    0.982591    0.007418   -1.033394   -0.108017    0.019974
    0.385303   -0.102270    0.979230    0.007965   -1.030858   -0.136268    0.019753
    0.412824   -0.130596    0.975091    0.008505   -1.027496   -0.164479    0.019515
    0.440346   -0.158819    0.970177    0.009039   -1.023309   -0.192621    0.019261
    0.467868   -0.186915    0.964489    0.009565   -1.018297   -0.220667    0.018991
    0.495389   -0.214862    0.958032    0.010084   -1.012461   -0.248591    0.018706
    0.495389   -0.214862    0.958032    0.010084   -1.012455   -0.248595    0.018701
    0.522911   -0.242636    0.950807    0.010595   -1.005798   -0.276369    0.018400
    0.550433   -0.270217    0.942821    0.011097   -0.998324   -0.303965    0.018084
    0.577954   -0.297580    0.934078    0.011590   -0.990038   -0.331356    0.017753
    0.605476   -0.324704    0.924584    0.012074   -0.980945   -0.358516    0.017407
    0.632998   -0.351567    0.914346    0.012548   -0.971052   -0.385417    0.017047
    0.660519   -0.378147    0.903372    0.013012   -0.960367   -0.412032    0.016673
    0.688041   -0.404422    0.891670    0.013466   -0.948900   -0.438335    0.016285
    0.715562   -0.430370    0.879248    0.013908   -0.936660   -0.464300    0.015883
    0.743084   -0.455971    0.866117    0.014340   -0.923659   -0.489901    0.015469
    0.743084   -0.455971    0.866116    0.014340   -0.923654   -0.489902    0.015463
    0.770606   -0.481204    0.852286    0.014760   -0.909904   -0.515114    0.015036
    0.798127   -0.506048    0.837767    0.015167   -0.895418   -0.539912    0.014597
    0.825649   -0.530484    0.822571    0.015563   -0.880210   -0.564272    0.014146
    0.853171   -0.554491    0.806712    0.015946   -0.864296   -0.588170    0.013684
    0.880692   -0.578051    0.790201    0.016316   -0.847691   -0.611583    0.013211
    0.908214   -0.601145    0.773053    0.016673   -0.830413   -0.634489    0.012728
    0.935735   -0.623754    0.755281    0.017016   -0.812478   -0.656866    0.012234
    0.963257   -0.645861    0.736902    0.017346   -0.793906   -0.678694    0.011732
    0.990779   -0.667447    0.717929    0.017662   -0.774717   -0.699952    0.011220
    0.990779   -0.667447    0.717930    0.017662   -0.774713   -0.699947    0.011214
    1.018300   -0.688497    0.698380    0.017964   -0.754925   -0.720616    0.010695
    1.045822   -0.708995    0.678270    0.018251   -0.734561   -0.740677    0.010167
    1.073344   -0.728925    0.657617    0.018523   -0.713640   -0.760113    0.009632
    1.100865   -0.748272    0.636437    0.018781   -0.692186   -0.778907    0.009090
    1.128387   -0.767021    0.614749    0.019023   -0.670221   -0.797044    0.008542
    1.155909   -0.785158    0.592571    0.019251   -0.647768   -0.814509    0.007988
    1.183430   -0.802671    0.569922    0.019463   -0.624850   -0.831288    0.007430
    1.210952   -0.819548    0.546821    0.019660   -0.601491   -0.847369    0.006866
    1.238473   -0.835776    0.523287    0.019841   -0.577715   -0.862739    0.006299
    1.238473   -0.835776    0.523287    0.019841   -0.577716   -0.862728    0.006293
    1.265995   -0.851344    0.499340    0.020006   -0.553549   -0.877377    0.005722
    1.293517   -0.866241    0.475000    0.020156   -0.529015   -0.891295    0.005148
    1.321038   -0.880459    0.450287    0.020290   -0.504138   -0.904474    0.004572
    1.348560   -0.893988    0.425222    0.020408   -0.478945   -0.916904    0.003994
    1.376082   -0.906819    0.399825    0.020510   -0.453459   -0.928581    0.003415
    1.403603   -0.918945    0.374117    0.020596   -0.427707   -0.939497    0.002836
    1.431125   -0.930359    0.348119    0.020666   -0.401714   -0.949649    0.002256
    1.458646   -0.941055    0.321852    0.020720   -0.375505   -0.959032    0.001676
    1.486168   -0.951027    0.295338    0.020758   -0.349105   -0.967644    0.001097
    1.486168   -0.951027    0.295339    0.020758   -0.349112   -0.967627    0.001090
    1.513690   -0.960270    0.268598    0.020780   -0.322547   -0.975466    0.000512
    1.541211   -0.968780    0.241653    0.020786   -0.295841   -0.982530   -0.000063
    1.568733   -0.976553    0.214524    0.020777   -0.269018   -0.988820   -0.000636
    1.596255   -0.983587    0.187232    0.020751   -0.242105   -0.994337   -0.001206
    1.623776   -0.989879    0.159799    0.020710   -0.215124   -0.999081   -0.001773
    1.651298   -0.995427    0.132246    0.020654   -0.188099   -1.003057   -0.002336
    1.678820   -1.000232    0.104595    0.020582   -0.161055   -1.006267   -0.002895
    1.706341   -1.004292    0.076865    0.020494   -0.134013   -1.008715   -0.003449
    1.733863   -1.007609    0.049079    0.020392   -0.106998   -1.010407   -0.003998
    1.733863   -1.007610    0.049079    0.020392   -0.107011   -1.010375   -0.004011
    1.761384   -1.010184    0.021257    0.020274   -0.080044   -1.011315   -0.004555
    1.788906   -1.012016   -0.006580    0.020141   -0.053147   -1.011510   -0.005092
    1.816428   -1.013110   -0.034413    0.019994   -0.026342   -1.010968   -0.005624
    1.843949   -1.013467   -0.062220    0.019832    0.000350   -1.009696   -0.006148
    1.871471   -1.013092   -0.089983    0.019655    0.026909   -1.007701   -0.006666
    1.898993   -1.011988   -0.117681    0.019465    0.053315   -1.004994   -0.007176
    1.926514   -1.010159   -0.145295    0.019260    0.079549   -1.001582   -0.007678
    1.954036   -1.007611   -0.172805    0.019042    0.105591   -0.997477   -0.008173
    1.981557   -1.004349   -0.200193    0.018811    0.131424   -0.992688   -0.008659
    1.981557   -1.004350   -0.200193    0.018811    0.131396   -0.992620   -0.008684
    2.009079   -1.000381   -0.227438    0.018565    0.157001   -0.987159   -0.009161
    2.036601   -0.995710   -0.254523    0.018307    0.182362   -0.981035   -0.009630
    2.064122   -0.990345   -0.281431    0.018035    0.207461   -0.974262   -0.010089
    2.091644   -0.984294   -0.308144    0.017751    0.232284   -0.966851   -0.010539
    2.119166   -0.977562   -0.334644    0.017455    0.256814   -0.958815   -0.010979
    2.146687   -0.970161   -0.360915    0.017147    0.281036   -0.950165   -0.011409
    2.174209   -0.962096   -0.386939    0.016827    0.304937   -0.940915   -0.011829
    2.201731   -0.953379   -0.412700    0.016496    0.328503   -0.931077   -0.012239
    2.229252   -0.944018   -0.438183    0.016154    0.351720   -0.920666   -0.012639
    2.229252   -0.944018   -0.438183    0.016154    0.351661   -0.920567   -0.012675
    2.256774   -0.934025   -0.463369    0.015799    0.374517   -0.909596   -0.013063
    2.284295   -0.923407   -0.488246    0.015435    0.396999   -0.898078   -0.013442
    2.311817   -0.912176   -0.512797    0.015060    0.419097   -0.886027   -0.013809
    2.339339   -0.900342   -0.537011    0.014675    0.440799   -0.873457   -0.014165
    2.366860   -0.887917   -0.560871    0.014280    0.462096   -0.860383   -0.014510
    2.394382   -0.874911   -0.584364    0.013876    0.482977   -0.846818   -0.014843
    2.421904   -0.861336   -0.607478    0.013463    0.503432   -0.832776   -0.015165
    2.449425   -0.847204   -0.630199    0.013042    0.523454   -0.818273   -0.015476
    2.476947   -0.832528   -0.652514    0.012611    0.543033   -0.803322   -0.015775
    2.476947   -0.832528   -0.652515    0.012611    0.542953   -0.803234   -0.015808
    2.504468   -0.817321   -0.674410    0.012172    0.562083   -0.787849   -0.016095
    2.531990   -0.801593   -0.695877    0.011726    0.580755   -0.772045   -0.016371
    2.559512   -0.785358   -0.716903    0.011271    0.598962   -0.755836   -0.016635
    2.587033   -0.768629   -0.737477    0.010810    0.616699   -0.739237   -0.016887
    2.614555   -0.751418   -0.757589    0.010342    0.633959   -0.722261   -0.017127
    2.642077   -0.733738   -0.777229    0.009868    0.650737   -0.704922   -0.017355
    2.669598   -0.715603   -0.796387    0.009387    0.667027   -0.687236   -0.017572
    2.697120   -0.697027   -0.815054    0.008900    0.682825   -0.669215   -0.017776
    2.724642   -0.678023   -0.833220    0.008409    0.698127   -0.650873   -0.017969
    2.724642   -0.678023   -0.833221    0.008409    0.698066   -0.650831   -0.017988
    2.752163   -0.658606   -0.850877    0.007911    0.712867   -0.632183   -0.018169
    2.779685   -0.638789   -0.868015    0.007409    0.727163   -0.613243   -0.018337
    2.807206   -0.618586   -0.884629    0.006902    0.740952   -0.594022   -0.018494
    2.834728   -0.598009   -0.900710    0.006391    0.754231   -0.574537   -0.018639
    2.862250   -0.577075   -0.916251    0.005876    0.766997   -0.554798   -0.018773
    2.889771   -0.555796   -0.931246    0.005357    0.779247   -0.534821   -0.018894
    2.917293   -0.534187   -0.945687    0.004836    0.790980   -0.514617   -0.019004
    2.944815   -0.512263   -0.959570    0.004312    0.802194   -0.494200   -0.019102
    2.972336   -0.490037   -0.972888    0.003785    0.812888   -0.473583   -0.019188
    2.972336   -0.490037   -0.972888    0.003785    0.812854   -0.473571   -0.019199
    2.999858   -0.467524   -0.985636    0.003255    0.823026   -0.452766   -0.019273
    3.027379   -0.444739   -0.997808    0.002724    0.832675   -0.431786   -0.019337
    3.054901   -0.421696   -1.009401    0.002191    0.841802   -0.410643   -0.019388
    3.082423   -0.398409   -1.020410    0.001657    0.850406   -0.389350   -0.019429
    3.109944   -0.374892   -1.030831    0.001122    0.858485   -0.367918   -0.019458
    3.137466   -0.351160   -1.040660    0.000586    0.866042   -0.346360   -0.019476
    3.164988   -0.327227   -1.049895    0.000050    0.873075   -0.324687   -0.019482
    3.192509   -0.303108   -1.058531   -0.000486    0.879585   -0.302911   -0.019478
    3.220031   -0.278816   -1.066567   -0.001022    0.885573   -0.281043   -0.019462
    3.220031   -0.278816   -1.066567   -0.001022    0.885544   -0.281040   -0.019470
    3.247553   -0.254368   -1.074000   -0.001558    0.891011   -0.259092   -0.019443
    3.275074   -0.229777   -1.080828   -0.002092    0.895958   -0.237076   -0.019406
    3.302596   -0.205056   -1.087049   -0.002626    0.900386   -0.215001   -0.019358
    3.330117   -0.180221   -1.092662   -0.003158    0.904296   -0.192879   -0.019299
    3.357639   -0.155286   -1.097665   -0.003688    0.907690   -0.170721   -0.019230
    3.385161   -0.130264   -1.102058   -0.004216    0.910570   -0.148537   -0.019150
    3.412682   -0.105170   -1.105841   -0.004742    0.912938   -0.126338   -0.019060
    3.440204   -0.080017   -1.109012   -0.005265    0.914794   -0.104134   -0.018960
    3.467726   -0.054821   -1.111573   -0.005786    0.916142   -0.081936   -0.018849
    3.467726   -0.054821   -1.111573   -0.005786    0.916102   -0.081939   -0.018855
    3.495247   -0.029596   -1.113523   -0.006303    0.916944   -0.059756   -0.018735
    3.522769   -0.004354   -1.114862   -0.006817    0.917281   -0.037599   -0.018604
    3.550290    0.020890   -1.115592   -0.007327    0.917117   -0.015477   -0.018464
    3.577812    0.046123   -1.115715   -0.007833    0.916455    0.006599   -0.018314
    3.605334    0.071330   -1.115230   -0.008335    0.915295    0.028621   -0.018154
    3.632855    0.096499   -1.114140   -0.008832    0.913642    0.050579   -0.017985
    3.660377    0.121615   -1.112446   -0.009325    0.911499    0.072463   -0.017807
    3.687899    0.146666   -1.110152   -0.009812    0.908867    0.094264   -0.017619
    3.715420    0.171638   -1.107259   -0.010294    0.905751    0.115972   -0.017422
    3.715420    0.171638   -1.107259   -0.010294    0.905666    0.115956   -0.017424
    3.742942    0.196515   -1.103770   -0.010771    0.902069    0.137563   -0.017218
    3.770464    0.221287   -1.099688   -0.011242    0.897992    0.159061   -0.017003
    3.797985    0.245939   -1.095016   -0.011707    0.893441    0.180439   -0.016779
    3.825507    0.270460   -1.089757   -0.012165    0.888419    0.201690   -0.016547
    3.853028    0.294836   -1.083915   -0.012618    0.882928    0.222803   -0.016306
    3.880550    0.319055   -1.077494   -0.013063    0.876972    0.243772   -0.016057
    3.908072    0.343104   -1.070499   -0.013501    0.870556    0.264587   -0.015800
    3.935593    0.366969   -1.062932   -0.013933    0.863682    0.285240   -0.015534
    3.963115    0.390639   -1.054800   -0.014356    0.856354    0.305721   -0.015261
    3.963115    0.390639   -1.054800   -0.014356    0.856172    0.305651   -0.015247
    3.990637    0.414096   -1.046108   -0.014772    0.848395    0.325954   -0.014965
    4.018158    0.437334   -1.036860   -0.015180    0.840173    0.346070   -0.014676
    4.045680    0.460338   -1.027061   -0.015580    0.831509    0.365990   -0.014379
    4.073201    0.483099   -1.016716   -0.015971    0.822407    0.385707   -0.014075
    4.100723    0.505602   -1.005832   -0.016355    0.812872    0.405212   -0.013763
    4.128245    0.527838   -0.994414   -0.016729    0.802908    0.424498   -0.013444
    4.155766    0.549793   -0.982468   -0.017094    0.792520    0.443556   -0.013118
    4.183288    0.571457   -0.970001   -0.017451    0.781710    0.462378   -0.012785
    4.210810    0.592817   -0.957020   -0.017798    0.770485    0.480957   -0.012445
    4.210810    0.592817   -0.957020   -0.017798    0.769964    0.480632   -0.012355
    4.238331    0.613849   -0.943539   -0.018133    0.758328    0.498960   -0.012008
    4.265853    0.634554   -0.929558   -0.018459    0.746285    0.517029   -0.011655
    4.293375    0.654923   -0.915083   -0.018775    0.733841    0.534831   -0.011296
    4.320896    0.674944   -0.900121   -0.019081    0.720999    0.552359   -0.010930
    4.348418    0.694605   -0.884682   -0.019376    0.707765    0.569605   -0.010559
    4.375939    0.713898   -0.868771   -0.019662    0.694145    0.586562   -0.010181
    4.403461    0.732810   -0.852398   -0.019937    0.680142    0.603221   -0.009798
    4.430983    0.751331   -0.835571   -0.020201    0.665762    0.619576   -0.009409
    4.458504    0.769452   -0.818297   -0.020455    0.651010    0.635618   -0.009015
    4.458504    0.769452   -0.818297   -0.020455    0.649726    0.634398   -0.008657
    4.486026    0.787126   -0.800621   -0.020687    0.634608    0.650121   -0.008257
    4.513548    0.804380   -0.782516   -0.020909    0.619131    0.665517   -0.007853
    4.541069    0.821202   -0.763992   -0.021120    0.603298    0.680580   -0.007443
    4.568591    0.837584   -0.745057   -0.021319    0.587116    0.695301   -0.007029
    4.596112    0.853516   -0.725723   -0.021506    0.570590    0.709673   -0.006611
    4.623634    0.868988   -0.705998   -0.021683    0.553727    0.723690   -0.006188
    4.651156    0.883992   -0.685892   -0.021847    0.536532    0.737343   -0.005761
    4.678677    0.898518   -0.665416   -0.022000    0.519011    0.750625   -0.005330
    4.706199    0.912557   -0.644579   -0.022140    0.501171    0.763530   -0.004895
    4.706199    0.912557   -0.644579   -0.022140    0.499387    0.760933   -0.004121
    4.733721    0.926052   -0.623464   -0.022248    0.481234    0.773453   -0.003683
    4.761242    0.939043   -0.602009   -0.022343    0.462774    0.785582   -0.003242
    4.788764    0.951522   -0.580226   -0.022426    0.444015    0.797313   -0.002797
    4.816285    0.963480   -0.558126   -0.022497    0.424963    0.808638   -0.002350
    4.843807    0.974910   -0.535720   -0.022556    0.405624    0.819551   -0.001901
    4.871329    0.985804   -0.513019   -0.022602    0.386006    0.830044   -0.001449
    4.898850    0.996155   -0.490035   -0.022635    0.366115    0.840110   -0.000995
    4.926372    1.005954   -0.466781   -0.022656    0.345959    0.849743   -0.000539
    4.953894    1.015195   -0.443267   -0.022665    0.325544    0.858935   -0.000081
    4.953894    1.015195   -0.443267   -0.022665    0.324369    0.856066    0.000770
    4.981415    1.023839   -0.419585   -0.022637    0.303704    0.864811    0.001230
    5.008937    1.031910   -0.395669   -0.022597    0.282797    0.873102    0.001690
    5.036459    1.039402   -0.371531   -0.022544    0.261655    0.880933    0.002150
    5.063980    1.046310   -0.347184   -0.022479    0.240285    0.888296    0.002612
    5.091502    1.052627   -0.322641   -0.022401    0.218697    0.895185    0.003073
    5.119023    1.058346   -0.297914   -0.022310    0.196898    0.901593    0.003535
    5.146545    1.063463   -0.273019   -0.022206    0.174897    0.907513    0.003997
    5.174067    1.067971   -0.247967   -0.022090    0.152702    0.912938    0.004458
    5.201588    1.071866   -0.222772   -0.021961    0.130322    0.917861    0.004919
    5.201588    1.071866   -0.222772   -0.021961    0.129783    0.914748    0.005838
    5.229110    1.075128   -0.197535   -0.021794    0.107228    0.919163    0.006297
    5.256632    1.077767   -0.172183   -0.021614    0.084507    0.923065    0.006755
    5.284153    1.079778   -0.146731   -0.021422    0.061629    0.926446    0.007212
    5.311675    1.081158   -0.121193   -0.021217    0.038604    0.929301    0.007666
    5.339196    1.081902   -0.095584   -0.021000    0.015443    0.931622    0.008118
    5.366718    1.082007   -0.069919   -0.020770   -0.007846    0.933403    0.008568
    5.394240    1.081469   -0.044212   -0.020528   -0.031251    0.934637    0.009014
    5.421761    1.080285   -0.018478   -0.020274   -0.054762    0.935319    0.009458
    5.449283    1.078454    0.007266   -0.020008   -0.078367    0.935441    0.009899
    5.449283    1.078454    0.007266   -0.020008   -0.078214    0.932441    0.010785
    5.476805    1.075975    0.032924   -0.019705   -0.101904    0.931999    0.011222
    5.504326    1.072844    0.058561   -0.019390   -0.125665    0.930987    0.011654
    5.531848    1.069058    0.084163   -0.019063   -0.149486    0.929399    0.012082
    5.559370    1.064615    0.109713   -0.018725   -0.173355    0.927230    0.012505
    5.586891    1.059515    0.135195   -0.018375   -0.197261    0.924474    0.012922
    5.614413    1.053757    0.160594   -0.018014   -0.221189    0.921124    0.013334
    5.641934    1.047340    0.185892   -0.017641   -0.245128    0.917176    0.013741
    5.669456    1.040265    0.211072   -0.017258   -0.269064    0.912624    0.014141
    5.696978    1.032530    0.236120   -0.016863   -0.292982    0.907464    0.014534
    5.696978    1.032530    0.236120   -0.016863   -0.292161    0.904580    0.015380
    5.724499    1.024161    0.260937   -0.016434   -0.316049    0.898806    0.015767
    5.752021    1.015134    0.285587   -0.015995   -0.339891    0.892416    0.016146
    5.779543    1.005453    0.310053   -0.015546   -0.363674    0.885405    0.016517
    5.807064    0.995117    0.334317   -0.015086   -0.387383    0.877768    0.016880
    5.834586    0.984131    0.358362   -0.014617   -0.411001    0.869502    0.017235
    5.862107    0.972495    0.382172   -0.014138   -0.434514    0.860603    0.017580
    5.889629    0.960215    0.405727   -0.013649   -0.457905    0.851067    0.017917
    5.917151    0.947292    0.429011   -0.013151   -0.481157    0.840891    0.018243
    5.944672    0.933732    0.452007   -0.012645   -0.504254    0.830072    0.018560
    5.944672    0.933732    0.452007   -0.012645   -0.503748    0.829151    0.018823
    5.972194    0.919552    0.474670   -0.012123   -0.526672    0.817688    0.019129
    5.999716    0.904744    0.497009   -0.011592   -0.549406    0.805579    0.019424
    6.027237    0.889313    0.519006   -0.011054   -0.571932    0.792822    0.019709
    6.054759    0.873265    0.540642   -0.010507   -0.594230    0.779415    0.019982
    6.082281    0.856607    0.561901   -0.009954   -0.616283    0.765359    0.020242
    6.109802    0.839345    0.582764   -0.009393   -0.638071    0.750653    0.020491
    6.137324    0.821488    0.603214   -0.008826   -0.659575    0.735297    0.020727
    6.164845    0.803043    0.623231   -0.008253   -0.680773    0.719293    0.020950
    6.192367    0.784019    0.642800   -0.007673   -0.701647    0.702641    0.021159
    6.192367    0.784019    0.642800   -0.007673   -0.701638    0.702627    0.021158
    6.219889    0.764425    0.661901   -0.007088   -0.722166    0.685331    0.021354
    6.247410    0.744272    0.680517   -0.006498   -0.742326    0.667392    0.021535
    6.274932    0.723569    0.698630   -0.005903   -0.762098    0.648814    0.021702
    6.302454    0.702327    0.716224   -0.005303   -0.781459    0.629602    0.021854
    6.329975    0.680559    0.733280   -0.004700   -0.800388    0.609760    0.021991
    6.357497    0.658275    0.749781   -0.004093   -0.818862    0.589295    0.022113
    6.385018    0.635490    0.765711   -0.003483   -0.836859    0.568213    0.022218
    6.412540    0.612216    0.781052   -0.002870   -0.854356    0.546521    0.022307
    6.440062    0.588468    0.795788   -0.002255   -0.871330    0.524229    0.022379
    6.440062    0.588468    0.795788   -0.002255   -0.870884    0.523934    0.022470
    6.467583    0.564273    0.809894   -0.001636   -0.887312    0.501050    0.022525
    6.495105    0.539633    0.823362   -0.001016   -0.903171    0.477586    0.022563
    6.522627    0.514565    0.836176   -0.000394   -0.918438    0.453551    0.022583
    6.550148    0.489085    0.848322    0.000227   -0.933090    0.428960    0.022586
    6.577670    0.463210    0.859783    0.000849   -0.947103    0.403824    0.022570
    6.605192    0.436959    0.870545    0.001469   -0.960454    0.378159    0.022536
    6.632713    0.410350    0.880593    0.002089   -0.973120    0.351980    0.022482
    6.660235    0.383402    0.889914    0.002707   -0.985079    0.325304    0.022410
    6.687756    0.356135    0.898495    0.003322   -0.996308    0.298148    0.022319
    6.687756    0.356135    0.898495    0.003322   -0.996119    0.298081    0.022336
    6.715278    0.328574    0.906319    0.003935   -1.006595    0.270466    0.022225
    6.742800    0.300736    0.913378    0.004545   -1.016297    0.242410    0.022094
    6.770321    0.272641    0.919658    0.005151   -1.025203    0.213935    0.021943
    6.797843    0.244313    0.925150    0.005753   -1.033293    0.185064    0.021772
    6.825365    0.215773    0.929842    0.006350   -1.040545    0.155821    0.021582
    6.852886    0.187045    0.933724    0.006941   -1.046941    0.126231    0.021371
    6.880408    0.158154    0.936787    0.007526   -1.052461    0.096318    0.021139
    6.907929    0.129123    0.939023    0.008104   -1.057086    0.066112    0.020888
    6.935451    0.099977    0.940423    0.008675   -1.060800    0.035640    0.020615
    6.935451    0.099977    0.940423    0.008675   -1.060259    0.035607    0.020636

    0.000000    0.099977    0.940423    0.008675   -1.060259    0.035607    0.020636
    0.000000    0.099977    0.940423    0.008675   -1.060259    0.035607    0.020636
    0.027388    0.070898    0.940981    0.009237   -1.063034    0.005049    0.020345
    0.054776    0.041756    0.940698    0.009790   -1.064875   -0.025714    0.020034
    0.082164    0.012577    0.939571    0.010334   -1.065769   -0.056648    0.019703
    0.109552   -0.016613    0.937594    0.010869   -1.065701   -0.087723    0.019352
    0.136940   -0.045789    0.934764    0.011394   -1.064662   -0.118906    0.018982
    0.164328   -0.074922    0.931080    0.011908   -1.062639   -0.150162    0.018591
    0.191716   -0.103987    0.926539    0.012412   -1.059625   -0.181456    0.018181
    0.219104   -0.132955    0.921140    0.012904   -1.055611   -0.212752    0.017753
    0.246492   -0.161800    0.914885    0.013384   -1.050591   -0.244016    0.017305
    0.246492   -0.161800    0.914885    0.013384   -1.050583   -0.244020    0.017303
    0.273881   -0.190493    0.907775    0.013852   -1.044553   -0.275212    0.016837
    0.301269   -0.219007    0.899811    0.014306   -1.037511   -0.306297    0.016353
    0.328657   -0.247315    0.890998    0.014747   -1.029454   -0.337235    0.015851
    0.356045   -0.275388    0.881341    0.015174   -1.020384   -0.367989    0.015332
    0.383433   -0.303198    0.870843    0.015587   -1.010302   -0.398520    0.014796
    0.410821   -0.330719    0.859514    0.015985   -0.999213   -0.428788    0.014244
    0.438209   -0.357922    0.847359    0.016367   -0.987122   -0.458755    0.013676
    0.465597   -0.384780    0.834388    0.016734   -0.974037   -0.488382    0.013092
    0.492985   -0.411267    0.820611    0.017084   -0.959969   -0.517631    0.012495
    0.492985   -0.411267    0.820611    0.017084   -0.959967   -0.517635    0.012494
    0.520373   -0.437355    0.806038    0.017418   -0.944925   -0.546465    0.011882
    0.547761   -0.463018    0.790681    0.017735   -0.928925   -0.574840    0.011257
    0.575149   -0.488229    0.774555    0.018034   -0.911980   -0.602722    0.010620
    0.602537   -0.512964    0.757672    0.018316   -0.894108   -0.630073    0.009971
    0.629925   -0.537197    0.740047    0.018580   -0.875328   -0.656856    0.009312
    0.657313   -0.560903    0.721697    0.018826   -0.855660   -0.683037    0.008642
    0.684701   -0.584058    0.702639    0.019054   -0.835128   -0.708579    0.007962
    0.712089   -0.606640    0.682890    0.019262   -0.813754   -0.733451    0.007274
    0.739477   -0.628625    0.662470    0.019452   -0.791564   -0.757618    0.006579
    0.739477   -0.628625    0.662470    0.019452   -0.791565   -0.757621    0.006579
    0.766866   -0.649992    0.641397    0.019623   -0.768587   -0.781052    0.005877
    0.794254   -0.670719    0.619694    0.019774   -0.744850   -0.803718    0.005169
    0.821642   -0.690785    0.597380    0.019906   -0.720384   -0.825589    0.004456
    0.849030   -0.710172    0.574479    0.020018   -0.695220   -0.846638    0.003739
    0.876418   -0.728860    0.551012    0.020111   -0.669391   -0.866839    0.003018
    0.903806   -0.746833    0.527004    0.020183   -0.642931   -0.886169    0.002296
    0.931194   -0.764072    0.502479    0.020236   -0.615875   -0.904604    0.001572
    0.958582   -0.780563    0.477462    0.020269   -0.588258   -0.922125    0.000848
    0.985970   -0.796290    0.451978    0.020283   -0.560117   -0.938712    0.000124
    0.985970   -0.796290    0.451978    0.020283   -0.559439   -0.938326    0.001293
    1.013358   -0.811221    0.426062    0.020308   -0.530811   -0.953963    0.000571
    1.040746   -0.825362    0.399732    0.020314   -0.501735   -0.968634   -0.000151
    1.068134   -0.838700    0.373013    0.020300   -0.472249   -0.982327   -0.000871
    1.095522   -0.851226    0.345933    0.020266   -0.442390   -0.995030   -0.001588
    1.122910   -0.862930    0.318518    0.020213   -0.412199   -1.006734   -0.002301
    1.150298   -0.873802    0.290797    0.020140   -0.381713   -1.017429   -0.003009
    1.177686   -0.883836    0.262797    0.020048   -0.350973   -1.027112   -0.003712
    1.205074   -0.893025    0.234545    0.019937   -0.320017   -1.035777   -0.004408
    1.232462   -0.901364    0.206070    0.019807   -0.288884   -1.043422   -0.005098
    1.232462   -0.901364    0.206070    0.019807   -0.288886   -1.043425   -0.005094
    1.259851   -0.908848    0.177400    0.019658   -0.257615   -1.050050   -0.005776
    1.287239   -0.915474    0.148562    0.019491   -0.226244   -1.055656   -0.006449
    1.314627   -0.921240    0.119585    0.019305   -0.194811   -1.060245   -0.007113
    1.342015   -0.926145    0.090495    0.019101   -0.163352   -1.063823   -0.007767
    1.369403   -0.930188    0.061322    0.018879   -0.131905   -1.066395   -0.008410
    1.396791   -0.933370    0.032091    0.018640   -0.100506   -1.067970   -0.009042
    1.424179   -0.935694    0.002831    0.018384   -0.069190   -1.068555   -0.009663
    1.451567   -0.937162   -0.026431    0.018111   -0.037991   -1.068163   -0.010271
    1.478955   -0.937776   -0.055670    0.017822   -0.006942   -1.066804   -0.010866
    1.478955   -0.937776   -0.055670    0.017822   -0.006946   -1.066807   -0.010860
    1.506343   -0.937544   -0.084858    0.017516    0.023920   -1.064495   -0.011442
    1.533731   -0.936468   -0.113970    0.017195    0.054571   -1.061243   -0.012010
    1.561119   -0.934557   -0.142980    0.016859    0.084978   -1.057068   -0.012563
    1.588507   -0.931816   -0.171864    0.016507    0.115110   -1.051986   -0.013102
    1.615895   -0.928254   -0.200596    0.016141    0.144939   -1.046013   -0.013625
    1.643283   -0.923880   -0.229152    0.015761    0.174439   -1.039169   -0.014134
    1.670671   -0.918702   -0.257510    0.015367    0.203584   -1.031472   -0.014626
    1.698059   -0.912732   -0.285645    0.014960    0.232348   -1.022942   -0.015102
    1.725447   -0.905979   -0.313535    0.014540    0.260708   -1.013599   -0.015562
    1.725447   -0.905979   -0.313535    0.014540    0.260703   -1.013603   -0.015558
    1.752835   -0.898455   -0.341159    0.014108    0.288637   -1.003469   -0.016001
    1.780224   -0.890173   -0.368494    0.013664    0.316122   -0.992564   -0.016428
    1.807612   -0.881143   -0.395521    0.013208    0.343140   -0.980912   -0.016838
    1.835000   -0.871381   -0.422218    0.012741    0.369671   -0.968533   -0.017231
    1.862388   -0.860899   -0.448567    0.012264    0.395697   -0.955450   -0.017606
    1.889776   -0.849711   -0.474548    0.011777    0.421202   -0.941688   -0.017965
    1.917164   -0.837832   -0.500143    0.011281    0.446170   -0.927267   -0.018306
    1.944552   -0.825277   -0.525334    0.010775    0.470587   -0.912212   -0.018630
    1.971940   -0.812060   -0.550104    0.010260    0.494439   -0.896546   -0.018936
    1.971940   -0.812060   -0.550104    0.010260    0.494434   -0.896552   -0.018934
    1.999328   -0.798199   -0.574438    0.009738    0.517709   -0.880298   -0.019223
    2.026716   -0.783708   -0.598319    0.009207    0.540396   -0.863480   -0.019494
    2.054104   -0.768603   -0.621731    0.008670    0.562484   -0.846120   -0.019749
    2.081492   -0.752902   -0.644661    0.008126    0.583964   -0.828242   -0.019986
    2.108880   -0.736622   -0.667094    0.007575    0.604828   -0.809869   -0.020206
    2.136268   -0.719778   -0.689018    0.007019    0.625068   -0.791023   -0.020409
    2.163656   -0.702389   -0.710419    0.006458    0.644678   -0.771728   -0.020595
    2.191044   -0.684471   -0.731286    0.005891    0.663651   -0.752005   -0.020764
    2.218432   -0.666042   -0.751608    0.005320    0.681983   -0.731876   -0.020916
    2.218432   -0.666042   -0.751608    0.005320    0.681977   -0.731882   -0.020915
    2.245820   -0.647121   -0.771372    0.004746    0.699664   -0.711370   -0.021051
    2.273209   -0.627723   -0.790570    0.004167    0.716701   -0.690497   -0.021170
    2.300597   -0.607868   -0.809192    0.003586    0.733087   -0.669282   -0.021273
    2.327985   -0.587574   -0.827228    0.003002    0.748819   -0.647747   -0.021359
    2.355373   -0.566857   -0.