0	  1.00000e-05 1.00000e-05 1.00000e-05 1.00000e-06 1.00000e-06 1.00000e-06
 0	  1.00000e-05 1.00000e-05 1.00000e-05 5.67531e-07 1.50957e-06 5.68315e-07

 1	  8.89883e-06 9.55141e-06 8.50087e-06 2.13145e-06 8.09066e-07 2.09430e-06
 1	  8.89883e-06 9.55141e-06 8.50087e-06 3.05416e-06 6.75324e-07 2.32662e-06

 2	  7.52170e-06 1.05020e-05 6.04084e-06 3.86417e-06 2.29886e-06 4.89822e-06
 2	  7.52170e-06 1.05020e-05 6.04084e-06 6.33913e-06 1.50400e-06 1.30279e-06

 3	  6.15137e-06 1.29201e-05 4.43958e-06 4.72880e-06 4.14984e-06 3.00611e-06
 3	  6.15137e-06 1.29201e-05 4.43958e-06 5.21309e-06 3.86138e-06 1.71393e-06

 4	  4.67186e-06 1.71405e-05 2.97230e-06 3.70069e-06 5.90171e-06 3.27676e-06
 4	  4.67186e-06 1.71405e-05 2.97230e-06 3.35392e-06 5.34271e-06 2.19604e-06

 5	  3.03577e-06 2.20337e-05 1.72707e-06 4.17707e-06 4.60032e-06 3.50805e-06
 5	  3.03577e-06 2.20337e-05 1.72707e-06 3.70581e-06 4.32604e-06 2.73267e-06

 6	  1.50584e-06 2.60085e-05 7.74636e-07 6.09761e-06 1.92249e-06 3.71009e-06
 6	  1.50584e-06 2.60085e-05 7.74636e-07 5.66887e-06 1.39949e-06 2.68549e-06

 7	  6.54771e-07 2.71408e-05 2.31434e-07 7.11506e-06 5.06941e-07 3.22211e-06
 7	  6.54771e-07 2.71408e-05 2.31434e-07 6.58980e-06 3.50648e-07 2.36449e-06

 8	  7.41804e-07 2.50013e-05 4.92135e-08 5.50852e-06 2.30063e-06 2.53501e-06
 8	  7.41804e-07 2.50013e-05 4.92135e-08 5.51096e-06 2.26655e-06 2.06326e-06

 9	  1.45705e-06 2.04895e-05 1.39674e-07 2.88532e-06 5.62878e-06 1.97929e-06
 9	  1.45705e-06 2.04895e-05 1.39674e-07 3.14370e-06 5.04064e-06 1.55435e-06

10	  2.23580e-06 1.52620e-05 4.03569e-07 8.13182e-07 7.49763e-06 1.32522e-06
10	  2.23580e-06 1.52620e-05 4.03569e-07 9.57904e-07 7.15434e-06 1.09012e-06

11	  2.59942e-06 1.04205e-05 7.43496e-07 7.46727e-08 7.67508e-06 8.09524e-07
11	  2.59942e-06 1.04205e-05 7.43496e-07 5.17821e-08 7.22708e-06 6.13373e-07

12	  2.40626e-06 6.69788e-06 1.04182e-06 5.26734e-07 6.03892e-06 3.78644e-07
12	  2.40626e-06 6.69788e-06 1.04182e-06 3.25879e-07 5.85649e-06 2.41752e-07

13	  1.86212e-06 4.17857e-06 1.21599e-06 1.30218e-06 3.90926e-06 1.09591e-07
13	  1.86212e-06 4.17857e-06 1.21599e-06 1.10655e-06 3.76205e-06 8.79135e-08

14	  1.20609e-06 2.67848e-06 1.25802e-06 1.91399e-06 1.97550e-06 5.59141e-08
14	  1.20609e-06 2.67848e-06 1.25802e-06 1.55539e-06 2.04353e-06 7.45528e-08

15	  6.76528e-07 1.84920e-06 1.13144e-06 1.82819e-06 8.22618e-07 1.63633e-07
15	  6.76528e-07 1.84920e-06 1.13144e-06 1.56377e-06 8.58504e-07 1.11892e-07

16	  3.51859e-07 1.44394e-06 9.53531e-07 1.38195e-06 2.50243e-07 2.35691e-07
16	  3.51859e-07 1.44394e-06 9.53531e-07 1.20197e-06 2.77341e-07 1.71414e-07

17	  1.98756e-07 1.27182e-06 7.48760e-07 8.30170e-07 6.34659e-08 3.13712e-07
17	  1.98756e-07 1.27182e-06 7.48760e-07 7.16269e-07 6.87378e-08 2.38880e-07

18	  1.42349e-07 1.21227e-06 5.42342e-07 3.96030e-07 3.08977e-08 3.83638e-07
18	  1.42349e-07 1.21227e-06 5.42342e-07 3.15069e-07 2.23020e-08 2.62728e-07

19	  1.16169e-07 1.19496e-06 3.65274e-07 1.57318e-07 2.83899e-08 3.88899e-07
19	  1.16169e-07 1.19496e-06 3.65274e-07 1.22054e-07 2.71677e-08 2.98082e-07

20	  8.80692e-08 1.12846e-06 2.20604e-07 9.98542e-08 6.61665e-08 4.03644e-07
20	  8.80692e-08 1.12846e-06 2.20604e-07 8.08901e-08 4.58457e-08 2.90070e-07

21	  5.91267e-08 1.01080e-06 1.18318e-07 1.02002e-07 1.32492e-07 3.67206e-07
21	  5.91267e-08 1.01080e-06 1.18318e-07 9.54116e-08 1.34041e-07 2.89247e-07

22	  4.02187e-08 8.15877e-07 5.48018e-08 9.37785e-08 2.89318e-07 3.39130e-07
22	  4.02187e-08 8.15877e-07 5.48018e-08 1.16714e-07 2.22473e-07 2.16248e-07

23	  3.36146e-08 6.02118e-07 2.79466e-08 7.57951e-08 3.81571e-07 2.38287e-07
23	  3.36146e-08 6.02118e-07 2.79466e-08 9.38851e-08 2.81811e-07 1.45708e-07

24	  3.68504e-08 4.09359e-07 2.33138e-08 3.90210e-08 3.87746e-07 1.49482e-07
24	  3.68504e-08 4.09359e-07 2.33138e-08 4.39065e-08 3.15151e-07 1.01049e-07

25	  4.39104e-08 2.52970e-07 3.02141e-08 1.71423e-08 3.47027e-07 9.43868e-08
25	  4.39104e-08 2.52970e-07 3.02141e-08 1.74003e-08 2.73955e-07 5.50942e-08

26	  4.92957e-08 1.46355e-07 3.90633e-08 1.90237e-08 2.40919e-07 4.61316e-08
26	  4.92957e-08 1.46355e-07 3.90633e-08 1.38330e-08 2.21029e-07 3.88210e-08

27	  5.07609e-08 8.09217e-08 4.68835e-08 3.91381e-08 1.58517e-07 3.04844e-08
27	  5.07609e-08 8.09217e-08 4.68835e-08 2.58215e-08 1.39534e-07 2.69859e-08

28	  5.00173e-08 4.99477e-08 4.98009e-08 4.35384e-08 8.79038e-08 2.38355e-08
28	  5.00173e-08 4.99477e-08 4.98009e-08 3.72392e-08 8.34109e-08 2.57970e-08

  5.01022e-08 4.96759e-08 4.99877e-08
  1.05782e-07 2.39802e-08 1.66849e-08

 0	      0.0000098550	      0.0012496611	      0.0034828147	
1	      0.0000091703	      0.0010161845	      0.0028332705	
2	      0.0000076411	      0.0011306985	      0.0031499893	
3	      0.0000063285	      0.0004356582	      0.0012170754	
4	      0.0000059039	      0.0003481213	      0.0009733752	
5	      0.0000072849	      0.0002258691	      0.0006350027	
6	      0.0000128008	      0.0002943189	      0.0008307487	
7	      0.0000320098	      0.0002686351	      0.0007785793	
8	      0.0000763237	      0.0001769149	      0.0005679915	
9	      0.0001209819	      0.0002065126	      0.0006949055	
10	      0.0001249173	      0.0001165713	      0.0004488831	
11	      0.0000782803	      0.0001629569	      0.0005311573	
12	      0.0000396490	      0.0001715616	      0.0005164395	
13	      0.0000318561	      0.0000992548	      0.0003076972	
14	      0.0000417625	      0.0001615088	      0.0004906149	
15	      0.0000869849	      0.0001141153	      0.0004041253	
16	      0.0001961634	      0.0001140575	      0.0005131431	
17	      0.0006204727	      0.0000812828	      0.0008463676	
18	      0.0018070701	      0.0001157877	      0.0021288581	
19	      0.0032432002	      0.0000929770	      0.0035015945	
20	      0.0032146191	      0.0001027075	      0.0035000557	
21	      0.0032906393	      0.0000753527	      0.0035000536	
22	      0.0031318761	      0.0001325467	      0.0035002394	
23	      0.0031158252	      0.0001382594	      0.0035000650	
24	      0.0010834472	      0.0000780081	      0.0013002413	
25	      0.0000161161	      0.0000958626	      0.0002825299	
26	      0.0005419767	      0.0000313233	      0.0006290280	
27	      0.0002012557	      0.0000491798	      0.0003379323	
28	      0.0005422813	      0.0000220842	      0.0006036560	

FLeg = 0.0420064346
