0	  5.04228e-08 5.24096e-08 4.63821e-08 4.62830e-08 4.56563e-08 2.56461e-08
 0	  5.04228e-08 5.24096e-08 4.63821e-08 4.62830e-08 4.56563e-08 2.56461e-08

 1	  4.55304e-08 5.88455e-08 4.40296e-08 5.33724e-08 5.42331e-08 3.13960e-08
 1	  4.55304e-08 5.88455e-08 4.40296e-08 4.19170e-08 4.31604e-08 2.70517e-08

 2	  4.12308e-08 8.32881e-08 3.92644e-08 3.76635e-08 7.97660e-08 3.61075e-08
 2	  4.12308e-08 8.32881e-08 3.92644e-08 3.06748e-08 6.90762e-08 3.58642e-08

 3	  3.63993e-08 1.25974e-07 3.24010e-08 3.83829e-08 1.11406e-07 4.78833e-08
 3	  3.63993e-08 1.25974e-07 3.24010e-08 2.80361e-08 1.05052e-07 3.84221e-08

 4	  3.39720e-08 1.84924e-07 2.65038e-08 7.65074e-08 1.23337e-07 4.92277e-08
 4	  3.39720e-08 1.84924e-07 2.65038e-08 4.57782e-08 1.30820e-07 5.34564e-08

 5	  4.31351e-08 2.50814e-07 2.14092e-08 1.32439e-07 1.06871e-07 6.31651e-08
 5	  4.31351e-08 2.50814e-07 2.14092e-08 7.96669e-08 1.31812e-07 5.54081e-08

 6	  7.45417e-08 3.06589e-07 2.10356e-08 1.71844e-07 7.84886e-08 5.89544e-08
 6	  7.45417e-08 3.06589e-07 2.10356e-08 1.19963e-07 1.00272e-07 5.86165e-08

 7	  1.32838e-07 3.33897e-07 2.35676e-08 1.78123e-07 5.37814e-08 5.85504e-08
 7	  1.32838e-07 3.33897e-07 2.35676e-08 1.42983e-07 6.26635e-08 5.84370e-08

 8	  2.12118e-07 3.26660e-07 3.01242e-08 1.51486e-07 4.87875e-08 5.39718e-08
 8	  2.12118e-07 3.26660e-07 3.01242e-08 1.24438e-07 4.89722e-08 5.10036e-08

 9	  2.92307e-07 2.89309e-07 3.91767e-08 1.10562e-07 6.70245e-08 4.42758e-08
 9	  2.92307e-07 2.89309e-07 3.91767e-08 8.57059e-08 4.79260e-08 4.37855e-08

10	  3.51332e-07 2.52742e-07 4.89454e-08 8.10245e-08 7.21356e-08 3.68115e-08
10	  3.51332e-07 2.52742e-07 4.89454e-08 4.79524e-08 4.71518e-08 3.34029e-08

  5.00073e-07 1.04275e-07 4.86713e-08
  5.00136e-08 4.55873e-08 3.29062e-08

 0	      0.0000000000	      0.0000000000	      0.0000000000	
1	      0.0000100741	      0.0000484356	      0.0001446824	
2	      0.0000046579	      0.0000526216	      0.0001508996	
3	      0.0000036117	      0.0000476628	      0.0001360725	
4	      0.0014033095	      0.0000791066	      0.0016231563	
5	      0.0000061803	      0.0000977108	      0.0002777304	
6	      0.0000080573	      0.0000876138	      0.0002515466	
7	      0.0000081049	      0.0000673648	      0.0001953199	
8	      0.0000079373	      0.0000465550	      0.0001373193	
9	      0.0000084837	      0.0000558327	      0.0001636496	
10	      0.0000100355	      0.0001137580	      0.0003261827	

FLeg = 0.0034065593

F = 0.0480720294
