 0  3.007812e-10 3.007812e-10 3.007812e-10 1.058507e-07 1.058507e-07 1.058507e-07
 0  3.007812e-10 3.007812e-10 3.007812e-10 7.360650e-09 1.380636e-08 8.067548e-09

 1  2.237539e-10 2.150713e-10 2.431505e-10 7.809075e-09 1.341704e-08 7.785602e-09
 1  2.237539e-10 2.150713e-10 2.431505e-10 9.336508e-09 3.339293e-09 3.856860e-09

 2  9.251557e-11 1.410621e-10 1.500590e-10 8.906499e-09 3.718938e-09 3.608346e-09
 2  9.251557e-11 1.410621e-10 1.500590e-10 2.988543e-09 2.508033e-09 1.838727e-09

 3  5.198397e-11 8.699563e-11 1.003017e-10 2.692579e-09 2.889141e-09 1.737171e-09
 3  5.198397e-11 8.699563e-11 1.003017e-10 2.692579e-09 2.889141e-09 1.737171e-09

  3.503586e-11 1.287686e-10 7.547688e-11
  2.285178e-09 4.751285e-09 2.824281e-10

 0  2.7813637164e-07	  2.6977654597e-04	  7.5001988902e-04	
 1  5.3078696452e-07	  1.0542711593e-04	  2.9352553338e-04	
 2  2.6142228093e-07	  6.2095867657e-05	  1.7283337246e-04	
 3  0.0000000000e+00	  0.0000000000e+00	  0.0000000000e+00	

FLeg = 1.2163787949e-03
