 0  5.198397e-11 8.699563e-11 1.003017e-10 2.692579e-09 2.889141e-09 1.737171e-09
 0  5.198397e-11 8.699563e-11 1.003017e-10 1.134505e-09 2.865747e-09 2.040252e-09

 1  5.237681e-11 6.190608e-11 5.888685e-11 1.040594e-09 3.045607e-09 1.942530e-09
 1  5.237681e-11 6.190608e-11 5.888685e-11 2.215120e-10 2.920332e-09 2.445474e-09

 2  5.849283e-11 3.699172e-11 2.976877e-11 2.685086e-10 2.925788e-09 2.325213e-09
 2  5.849283e-11 3.699172e-11 2.976877e-11 5.989390e-10 4.067788e-10 2.757782e-10

 3  4.499022e-11 3.288367e-11 3.166541e-11 6.621989e-10 3.901923e-10 2.796350e-10
 3  4.499022e-11 3.288367e-11 3.166541e-11 6.621989e-10 3.901923e-10 2.796350e-10

  6.460642e-11 2.370911e-11 2.122378e-11
  7.652579e-10 7.268508e-11 4.940833e-10

 0  5.7740117336e-08	  2.8273927072e-05	  7.8634413863e-05	
 1  6.5028951038e-08	  3.5991030116e-05	  1.0008846836e-04	
 2  2.0984915814e-08	  4.3682269087e-05	  1.2141931058e-04	
 3  0.0000000000e+00	  0.0000000000e+00	  0.0000000000e+00	

FLeg = 3.0014219280e-04
