 0  4.499022e-11 3.288367e-11 3.166541e-11 6.621989e-10 3.901923e-10 2.796350e-10
 0  4.499022e-11 3.288367e-11 3.166541e-11 4.394566e-11 1.288272e-10 3.100256e-10

 1  4.654679e-11 3.358241e-11 3.333293e-11 6.878901e-11 1.204835e-10 2.601618e-10
 1  4.654679e-11 3.358241e-11 3.333293e-11 1.511437e-11 8.336365e-11 3.024546e-10

 2  5.074386e-11 3.445147e-11 4.078678e-11 2.540762e-11 8.938289e-11 2.857656e-10
 2  5.074386e-11 3.445147e-11 4.078678e-11 4.510980e-10 5.042679e-10 7.662377e-11

 3  4.196565e-11 3.248224e-11 4.394355e-11 5.804082e-10 4.379535e-10 6.066424e-11
 3  4.196565e-11 3.248224e-11 4.394355e-11 5.804082e-10 4.379535e-10 6.066424e-11

  5.590286e-11 2.647839e-11 3.601019e-11
  7.094227e-10 3.417141e-10 2.788919e-11

 0  5.5946470320e-08	  2.7113349661e-05	  7.5407234781e-05	
 1  6.8469977703e-08	  7.4809964016e-06	  2.0859066631e-05	
 2  3.7153381331e-08	  2.3069018344e-05	  6.4148754273e-05	
 3  0.0000000000e+00	  0.0000000000e+00	  0.0000000000e+00	

FLeg = 1.6041505569e-04
