 0  2.809345e-10 2.405597e-10 1.431598e-10 9.128520e-12 5.506688e-11 5.129963e-11
 0  2.809345e-10 2.405597e-10 1.431598e-10 1.257897e-11 5.757741e-11 4.921191e-11

 1  2.826397e-10 2.365869e-10 1.577136e-10 2.406976e-12 8.591236e-11 9.053806e-11
 1  2.826397e-10 2.365869e-10 1.577136e-10 2.836808e-12 7.830233e-11 9.377627e-11

 2  2.890414e-10 2.298276e-10 1.770877e-10 3.818827e-12 1.031086e-10 1.512975e-10
 2  2.890414e-10 2.298276e-10 1.770877e-10 1.856866e-11 6.146674e-11 1.030957e-10

 3  2.998908e-10 2.251260e-10 1.978121e-10 3.508346e-11 7.367819e-11 1.696673e-10
 3  2.998908e-10 2.251260e-10 1.978121e-10 3.508346e-11 7.367819e-11 1.696673e-10

  3.402468e-10 2.342099e-10 1.483722e-10
  1.484386e-11 2.242474e-10 3.933774e-11

 0  1.5705012849e-07	  1.2375127136e-06	  3.5962481042e-06	
 1  1.2304088500e-07	  1.6678342488e-06	  4.7581546172e-06	
 2  2.7504091894e-07	  3.3081799688e-06	  9.4688744266e-06	
 3  0.0000000000e+00	  0.0000000000e+00	  0.0000000000e+00	

FLeg = 1.7823277148e-05

F = 3.0455763670e-03
F = 3.1203356648 [m/s]
