0	  1.00000e-05 1.00000e-05 1.00000e-05 1.00000e-06 1.00000e-06 1.00000e-06
 0	  1.00000e-05 1.00000e-05 1.00000e-05 5.87155e-07 1.74040e-06 6.29118e-07

 1	  8.87930e-06 9.50039e-06 8.66574e-06 2.15685e-06 9.09652e-07 1.98848e-06
 1	  8.87930e-06 9.50039e-06 8.66574e-06 3.50869e-06 7.05385e-07 2.18649e-06

 2	  7.17657e-06 9.95055e-06 6.22740e-06 4.66382e-06 1.41781e-06 4.73632e-06
 2	  7.17657e-06 9.95055e-06 6.22740e-06 6.23576e-06 6.93767e-07 2.26167e-06

 3	  5.35350e-06 1.19715e-05 4.23652e-06 5.45743e-06 3.39579e-06 4.37581e-06
 3	  5.35350e-06 1.19715e-05 4.23652e-06 5.62629e-06 1.66228e-06 1.45619e-06

 4	  3.98503e-06 1.47681e-05 2.90093e-06 3.72487e-06 3.33591e-06 2.87006e-06
 4	  3.98503e-06 1.47681e-05 2.90093e-06 3.34129e-06 2.73143e-06 2.00457e-06

 5	  2.60589e-06 1.79169e-05 1.71681e-06 3.45582e-06 2.60093e-06 3.23973e-06
 5	  2.60589e-06 1.79169e-05 1.71681e-06 3.11799e-06 2.11154e-06 2.64106e-06

 6	  1.34991e-06 2.00004e-05 7.78382e-07 4.62382e-06 1.14270e-06 3.59445e-06
 6	  1.34991e-06 2.00004e-05 7.78382e-07 3.36076e-06 5.95990e-07 2.28426e-06

 7	  6.99925e-07 1.96312e-05 2.53270e-07 4.10804e-06 1.11839e-06 2.79923e-06
 7	  6.99925e-07 1.96312e-05 2.53270e-07 3.88508e-06 7.76117e-07 1.90885e-06

 8	  6.47348e-07 1.75112e-05 4.82902e-08 3.00683e-06 2.68526e-06 2.09905e-06
 8	  6.47348e-07 1.75112e-05 4.82902e-08 3.25112e-06 2.35304e-06 1.64671e-06

 9	  9.99930e-07 1.39933e-05 7.25676e-08 1.50791e-06 4.82125e-06 1.62185e-06
 9	  9.99930e-07 1.39933e-05 7.25676e-08 1.80804e-06 4.12847e-06 1.21656e-06

10	  1.42034e-06 1.02336e-05 2.45091e-07 4.00522e-07 5.64059e-06 1.06553e-06
10	  1.42034e-06 1.02336e-05 2.45091e-07 4.76543e-07 5.37532e-06 9.27378e-07

11	  1.61123e-06 6.87311e-06 4.95602e-07 1.40408e-07 5.46919e-06 7.20432e-07
11	  1.61123e-06 6.87311e-06 4.95602e-07 9.37705e-08 5.04779e-06 5.02786e-07

12	  1.51684e-06 4.38758e-06 7.27991e-07 5.66794e-07 4.04728e-06 3.19209e-07
12	  1.51684e-06 4.38758e-06 7.27991e-07 3.08557e-07 3.82179e-06 1.64118e-07

13	  1.25884e-06 2.76714e-06 8.55458e-07 9.40997e-07 2.45766e-06 6.71391e-08
13	  1.25884e-06 2.76714e-06 8.55458e-07 7.87730e-07 2.45545e-06 4.38763e-08

14	  9.54890e-07 1.80955e-06 8.86971e-07 1.23774e-06 1.28774e-06 2.04995e-08
14	  9.54890e-07 1.80955e-06 8.86971e-07 1.05898e-06 1.22576e-06 2.71685e-08

15	  6.98620e-07 1.32523e-06 8.29893e-07 1.17307e-06 5.12324e-07 6.77948e-08
15	  6.98620e-07 1.32523e-06 8.29893e-07 9.57174e-07 4.81224e-07 5.00261e-08

16	  5.35418e-07 1.11688e-06 7.30905e-07 8.23341e-07 1.57478e-07 1.20106e-07
16	  5.35418e-07 1.11688e-06 7.30905e-07 6.21152e-07 1.64981e-07 7.25801e-08

17	  4.31255e-07 1.04411e-06 6.08565e-07 4.40022e-07 5.33053e-08 1.58992e-07
17	  4.31255e-07 1.04411e-06 6.08565e-07 3.95805e-07 4.82327e-08 1.29810e-07

18	  3.41240e-07 1.03719e-06 4.65468e-07 2.76358e-07 3.25931e-08 2.31368e-07
18	  3.41240e-07 1.03719e-06 4.65468e-07 2.34344e-07 2.15483e-08 1.52475e-07

19	  2.54738e-07 1.02504e-06 3.34474e-07 2.01168e-07 3.88651e-08 2.46543e-07
19	  2.54738e-07 1.02504e-06 3.34474e-07 1.80419e-07 2.95845e-08 1.89487e-07

20	  1.70433e-07 9.66154e-07 2.19818e-07 1.97837e-07 8.27044e-08 2.73334e-07
20	  1.70433e-07 9.66154e-07 2.19818e-07 1.88010e-07 7.49060e-08 1.89541e-07

21	  1.02336e-07 8.41354e-07 1.31555e-07 1.96369e-07 1.80086e-07 2.56268e-07
21	  1.02336e-07 8.41354e-07 1.31555e-07 1.83660e-07 1.53619e-07 1.96004e-07

22	  6.21627e-08 6.70130e-07 6.93727e-08 1.56916e-07 2.94469e-07 2.44950e-07
22	  6.21627e-08 6.70130e-07 6.93727e-08 1.50982e-07 2.06774e-07 1.55835e-07

23	  4.70664e-08 4.97038e-07 3.49016e-08 9.80197e-08 3.32383e-07 1.84336e-07
23	  4.70664e-08 4.97038e-07 3.49016e-08 1.08655e-07 2.65278e-07 1.12461e-07

24	  4.69267e-08 3.35792e-07 2.01949e-08 5.50910e-08 3.50458e-07 1.25337e-07
24	  4.69267e-08 3.35792e-07 2.01949e-08 5.08891e-08 2.73751e-07 8.24375e-08

25	  5.22528e-08 2.08387e-07 1.73535e-08 2.68987e-08 3.00449e-07 8.50426e-08
25	  5.22528e-08 2.08387e-07 1.73535e-08 1.85714e-08 2.40871e-07 4.75234e-08

26	  5.53617e-08 1.21005e-07 2.06102e-08 2.61116e-08 2.17515e-07 4.42397e-08
26	  5.53617e-08 1.21005e-07 2.06102e-08 1.76104e-08 1.82263e-07 4.32242e-08

27	  5.48802e-08 7.01152e-08 2.60079e-08 4.32271e-08 1.38836e-07 3.74560e-08
27	  5.48802e-08 7.01152e-08 2.60079e-08 3.10342e-08 1.17386e-07 2.76685e-08

28	  5.23443e-08 4.85396e-08 3.07050e-08 5.09163e-08 8.64030e-08 2.24049e-08
28	  5.23443e-08 4.85396e-08 3.07050e-08 4.11314e-08 7.64443e-08 2.17879e-08

  5.25478e-08 4.83615e-08 3.06796e-08
  3.45804e-08 8.85150e-08 1.62682e-08

 0	      0.0000102061	      0.0012557517	      0.0035000925	
1	      0.0000275939	      0.0012340679	      0.0034572183	
2	      0.0000134624	      0.0008118765	      0.0022697657	
3	      0.0000075851	      0.0009376364	      0.0026133904	
4	      0.0000061810	      0.0002880490	      0.0008067042	
5	      0.0000083593	      0.0002093998	      0.0005903069	
6	      0.0000154009	      0.0004029163	      0.0011351541	
7	      0.0000430487	      0.0003125533	      0.0009116721	
8	      0.0000902935	      0.0001873293	      0.0006109043	
9	      0.0001201185	      0.0002483505	      0.0008103146	
10	      0.0000769384	      0.0001005473	      0.0003563717	
11	      0.0000505170	      0.0001553268	      0.0004821891	
12	      0.0000321443	      0.0002078536	      0.0006097946	
13	      0.0000295386	      0.0000966571	      0.0002981604	
14	      0.0000427943	      0.0001196149	      0.0003752187	
15	      0.0000573311	      0.0001241196	      0.0004022746	
16	      0.0001513880	      0.0001366460	      0.0005311439	
17	      0.0002688481	      0.0000575644	      0.0004288267	
18	      0.0024633232	      0.0001129496	      0.0027772238	
19	      0.0031919651	      0.0001104557	      0.0034989349	
20	      0.0032085906	      0.0001038772	      0.0034972781	
21	      0.0032576215	      0.0000872365	      0.0035000624	
22	      0.0031363063	      0.0001203306	      0.0034707196	
23	      0.0031974224	      0.0001096491	      0.0035021506	
24	      0.0008014719	      0.0000976333	      0.0010728067	
25	      0.0003286619	      0.0001131924	      0.0006432374	
26	      0.0000532973	      0.0000503654	      0.0001932688	
27	      0.0001054838	      0.0000472546	      0.0002368101	
28	      0.0008941709	      0.0000362694	      0.0009949680	

FLeg = 0.0435769630
