    0.292664	    0.956215	0.000000e+00	3.162278e-03	
    0.292664	    0.956215	9.771975e-04	3.007505e-03	
    0.292664	    0.956215	1.858740e-03	2.558336e-03	
    0.292664	    0.956215	2.558336e-03	1.858740e-03	
    0.292664	    0.956215	3.007505e-03	9.771975e-04	
    0.292664	    0.956215	3.162278e-03	1.936337e-19	
    0.292664	    0.956215	3.007505e-03	-9.771975e-04	
    0.292664	    0.956215	2.558336e-03	-1.858740e-03	
    0.292664	    0.956215	1.858740e-03	-2.558336e-03	
    0.292664	    0.956215	9.771975e-04	-3.007505e-03	
    0.292664	    0.956215	3.872673e-19	-3.162278e-03	
    0.292664	    0.956215	-9.771975e-04	-3.007505e-03	
    0.292664	    0.956215	-1.858740e-03	-2.558336e-03	
    0.292664	    0.956215	-2.558336e-03	-1.858740e-03	
    0.292664	    0.956215	-3.007505e-03	-9.771975e-04	
    0.292664	    0.956215	-3.162278e-03	-5.809010e-19	
    0.292664	    0.956215	-3.007505e-03	9.771975e-04	
    0.292664	    0.956215	-2.558336e-03	1.858740e-03	
    0.292664	    0.956215	-1.858740e-03	2.558336e-03	
    0.292664	    0.956215	-9.771975e-04	3.007505e-03	
    0.292664	    0.956215	-7.745346e-19	3.162278e-03	


    0.292664	    0.956215	0.000000e+00	3.162278e-03	
    0.292664	    0.956215	9.771975e-04	3.007505e-03	
    0.292664	    0.956215	1.858740e-03	2.558336e-03	
    0.292664	    0.956215	2.558336e-03	1.858740e-03	
    0.292664	    0.956215	3.007505e-03	9.771975e-04	
    0.292664	    0.956215	3.162278e-03	1.936337e-19	
    0.292664	    0.956215	3.007505e-03	-9.771975e-04	
    0.292664	    0.956215	2.558336e-03	-1.858740e-03	
    0.292664	    0.956215	1.858740e-03	-2.558336e-03	
    0.292664	    0.956215	9.771975e-04	-3.007505e-03	
    0.292664	    0.956215	3.872673e-19	-3.162278e-03	
    0.292664	    0.956215	-9.771975e-04	-3.007505e-03	
    0.292664	    0.956215	-1.858740e-03	-2.558336e-03	
    0.292664	    0.956215	-2.558336e-03	-1.858740e-03	
    0.292664	    0.956215	-3.007505e-03	-9.771975e-04	
    0.292664	    0.956215	-3.162278e-03	-5.809010e-19	
    0.292664	    0.956215	-3.007505e-03	9.771975e-04	
    0.292664	    0.956215	-2.558336e-03	1.858740e-03	
    0.292664	    0.956215	-1.858740e-03	2.558336e-03	
    0.292664	    0.956215	-9.771975e-04	3.007505e-03	
    0.292664	    0.956215	-7.745346e-19	3.162278e-03	


    0.040127	    0.988263	-1.921293e-03	-2.535902e-03	
    0.040127	    0.988263	-2.545006e-03	-1.867994e-03	
    0.040127	    0.988263	-2.919596e-03	-1.017233e-03	
    0.040127	    0.988263	-3.008396e-03	-6.689898e-05	
    0.040127	    0.988263	-2.802712e-03	8.899838e-04	
    0.040127	    0.988263	-2.322680e-03	1.759749e-03	
    0.040127	    0.988263	-1.615288e-03	2.457257e-03	
    0.040127	    0.988263	-7.497798e-04	2.914232e-03	
    0.040127	    0.988263	1.891219e-04	3.085942e-03	
    0.040127	    0.988263	1.109511e-03	2.955578e-03	
    0.040127	    0.988263	1.921293e-03	2.535902e-03	
    0.040127	    0.988263	2.545006e-03	1.867994e-03	
    0.040127	    0.988263	2.919596e-03	1.017233e-03	
    0.040127	    0.988263	3.008396e-03	6.689898e-05	
    0.040127	    0.988263	2.802712e-03	-8.899838e-04	
    0.040127	    0.988263	2.322680e-03	-1.759749e-03	
    0.040127	    0.988263	1.615288e-03	-2.457257e-03	
    0.040127	    0.988263	7.497798e-04	-2.914232e-03	
    0.040127	    0.988263	-1.891219e-04	-3.085942e-03	
    0.040127	    0.988263	-1.109511e-03	-2.955578e-03	
    0.040127	    0.988263	-1.921293e-03	-2.535902e-03	


    0.040127	    0.988263	-1.921293e-03	-2.535902e-03	
    0.040127	    0.988263	-2.545006e-03	-1.867994e-03	
    0.040127	    0.988263	-2.919596e-03	-1.017233e-03	
    0.040127	    0.988263	-3.008396e-03	-6.689898e-05	
    0.040127	    0.988263	-2.802712e-03	8.899838e-04	
    0.040127	    0.988263	-2.322680e-03	1.759749e-03	
    0.040127	    0.988263	-1.615288e-03	2.457257e-03	
    0.040127	    0.988263	-7.497798e-04	2.914232e-03	
    0.040127	    0.988263	1.891219e-04	3.085942e-03	
    0.040127	    0.988263	1.109511e-03	2.955578e-03	
    0.040127	    0.988263	1.921293e-03	2.535902e-03	
    0.040127	    0.988263	2.545006e-03	1.867994e-03	
    0.040127	    0.988263	2.919596e-03	1.017233e-03	
    0.040127	    0.988263	3.008396e-03	6.689898e-05	
    0.040127	    0.988263	2.802712e-03	-8.899838e-04	
    0.040127	    0.988263	2.322680e-03	-1.759749e-03	
    0.040127	    0.988263	1.615288e-03	-2.457257e-03	
    0.040127	    0.988263	7.497798e-04	-2.914232e-03	
    0.040127	    0.988263	-1.891219e-04	-3.085942e-03	
    0.040127	    0.988263	-1.109511e-03	-2.955578e-03	
    0.040127	    0.988263	-1.921293e-03	-2.535902e-03	


   -0.214858	    0.958031	-1.861580e-03	-2.952044e-03	
   -0.214858	    0.958031	-2.432295e-03	-2.390207e-03	
   -0.214858	    0.958031	-2.764921e-03	-1.594400e-03	
   -0.214858	    0.958031	-2.826897e-03	-6.425225e-04	
   -0.214858	    0.958031	-2.612156e-03	3.722498e-04	
   -0.214858	    0.958031	-2.141719e-03	1.350584e-03	
   -0.214858	    0.958031	-1.461636e-03	2.196713e-03	
   -0.214858	    0.958031	-6.384781e-04	2.827813e-03	
   -0.214858	    0.958031	2.471788e-04	3.182107e-03	
   -0.214858	    0.958031	1.108640e-03	3.224914e-03	
   -0.214858	    0.958031	1.861580e-03	2.952044e-03	
   -0.214858	    0.958031	2.432295e-03	2.390207e-03	
   -0.214858	    0.958031	2.764921e-03	1.594400e-03	
   -0.214858	    0.958031	2.826897e-03	6.425225e-04	
   -0.214858	    0.958031	2.612156e-03	-3.722498e-04	
   -0.214858	    0.958031	2.141719e-03	-1.350584e-03	
   -0.214858	    0.958031	1.461636e-03	-2.196713e-03	
   -0.214858	    0.958031	6.384781e-04	-2.827813e-03	
   -0.214858	    0.958031	-2.471788e-04	-3.182107e-03	
   -0.214858	    0.958031	-1.108640e-03	-3.224914e-03	
   -0.214858	    0.958031	-1.861580e-03	-2.952044e-03	


   -0.214858	    0.958031	-1.861580e-03	-2.952044e-03	
   -0.214858	    0.958031	-2.432295e-03	-2.390207e-03	
   -0.214858	    0.958031	-2.764921e-03	-1.594400e-03	
   -0.214858	    0.958031	-2.826897e-03	-6.425225e-04	
   -0.214858	    0.958031	-2.612156e-03	3.722498e-04	
   -0.214858	    0.958031	-2.141719e-03	1.350584e-03	
   -0.214858	    0.958031	-1.461636e-03	2.196713e-03	
   -0.214858	    0.958031	-6.384781e-04	2.827813e-03	
   -0.214858	    0.958031	2.471788e-04	3.182107e-03	
   -0.214858	    0.958031	1.108640e-03	3.224914e-03	
   -0.214858	    0.958031	1.861580e-03	2.952044e-03	
   -0.214858	    0.958031	2.432295e-03	2.390207e-03	
   -0.214858	    0.958031	2.764921e-03	1.594400e-03	
   -0.214858	    0.958031	2.826897e-03	6.425225e-04	
   -0.214858	    0.958031	2.612156e-03	-3.722498e-04	
   -0.214858	    0.958031	2.141719e-03	-1.350584e-03	
   -0.214858	    0.958031	1.461636e-03	-2.196713e-03	
   -0.214858	    0.958031	6.384781e-04	-2.827813e-03	
   -0.214858	    0.958031	-2.471788e-04	-3.182107e-03	
   -0.214858	    0.958031	-1.108640e-03	-3.224914e-03	
   -0.214858	    0.958031	-1.861580e-03	-2.952044e-03	


   -0.455961	    0.866116	-1.860878e-03	-3.491161e-03	
   -0.455961	    0.866116	-2.334042e-03	-3.019536e-03	
   -0.455961	    0.866116	-2.578735e-03	-2.252338e-03	
   -0.455961	    0.866116	-2.571002e-03	-1.264665e-03	
   -0.455961	    0.866116	-2.311602e-03	-1.531976e-04	
   -0.455961	    0.866116	-1.825927e-03	9.732655e-04	
   -0.455961	    0.866116	-1.161516e-03	2.004459e-03	
   -0.455961	    0.866116	-3.834090e-04	2.839441e-03	
   -0.455961	    0.866116	4.322292e-04	3.396480e-03	
   -0.455961	    0.866116	1.205558e-03	3.621047e-03	
   -0.455961	    0.866116	1.860878e-03	3.491161e-03	
   -0.455961	    0.866116	2.334042e-03	3.019536e-03	
   -0.455961	    0.866116	2.578735e-03	2.252338e-03	
   -0.455961	    0.866116	2.571002e-03	1.264665e-03	
   -0.455961	    0.866116	2.311602e-03	1.531976e-04	
   -0.455961	    0.866116	1.825927e-03	-9.732655e-04	
   -0.455961	    0.866116	1.161516e-03	-2.004459e-03	
   -0.455961	    0.866116	3.834090e-04	-2.839441e-03	
   -0.455961	    0.866116	-4.322292e-04	-3.396480e-03	
   -0.455961	    0.866116	-1.205558e-03	-3.621047e-03	
   -0.455961	    0.866116	-1.860878e-03	-3.491161e-03	


   -0.455961	    0.866116	-1.860878e-03	-3.491161e-03	
   -0.455961	    0.866116	-2.334042e-03	-3.019536e-03	
   -0.455961	    0.866116	-2.578735e-03	-2.252338e-03	
   -0.455961	    0.866116	-2.571002e-03	-1.264665e-03	
   -0.455961	    0.866116	-2.311602e-03	-1.531976e-04	
   -0.455961	    0.866116	-1.825927e-03	9.732655e-04	
   -0.455961	    0.866116	-1.161516e-03	2.004459e-03	
   -0.455961	    0.866116	-3.834090e-04	2.839441e-03	
   -0.455961	    0.866116	4.322292e-04	3.396480e-03	
   -0.455961	    0.866116	1.205558e-03	3.621047e-03	
   -0.455961	    0.866116	1.860878e-03	3.491161e-03	
   -0.455961	    0.866116	2.334042e-03	3.019536e-03	
   -0.455961	    0.866116	2.578735e-03	2.252338e-03	
   -0.455961	    0.866116	2.571002e-03	1.264665e-03	
   -0.455961	    0.866116	2.311602e-03	1.531976e-04	
   -0.455961	    0.866116	1.825927e-03	-9.732655e-04	
   -0.455961	    0.866116	1.161516e-03	-2.004459e-03	
   -0.455961	    0.866116	3.834090e-04	-2.839441e-03	
   -0.455961	    0.866116	-4.322292e-04	-3.396480e-03	
   -0.455961	    0.866116	-1.205558e-03	-3.621047e-03	
   -0.455961	    0.866116	-1.860878e-03	-3.491161e-03	


   -0.667430	    0.717928	-1.698638e-03	-4.100877e-03	
   -0.667430	    0.717928	-2.082477e-03	-3.706738e-03	
   -0.667430	    0.717928	-2.262469e-03	-2.949758e-03	
   -0.667430	    0.717928	-2.220994e-03	-1.904035e-03	
   -0.667430	    0.717928	-1.962113e-03	-6.719312e-04	
   -0.667430	    0.717928	-1.511167e-03	6.259456e-04	
   -0.667430	    0.717928	-9.122972e-04	1.862550e-03	
   -0.667430	    0.717928	-2.241254e-04	2.916836e-03	
   -0.667430	    0.717928	4.859854e-04	3.685601e-03	
   -0.667430	    0.717928	1.148525e-03	4.093594e-03	
   -0.667430	    0.717928	1.698638e-03	4.100877e-03	
   -0.667430	    0.717928	2.082477e-03	3.706738e-03	
   -0.667430	    0.717928	2.262469e-03	2.949758e-03	
   -0.667430	    0.717928	2.220994e-03	1.904035e-03	
   -0.667430	    0.717928	1.962113e-03	6.719312e-04	
   -0.667430	    0.717928	1.511167e-03	-6.259456e-04	
   -0.667430	    0.717928	9.122972e-04	-1.862550e-03	
   -0.667430	    0.717928	2.241254e-04	-2.916836e-03	
   -0.667430	    0.717928	-4.859854e-04	-3.685601e-03	
   -0.667430	    0.717928	-1.148525e-03	-4.093594e-03	
   -0.667430	    0.717928	-1.698638e-03	-4.100877e-03	


   -0.667430	    0.717928	-1.698638e-03	-4.100877e-03	
   -0.667430	    0.717928	-2.082477e-03	-3.706738e-03	
   -0.667430	    0.717928	-2.262469e-03	-2.949758e-03	
   -0.667430	    0.717928	-2.220994e-03	-1.904035e-03	
   -0.667430	    0.717928	-1.962113e-03	-6.719312e-04	
   -0.667430	    0.717928	-1.511167e-03	6.259456e-04	
   -0.667430	    0.717928	-9.122972e-04	1.862550e-03	
   -0.667430	    0.717928	-2.241254e-04	2.916836e-03	
   -0.667430	    0.717928	4.859854e-04	3.685601e-03	
   -0.667430	    0.717928	1.148525e-03	4.093594e-03	
   -0.667430	    0.717928	1.698638e-03	4.100877e-03	
   -0.667430	    0.717928	2.082477e-03	3.706738e-03	
   -0.667430	    0.717928	2.262469e-03	2.949758e-03	
   -0.667430	    0.717928	2.220994e-03	1.904035e-03	
   -0.667430	    0.717928	1.962113e-03	6.719312e-04	
   -0.667430	    0.717928	1.511167e-03	-6.259456e-04	
   -0.667430	    0.717928	9.122972e-04	-1.862550e-03	
   -0.667430	    0.717928	2.241254e-04	-2.916836e-03	
   -0.667430	    0.717928	-4.859854e-04	-3.685601e-03	
   -0.667430	    0.717928	-1.148525e-03	-4.093594e-03	
   -0.667430	    0.717928	-1.698638e-03	-4.100877e-03	


   -0.835751	    0.523283	-1.350534e-03	-4.657564e-03	
   -0.835751	    0.523283	-1.665683e-03	-4.319057e-03	
   -0.835751	    0.523283	-1.817784e-03	-3.557771e-03	
   -0.835751	    0.523283	-1.791947e-03	-2.448226e-03	
   -0.835751	    0.523283	-1.590702e-03	-1.099031e-03	
   -0.835751	    0.523283	-1.233748e-03	3.577446e-04	
   -0.835751	    0.523283	-7.560265e-04	1.779502e-03	
   -0.835751	    0.523283	-2.042996e-04	3.027069e-03	
   -0.835751	    0.523283	3.674255e-04	3.978325e-03	
   -0.835751	    0.523283	9.031845e-04	4.540155e-03	
   -0.835751	    0.523283	1.350534e-03	4.657564e-03	
   -0.835751	    0.523283	1.665683e-03	4.319057e-03	
   -0.835751	    0.523283	1.817784e-03	3.557771e-03	
   -0.835751	    0.523283	1.791947e-03	2.448226e-03	
   -0.835751	    0.523283	1.590702e-03	1.099031e-03	
   -0.835751	    0.523283	1.233748e-03	-3.577446e-04	
   -0.835751	    0.523283	7.560265e-04	-1.779502e-03	
   -0.835751	    0.523283	2.042996e-04	-3.027069e-03	
   -0.835751	    0.523283	-3.674255e-04	-3.978325e-03	
   -0.835751	    0.523283	-9.031845e-04	-4.540155e-03	
   -0.835751	    0.523283	-1.350534e-03	-4.657564e-03	


   -0.835751	    0.523283	-1.350534e-03	-4.657564e-03	
   -0.835751	    0.523283	-1.665683e-03	-4.319057e-03	
   -0.835751	    0.523283	-1.817784e-03	-3.557771e-03	
   -0.835751	    0.523283	-1.791947e-03	-2.448226e-03	
   -0.835751	    0.523283	-1.590702e-03	-1.099031e-03	
   -0.835751	    0.523283	-1.233748e-03	3.577446e-04	
   -0.835751	    0.523283	-7.560265e-04	1.779502e-03	
   -0.835751	    0.523283	-2.042996e-04	3.027069e-03	
   -0.835751	    0.523283	3.674255e-04	3.978325e-03	
   -0.835751	    0.523283	9.031845e-04	4.540155e-03	
   -0.835751	    0.523283	1.350534e-03	4.657564e-03	
   -0.835751	    0.523283	1.665683e-03	4.319057e-03	
   -0.835751	    0.523283	1.817784e-03	3.557771e-03	
   -0.835751	    0.523283	1.791947e-03	2.448226e-03	
   -0.835751	    0.523283	1.590702e-03	1.099031e-03	
   -0.835751	    0.523283	1.233748e-03	-3.577446e-04	
   -0.835751	    0.523283	7.560265e-04	-1.779502e-03	
   -0.835751	    0.523283	2.042996e-04	-3.027069e-03	
   -0.835751	    0.523283	-3.674255e-04	-3.978325e-03	
   -0.835751	    0.523283	-9.031845e-04	-4.540155e-03	
   -0.835751	    0.523283	-1.350534e-03	-4.657564e-03	


   -0.950993	    0.295330	-7.991542e-04	-5.012201e-03	
   -0.950993	    0.295330	-1.067263e-03	-4.717903e-03	
   -0.950993	    0.295330	-1.230901e-03	-3.961783e-03	
   -0.950993	    0.295330	-1.274049e-03	-2.817856e-03	
   -0.950993	    0.295330	-1.192485e-03	-1.398098e-03	
   -0.950993	    0.295330	-9.941918e-04	1.585157e-04	
   -0.950993	    0.295330	-6.985803e-04	1.699613e-03	
   -0.950993	    0.295330	-3.345870e-04	3.074340e-03	
   -0.950993	    0.295330	6.215809e-05	4.148129e-03	
   -0.950993	    0.295330	4.528187e-04	4.815871e-03	
   -0.950993	    0.295330	7.991542e-04	5.012201e-03	
   -0.950993	    0.295330	1.067263e-03	4.717903e-03	
   -0.950993	    0.295330	1.230901e-03	3.961783e-03	
   -0.950993	    0.295330	1.274049e-03	2.817856e-03	
   -0.950993	    0.295330	1.192485e-03	1.398098e-03	
   -0.950993	    0.295330	9.941918e-04	-1.585157e-04	
   -0.950993	    0.295330	6.985803e-04	-1.699613e-03	
   -0.950993	    0.295330	3.345870e-04	-3.074340e-03	
   -0.950993	    0.295330	-6.215809e-05	-4.148129e-03	
   -0.950993	    0.295330	-4.528187e-04	-4.815871e-03	
   -0.950993	    0.295330	-7.991542e-04	-5.012201e-03	


   -0.950993	    0.295330	-7.991542e-04	-5.012201e-03	
   -0.950993	    0.295330	-1.067263e-03	-4.717903e-03	
   -0.950993	    0.295330	-1.230901e-03	-3.961783e-03	
   -0.950993	    0.295330	-1.274049e-03	-2.817856e-03	
   -0.950993	    0.295330	-1.192485e-03	-1.398098e-03	
   -0.950993	    0.295330	-9.941918e-04	1.585157e-04	
   -0.950993	    0.295330	-6.985803e-04	1.699613e-03	
   -0.950993	    0.295330	-3.345870e-04	3.074340e-03	
   -0.950993	    0.295330	6.215809e-05	4.148129e-03	
   -0.950993	    0.295330	4.528187e-04	4.815871e-03	
   -0.950993	    0.295330	7.991542e-04	5.012201e-03	
   -0.950993	    0.295330	1.067263e-03	4.717903e-03	
   -0.950993	    0.295330	1.230901e-03	3.961783e-03	
   -0.950993	    0.295330	1.274049e-03	2.817856e-03	
   -0.950993	    0.295330	1.192485e-03	1.398098e-03	
   -0.950993	    0.295330	9.941918e-04	-1.585157e-04	
   -0.950993	    0.295330	6.985803e-04	-1.699613e-03	
   -0.950993	    0.295330	3.345870e-04	-3.074340e-03	
   -0.950993	    0.295330	-6.215809e-05	-4.148129e-03	
   -0.950993	    0.295330	-4.528187e-04	-4.815871e-03	
   -0.950993	    0.295330	-7.991542e-04	-5.012201e-03	


   -1.007561	    0.049065	-1.502333e-04	-5.063041e-03	
   -1.007561	    0.049065	-3.899834e-04	-4.807906e-03	
   -1.007561	    0.049065	-5.915591e-04	-4.082139e-03	
   -1.007561	    0.049065	-7.352289e-04	-2.956785e-03	
   -1.007561	    0.049065	-8.069294e-04	-1.542000e-03	
   -1.007561	    0.049065	-7.996420e-04	2.372742e-05	
   -1.007561	    0.049065	-7.140801e-04	1.587132e-03	
   -1.007561	    0.049065	-5.586190e-04	2.995177e-03	
   -1.007561	    0.049065	-3.484764e-04	4.110033e-03	
   -1.007561	    0.049065	-1.042226e-04	4.822570e-03	
   -1.007561	    0.049065	1.502333e-04	5.063041e-03	
   -1.007561	    0.049065	3.899834e-04	4.807906e-03	
   -1.007561	    0.049065	5.915591e-04	4.082139e-03	
   -1.007561	    0.049065	7.352289e-04	2.956785e-03	
   -1.007561	    0.049065	8.069294e-04	1.542000e-03	
   -1.007561	    0.049065	7.996420e-04	-2.372742e-05	
   -1.007561	    0.049065	7.140801e-04	-1.587132e-03	
   -1.007561	    0.049065	5.586190e-04	-2.995177e-03	
   -1.007561	    0.049065	3.484764e-04	-4.110033e-03	
   -1.007561	    0.049065	1.042226e-04	-4.822570e-03	
   -1.007561	    0.049065	-1.502333e-04	-5.063041e-03	


   -1.007561	    0.049065	-1.502333e-04	-5.063041e-03	
   -1.007561	    0.049065	-3.899834e-04	-4.807906e-03	
   -1.007561	    0.049065	-5.915591e-04	-4.082139e-03	
   -1.007561	    0.049065	-7.352289e-04	-2.956785e-03	
   -1.007561	    0.049065	-8.069294e-04	-1.542000e-03	
   -1.007561	    0.049065	-7.996420e-04	2.372742e-05	
   -1.007561	    0.049065	-7.140801e-04	1.587132e-03	
   -1.007561	    0.049065	-5.586190e-04	2.995177e-03	
   -1.007561	    0.049065	-3.484764e-04	4.110033e-03	
   -1.007561	    0.049065	-1.042226e-04	4.822570e-03	
   -1.007561	    0.049065	1.502333e-04	5.063041e-03	
   -1.007561	    0.049065	3.899834e-04	4.807906e-03	
   -1.007561	    0.049065	5.915591e-04	4.082139e-03	
   -1.007561	    0.049065	7.352289e-04	2.956785e-03	
   -1.007561	    0.049065	8.069294e-04	1.542000e-03	
   -1.007561	    0.049065	7.996420e-04	-2.372742e-05	
   -1.007561	    0.049065	7.140801e-04	-1.587132e-03	
   -1.007561	    0.049065	5.586190e-04	-2.995177e-03	
   -1.007561	    0.049065	3.484764e-04	-4.110033e-03	
   -1.007561	    0.049065	1.042226e-04	-4.822570e-03	
   -1.007561	    0.049065	-1.502333e-04	-5.063041e-03	


   -1.004280	   -0.200211	4.644085e-04	-4.790116e-03	
   -1.004280	   -0.200211	2.391557e-04	-4.575306e-03	
   -1.004280	   -0.200211	-9.507331e-06	-3.912633e-03	
   -1.004280	   -0.200211	-2.572397e-04	-2.866965e-03	
   -1.004280	   -0.200211	-4.797917e-04	-1.540657e-03	
   -1.004280	   -0.200211	-6.553783e-04	-6.353985e-05	
   -1.004280	   -0.200211	-7.668119e-04	1.419797e-03	
   -1.004280	   -0.200211	-8.031847e-04	2.764155e-03	
   -1.004280	   -0.200211	-7.609361e-04	3.837938e-03	
   -1.004280	   -0.200211	-6.442018e-04	4.536037e-03	
   -1.004280	   -0.200211	-4.644085e-04	4.790116e-03	
   -1.004280	   -0.200211	-2.391557e-04	4.575306e-03	
   -1.004280	   -0.200211	9.507331e-06	3.912633e-03	
   -1.004280	   -0.200211	2.572397e-04	2.866965e-03	
   -1.004280	   -0.200211	4.797917e-04	1.540657e-03	
   -1.004280	   -0.200211	6.553783e-04	6.353985e-05	
   -1.004280	   -0.200211	7.668119e-04	-1.419797e-03	
   -1.004280	   -0.200211	8.031847e-04	-2.764155e-03	
   -1.004280	   -0.200211	7.609361e-04	-3.837938e-03	
   -1.004280	   -0.200211	6.442018e-04	-4.536037e-03	
   -1.004280	   -0.200211	4.644085e-04	-4.790116e-03	


   -1.004280	   -0.200211	4.644085e-04	-4.790116e-03	
   -1.004280	   -0.200211	2.391557e-04	-4.575306e-03	
   -1.004280	   -0.200211	-9.507331e-06	-3.912633e-03	
   -1.004280	   -0.200211	-2.572397e-04	-2.866965e-03	
   -1.004280	   -0.200211	-4.797917e-04	-1.540657e-03	
   -1.004280	   -0.200211	-6.553783e-04	-6.353985e-05	
   -1.004280	   -0.200211	-7.668119e-04	1.419797e-03	
   -1.004280	   -0.200211	-8.031847e-04	2.764155e-03	
   -1.004280	   -0.200211	-7.609361e-04	3.837938e-03	
   -1.004280	   -0.200211	-6.442018e-04	4.536037e-03	
   -1.004280	   -0.200211	-4.644085e-04	4.790116e-03	
   -1.004280	   -0.200211	-2.391557e-04	4.575306e-03	
   -1.004280	   -0.200211	9.507331e-06	3.912633e-03	
   -1.004280	   -0.200211	2.572397e-04	2.866965e-03	
   -1.004280	   -0.200211	4.797917e-04	1.540657e-03	
   -1.004280	   -0.200211	6.553783e-04	6.353985e-05	
   -1.004280	   -0.200211	7.668119e-04	-1.419797e-03	
   -1.004280	   -0.200211	8.031847e-04	-2.764155e-03	
   -1.004280	   -0.200211	7.609361e-04	-3.837938e-03	
   -1.004280	   -0.200211	6.442018e-04	-4.536037e-03	
   -1.004280	   -0.200211	4.644085e-04	-4.790116e-03	


   -0.943921	   -0.438200	9.543508e-04	-4.280260e-03	
   -0.943921	   -0.438200	7.386578e-04	-4.108447e-03	
   -0.943921	   -0.438200	4.506599e-04	-3.534470e-03	
   -0.943921	   -0.438200	1.185482e-04	-2.614515e-03	
   -0.943921	   -0.438200	-2.251677e-04	-1.438633e-03	
   -0.943921	   -0.438200	-5.468427e-04	-1.219271e-04	
   -0.943921	   -0.438200	-8.149889e-04	1.206714e-03	
   -0.943921	   -0.438200	-1.003358e-03	2.417233e-03	
   -0.943921	   -0.438200	-1.093512e-03	3.391136e-03	
   -0.943921	   -0.438200	-1.076625e-03	4.033092e-03	
   -0.943921	   -0.438200	-9.543508e-04	4.280260e-03	
   -0.943921	   -0.438200	-7.386578e-04	4.108447e-03	
   -0.943921	   -0.438200	-4.506599e-04	3.534470e-03	
   -0.943921	   -0.438200	-1.185482e-04	2.614515e-03	
   -0.943921	   -0.438200	2.251677e-04	1.438633e-03	
   -0.943921	   -0.438200	5.468427e-04	1.219271e-04	
   -0.943921	   -0.438200	8.149889e-04	-1.206714e-03	
   -0.943921	   -0.438200	1.003358e-03	-2.417233e-03	
   -0.943921	   -0.438200	1.093512e-03	-3.391136e-03	
   -0.943921	   -0.438200	1.076625e-03	-4.033092e-03	
   -0.943921	   -0.438200	9.543508e-04	-4.280260e-03	


   -0.943921	   -0.438200	9.543508e-04	-4.280260e-03	
   -0.943921	   -0.438200	7.386578e-04	-4.108447e-03	
   -0.943921	   -0.438200	4.506599e-04	-3.534470e-03	
   -0.943921	   -0.438200	1.185482e-04	-2.614515e-03	
   -0.943921	   -0.438200	-2.251677e-04	-1.438633e-03	
   -0.943921	   -0.438200	-5.468427e-04	-1.219271e-04	
   -0.943921	   -0.438200	-8.149889e-04	1.206714e-03	
   -0.943921	   -0.438200	-1.003358e-03	2.417233e-03	
   -0.943921	   -0.438200	-1.093512e-03	3.391136e-03	
   -0.943921	   -0.438200	-1.076625e-03	4.033092e-03	
   -0.943921	   -0.438200	-9.543508e-04	4.280260e-03	
   -0.943921	   -0.438200	-7.386578e-04	4.108447e-03	
   -0.943921	   -0.438200	-4.506599e-04	3.534470e-03	
   -0.943921	   -0.438200	-1.185482e-04	2.614515e-03	
   -0.943921	   -0.438200	2.251677e-04	1.438633e-03	
   -0.943921	   -0.438200	5.468427e-04	1.219271e-04	
   -0.943921	   -0.438200	8.149889e-04	-1.206714e-03	
   -0.943921	   -0.438200	1.003358e-03	-2.417233e-03	
   -0.943921	   -0.438200	1.093512e-03	-3.391136e-03	
   -0.943921	   -0.438200	1.076625e-03	-4.033092e-03	
   -0.943921	   -0.438200	9.543508e-04	-4.280260e-03	


   -0.832395	   -0.652523	1.287899e-03	-3.666478e-03	
   -0.832395	   -0.652523	1.081797e-03	-3.537282e-03	
   -0.832395	   -0.652523	7.698013e-04	-3.061832e-03	
   -0.832395	   -0.652523	3.824522e-04	-2.286669e-03	
   -0.832395	   -0.652523	-4.233399e-05	-1.287671e-03	
   -0.832395	   -0.652523	-4.629762e-04	-1.626265e-04	
   -0.832395	   -0.652523	-8.382992e-04	9.783370e-04	
   -0.832395	   -0.652523	-1.131564e-03	2.023534e-03	
   -0.832395	   -0.652523	-1.314063e-03	2.870653e-03	
   -0.832395	   -0.652523	-1.367932e-03	3.436773e-03	
   -0.832395	   -0.652523	-1.287899e-03	3.666478e-03	
   -0.832395	   -0.652523	-1.081797e-03	3.537282e-03	
   -0.832395	   -0.652523	-7.698013e-04	3.061832e-03	
   -0.832395	   -0.652523	-3.824522e-04	2.286669e-03	
   -0.832395	   -0.652523	4.233399e-05	1.287671e-03	
   -0.832395	   -0.652523	4.629762e-04	1.626265e-04	
   -0.832395	   -0.652523	8.382992e-04	-9.783370e-04	
   -0.832395	   -0.652523	1.131564e-03	-2.023534e-03	
   -0.832395	   -0.652523	1.314063e-03	-2.870653e-03	
   -0.832395	   -0.652523	1.367932e-03	-3.436773e-03	
   -0.832395	   -0.652523	1.287899e-03	-3.666478e-03	


   -0.832395	   -0.652523	1.287899e-03	-3.666478e-03	
   -0.832395	   -0.652523	1.081797e-03	-3.537282e-03	
   -0.832395	   -0.652523	7.698013e-04	-3.061832e-03	
   -0.832395	   -0.652523	3.824522e-04	-2.286669e-03	
   -0.832395	   -0.652523	-4.233399e-05	-1.287671e-03	
   -0.832395	   -0.652523	-4.629762e-04	-1.626265e-04	
   -0.832395	   -0.652523	-8.382992e-04	9.783370e-04	
   -0.832395	   -0.652523	-1.131564e-03	2.023534e-03	
   -0.832395	   -0.652523	-1.314063e-03	2.870653e-03	
   -0.832395	   -0.652523	-1.367932e-03	3.436773e-03	
   -0.832395	   -0.652523	-1.287899e-03	3.666478e-03	
   -0.832395	   -0.652523	-1.081797e-03	3.537282e-03	
   -0.832395	   -0.652523	-7.698013e-04	3.061832e-03	
   -0.832395	   -0.652523	-3.824522e-04	2.286669e-03	
   -0.832395	   -0.652523	4.233399e-05	1.287671e-03	
   -0.832395	   -0.652523	4.629762e-04	1.626265e-04	
   -0.832395	   -0.652523	8.382992e-04	-9.783370e-04	
   -0.832395	   -0.652523	1.131564e-03	-2.023534e-03	
   -0.832395	   -0.652523	1.314063e-03	-2.870653e-03	
   -0.832395	   -0.652523	1.367932e-03	-3.436773e-03	
   -0.832395	   -0.652523	1.287899e-03	-3.666478e-03	


   -0.677847	   -0.833214	1.434834e-03	-3.023320e-03	
   -0.677847	   -0.833214	1.238732e-03	-2.935087e-03	
   -0.677847	   -0.833214	9.213740e-04	-2.559548e-03	
   -0.677847	   -0.833214	5.138258e-04	-1.933463e-03	
   -0.677847	   -0.833214	5.598076e-05	-1.118116e-03	
   -0.677847	   -0.833214	-4.073441e-04	-1.933209e-04	
   -0.677847	   -0.833214	-8.307952e-04	7.503981e-04	
   -0.677847	   -0.833214	-1.172922e-03	1.620663e-03	
   -0.677847	   -0.833214	-1.400236e-03	2.332286e-03	
   -0.677847	   -0.833214	-1.490484e-03	2.815609e-03	
   -0.677847	   -0.833214	-1.434834e-03	3.023320e-03	
   -0.677847	   -0.833214	-1.238732e-03	2.935087e-03	
   -0.677847	   -0.833214	-9.213740e-04	2.559548e-03	
   -0.677847	   -0.833214	-5.138258e-04	1.933463e-03	
   -0.677847	   -0.833214	-5.598076e-05	1.118116e-03	
   -0.677847	   -0.833214	4.073441e-04	1.933209e-04	
   -0.677847	   -0.833214	8.307952e-04	-7.503981e-04	
   -0.677847	   -0.833214	1.172922e-03	-1.620663e-03	
   -0.677847	   -0.833214	1.400236e-03	-2.332286e-03	
   -0.677847	   -0.833214	1.490484e-03	-2.815609e-03	
   -0.677847	   -0.833214	1.434834e-03	-3.023320e-03	


   -0.677847	   -0.833214	1.434834e-03	-3.023320e-03	
   -0.677847	   -0.833214	1.238732e-03	-2.935087e-03	
   -0.677847	   -0.833214	9.213740e-04	-2.559548e-03	
   -0.677847	   -0.833214	5.138258e-04	-1.933463e-03	
   -0.677847	   -0.833214	5.598076e-05	-1.118116e-03	
   -0.677847	   -0.833214	-4.073441e-04	-1.933209e-04	
   -0.677847	   -0.833214	-8.307952e-04	7.503981e-04	
   -0.677847	   -0.833214	-1.172922e-03	1.620663e-03	
   -0.677847	   -0.833214	-1.400236e-03	2.332286e-03	
   -0.677847	   -0.833214	-1.490484e-03	2.815609e-03	
   -0.677847	   -0.833214	-1.434834e-03	3.023320e-03	
   -0.677847	   -0.833214	-1.238732e-03	2.935087e-03	
   -0.677847	   -0.833214	-9.213740e-04	2.559548e-03	
   -0.677847	   -0.833214	-5.138258e-04	1.933463e-03	
   -0.677847	   -0.833214	-5.598076e-05	1.118116e-03	
   -0.677847	   -0.833214	4.073441e-04	1.933209e-04	
   -0.677847	   -0.833214	8.307952e-04	-7.503981e-04	
   -0.677847	   -0.833214	1.172922e-03	-1.620663e-03	
   -0.677847	   -0.833214	1.400236e-03	-2.332286e-03	
   -0.677847	   -0.833214	1.490484e-03	-2.815609e-03	
   -0.677847	   -0.833214	1.434834e-03	-3.023320e-03	


   -0.489813	   -0.972856	1.393332e-03	-2.412566e-03	
   -0.489813	   -0.972856	1.211974e-03	-2.359842e-03	
   -0.489813	   -0.972856	9.119793e-04	-2.076120e-03	
   -0.489813	   -0.972856	5.227139e-04	-1.589174e-03	
   -0.489813	   -0.972856	8.228160e-05	-9.466673e-04	
   -0.489813	   -0.972856	-3.662050e-04	-2.114948e-04	
   -0.489813	   -0.972856	-7.788448e-04	5.443804e-04	
   -0.489813	   -0.972856	-1.115246e-03	1.246968e-03	
   -0.489813	   -0.972856	-1.342479e-03	1.827493e-03	
   -0.489813	   -0.972856	-1.438301e-03	2.229131e-03	
   -0.489813	   -0.972856	-1.393332e-03	2.412566e-03	
   -0.489813	   -0.972856	-1.211974e-03	2.359842e-03	
   -0.489813	   -0.972856	-9.119793e-04	2.076120e-03	
   -0.489813	   -0.972856	-5.227139e-04	1.589174e-03	
   -0.489813	   -0.972856	-8.228160e-05	9.466673e-04	
   -0.489813	   -0.972856	3.662050e-04	2.114948e-04	
   -0.489813	   -0.972856	7.788448e-04	-5.443804e-04	
   -0.489813	   -0.972856	1.115246e-03	-1.246968e-03	
   -0.489813	   -0.972856	1.342479e-03	-1.827493e-03	
   -0.489813	   -0.972856	1.438301e-03	-2.229131e-03	
   -0.489813	   -0.972856	1.393332e-03	-2.412566e-03	


   -0.489813	   -0.972856	1.393332e-03	-2.412566e-03	
   -0.489813	   -0.972856	1.211974e-03	-2.359842e-03	
   -0.489813	   -0.972856	9.119793e-04	-2.076120e-03	
   -0.489813	   -0.972856	5.227139e-04	-1.589174e-03	
   -0.489813	   -0.972856	8.228160e-05	-9.466673e-04	
   -0.489813	   -0.972856	-3.662050e-04	-2.114948e-04	
   -0.489813	   -0.972856	-7.788448e-04	5.443804e-04	
   -0.489813	   -0.972856	-1.115246e-03	1.246968e-03	
   -0.489813	   -0.972856	-1.342479e-03	1.827493e-03	
   -0.489813	   -0.972856	-1.438301e-03	2.229131e-03	
   -0.489813	   -0.972856	-1.393332e-03	2.412566e-03	
   -0.489813	   -0.972856	-1.211974e-03	2.359842e-03	
   -0.489813	   -0.972856	-9.119793e-04	2.076120e-03	
   -0.489813	   -0.972856	-5.227139e-04	1.589174e-03	
   -0.489813	   -0.972856	-8.228160e-05	9.466673e-04	
   -0.489813	   -0.972856	3.662050e-04	2.114948e-04	
   -0.489813	   -0.972856	7.788448e-04	-5.443804e-04	
   -0.489813	   -0.972856	1.115246e-03	-1.246968e-03	
   -0.489813	   -0.972856	1.342479e-03	-1.827493e-03	
   -0.489813	   -0.972856	1.438301e-03	-2.229131e-03	
   -0.489813	   -0.972856	1.393332e-03	-2.412566e-03	


   -0.278547	   -1.066495	1.218275e-03	-1.893187e-03	
   -0.278547	   -1.066495	1.051456e-03	-1.869507e-03	
   -0.278547	   -1.066495	7.817119e-04	-1.662827e-03	
   -0.278547	   -1.066495	4.354488e-04	-1.293378e-03	
   -0.278547	   -1.066495	4.656100e-05	-7.973237e-04	
   -0.278547	   -1.066495	-3.468845e-04	-2.232220e-04	
   -0.278547	   -1.066495	-7.063746e-04	3.727303e-04	
   -0.278547	   -1.066495	-9.967198e-04	9.321970e-04	
   -0.278547	   -1.066495	-1.189499e-03	1.400414e-03	
   -0.278547	   -1.066495	-1.265842e-03	1.731548e-03	
   -0.278547	   -1.066495	-1.218275e-03	1.893187e-03	
   -0.278547	   -1.066495	-1.051456e-03	1.869507e-03	
   -0.278547	   -1.066495	-7.817119e-04	1.662827e-03	
   -0.278547	   -1.066495	-4.354488e-04	1.293378e-03	
   -0.278547	   -1.066495	-4.656100e-05	7.973237e-04	
   -0.278547	   -1.066495	3.468845e-04	2.232220e-04	
   -0.278547	   -1.066495	7.063746e-04	-3.727303e-04	
   -0.278547	   -1.066495	9.967198e-04	-9.321970e-04	
   -0.278547	   -1.066495	1.189499e-03	-1.400414e-03	
   -0.278547	   -1.066495	1.265842e-03	-1.731548e-03	
   -0.278547	   -1.066495	1.218275e-03	-1.893187e-03	


   -0.278547	   -1.066495	1.218275e-03	-1.893187e-03	
   -0.278547	   -1.066495	1.051456e-03	-1.869507e-03	
   -0.278547	   -1.066495	7.817119e-04	-1.662827e-03	
   -0.278547	   -1.066495	4.354488e-04	-1.293378e-03	
   -0.278547	   -1.066495	4.656100e-05	-7.973237e-04	
   -0.278547	   -1.066495	-3.468845e-04	-2.232220e-04	
   -0.278547	   -1.066495	-7.063746e-04	3.727303e-04	
   -0.278547	   -1.066495	-9.967198e-04	9.321970e-04	
   -0.278547	   -1.066495	-1.189499e-03	1.400414e-03	
   -0.278547	   -1.066495	-1.265842e-03	1.731548e-03	
   -0.278547	   -1.066495	-1.218275e-03	1.893187e-03	
   -0.278547	   -1.066495	-1.051456e-03	1.869507e-03	
   -0.278547	   -1.066495	-7.817119e-04	1.662827e-03	
   -0.278547	   -1.066495	-4.354488e-04	1.293378e-03	
   -0.278547	   -1.066495	-4.656100e-05	7.973237e-04	
   -0.278547	   -1.066495	3.468845e-04	2.232220e-04	
   -0.278547	   -1.066495	7.063746e-04	-3.727303e-04	
   -0.278547	   -1.066495	9.967198e-04	-9.321970e-04	
   -0.278547	   -1.066495	1.189499e-03	-1.400414e-03	
   -0.278547	   -1.066495	1.265842e-03	-1.731548e-03	
   -0.278547	   -1.066495	1.218275e-03	-1.893187e-03	


   -0.054513	   -1.111445	9.456212e-04	-1.494602e-03	
   -0.054513	   -1.111445	7.921959e-04	-1.489240e-03	
   -0.054513	   -1.111445	5.612251e-04	-1.338100e-03	
   -0.054513	   -1.111445	2.753176e-04	-1.055978e-03	
   -0.054513	   -1.111445	-3.753994e-05	-6.704892e-04	
   -0.054513	   -1.111445	-3.467228e-04	-2.193683e-04	
   -0.054513	   -1.111445	-6.219660e-04	2.532259e-04	
   -0.054513	   -1.111445	-8.363268e-04	7.010326e-04	
   -0.054513	   -1.111445	-9.688221e-04	1.080217e-03	
   -0.054513	   -1.111445	-1.006482e-03	1.353663e-03	
   -0.054513	   -1.111445	-9.456212e-04	1.494602e-03	
   -0.054513	   -1.111445	-7.921959e-04	1.489240e-03	
   -0.054513	   -1.111445	-5.612251e-04	1.338100e-03	
   -0.054513	   -1.111445	-2.753176e-04	1.055978e-03	
   -0.054513	   -1.111445	3.753994e-05	6.704892e-04	
   -0.054513	   -1.111445	3.467228e-04	2.193683e-04	
   -0.054513	   -1.111445	6.219660e-04	-2.532259e-04	
   -0.054513	   -1.111445	8.363268e-04	-7.010326e-04	
   -0.054513	   -1.111445	9.688221e-04	-1.080217e-03	
   -0.054513	   -1.111445	1.006482e-03	-1.353663e-03	
   -0.054513	   -1.111445	9.456212e-04	-1.494602e-03	


   -0.054513	   -1.111445	9.456212e-04	-1.494602e-03	
   -0.054513	   -1.111445	7.921959e-04	-1.489240e-03	
   -0.054513	   -1.111445	5.612251e-04	-1.338100e-03	
   -0.054513	   -1.111445	2.753176e-04	-1.055978e-03	
   -0.054513	   -1.111445	-3.753994e-05	-6.704892e-04	
   -0.054513	   -1.111445	-3.467228e-04	-2.193683e-04	
   -0.054513	   -1.111445	-6.219660e-04	2.532259e-04	
   -0.054513	   -1.111445	-8.363268e-04	7.010326e-04	
   -0.054513	   -1.111445	-9.688221e-04	1.080217e-03	
   -0.054513	   -1.111445	-1.006482e-03	1.353663e-03	
   -0.054513	   -1.111445	-9.456212e-04	1.494602e-03	
   -0.054513	   -1.111445	-7.921959e-04	1.489240e-03	
   -0.054513	   -1.111445	-5.612251e-04	1.338100e-03	
   -0.054513	   -1.111445	-2.753176e-04	1.055978e-03	
   -0.054513	   -1.111445	3.753994e-05	6.704892e-04	
   -0.054513	   -1.111445	3.467228e-04	2.193683e-04	
   -0.054513	   -1.111445	6.219660e-04	-2.532259e-04	
   -0.054513	   -1.111445	8.363268e-04	-7.010326e-04	
   -0.054513	   -1.111445	9.688221e-04	-1.080217e-03	
   -0.054513	   -1.111445	1.006482e-03	-1.353663e-03	
   -0.054513	   -1.111445	9.456212e-04	-1.494602e-03	


    0.171972	   -1.107062	6.362716e-04	-1.221591e-03	
    0.171972	   -1.107062	4.915488e-04	-1.220962e-03	
    0.171972	   -1.107062	2.987098e-04	-1.100816e-03	
    0.171972	   -1.107062	7.663094e-05	-8.729147e-04	
    0.171972	   -1.107062	-1.529491e-04	-5.595665e-04	
    0.171972	   -1.107062	-3.675573e-04	-1.914440e-04	
    0.171972	   -1.107062	-5.461865e-04	1.954183e-04	
    0.171972	   -1.107062	-6.713512e-04	5.631517e-04	
    0.171972	   -1.107062	-7.307993e-04	8.757599e-04	
    0.171972	   -1.107062	-7.187117e-04	1.102643e-03	
    0.171972	   -1.107062	-6.362716e-04	1.221591e-03	
    0.171972	   -1.107062	-4.915488e-04	1.220962e-03	
    0.171972	   -1.107062	-2.987098e-04	1.100816e-03	
    0.171972	   -1.107062	-7.663094e-05	8.729147e-04	
    0.171972	   -1.107062	1.529491e-04	5.595665e-04	
    0.171972	   -1.107062	3.675573e-04	1.914440e-04	
    0.171972	   -1.107062	5.461865e-04	-1.954183e-04	
    0.171972	   -1.107062	6.713512e-04	-5.631517e-04	
    0.171972	   -1.107062	7.307993e-04	-8.757599e-04	
    0.171972	   -1.107062	7.187117e-04	-1.102643e-03	
    0.171972	   -1.107062	6.362716e-04	-1.221591e-03	


    0.171972	   -1.107062	6.362716e-04	-1.221591e-03	
    0.171972	   -1.107062	4.915488e-04	-1.220962e-03	
    0.171972	   -1.107062	2.987098e-04	-1.100816e-03	
    0.171972	   -1.107062	7.663094e-05	-8.729147e-04	
    0.171972	   -1.107062	-1.529491e-04	-5.595665e-04	
    0.171972	   -1.107062	-3.675573e-04	-1.914440e-04	
    0.171972	   -1.107062	-5.461865e-04	1.954183e-04	
    0.171972	   -1.107062	-6.713512e-04	5.631517e-04	
    0.171972	   -1.107062	-7.307993e-04	8.757599e-04	
    0.171972	   -1.107062	-7.187117e-04	1.102643e-03	
    0.171972	   -1.107062	-6.362716e-04	1.221591e-03	
    0.171972	   -1.107062	-4.915488e-04	1.220962e-03	
    0.171972	   -1.107062	-2.987098e-04	1.100816e-03	
    0.171972	   -1.107062	-7.663094e-05	8.729147e-04	
    0.171972	   -1.107062	1.529491e-04	5.595665e-04	
    0.171972	   -1.107062	3.675573e-04	1.914440e-04	
    0.171972	   -1.107062	5.461865e-04	-1.954183e-04	
    0.171972	   -1.107062	6.713512e-04	-5.631517e-04	
    0.171972	   -1.107062	7.307993e-04	-8.757599e-04	
    0.171972	   -1.107062	7.187117e-04	-1.102643e-03	
    0.171972	   -1.107062	6.362716e-04	-1.221591e-03	


    0.390986	   -1.054525	3.256795e-04	-1.065639e-03	
    0.390986	   -1.054525	1.922627e-04	-1.049386e-03	
    0.390986	   -1.054525	4.002581e-05	-9.304120e-04	
    0.390986	   -1.054525	-1.161290e-04	-7.203626e-04	
    0.390986	   -1.054525	-2.609164e-04	-4.397992e-04	
    0.390986	   -1.054525	-3.801634e-04	-1.161851e-04	
    0.390986	   -1.054525	-4.621974e-04	2.188019e-04	
    0.390986	   -1.054525	-4.989882e-04	5.323711e-04	
    0.390986	   -1.054525	-4.869347e-04	7.938281e-04	
    0.390986	   -1.054525	-4.272166e-04	9.775797e-04	
    0.390986	   -1.054525	-3.256795e-04	1.065639e-03	
    0.390986	   -1.054525	-1.922627e-04	1.049386e-03	
    0.390986	   -1.054525	-4.002581e-05	9.304120e-04	
    0.390986	   -1.054525	1.161290e-04	7.203626e-04	
    0.390986	   -1.054525	2.609164e-04	4.397992e-04	
    0.390986	   -1.054525	3.801634e-04	1.161851e-04	
    0.390986	   -1.054525	4.621974e-04	-2.188019e-04	
    0.390986	   -1.054525	4.989882e-04	-5.323711e-04	
    0.390986	   -1.054525	4.869347e-04	-7.938281e-04	
    0.390986	   -1.054525	4.272166e-04	-9.775797e-04	
    0.390986	   -1.054525	3.256795e-04	-1.065639e-03	


    0.390986	   -1.054525	3.256795e-04	-1.065639e-03	
    0.390986	   -1.054525	1.922627e-04	-1.049386e-03	
    0.390986	   -1.054525	4.002581e-05	-9.304120e-04	
    0.390986	   -1.054525	-1.161290e-04	-7.203626e-04	
    0.390986	   -1.054525	-2.609164e-04	-4.397992e-04	
    0.390986	   -1.054525	-3.801634e-04	-1.161851e-04	
    0.390986	   -1.054525	-4.621974e-04	2.188019e-04	
    0.390986	   -1.054525	-4.989882e-04	5.323711e-04	
    0.390986	   -1.054525	-4.869347e-04	7.938281e-04	
    0.390986	   -1.054525	-4.272166e-04	9.775797e-04	
    0.390986	   -1.054525	-3.256795e-04	1.065639e-03	
    0.390986	   -1.054525	-1.922627e-04	1.049386e-03	
    0.390986	   -1.054525	-4.002581e-05	9.304120e-04	
    0.390986	   -1.054525	1.161290e-04	7.203626e-04	
    0.390986	   -1.054525	2.609164e-04	4.397992e-04	
    0.390986	   -1.054525	3.801634e-04	1.161851e-04	
    0.390986	   -1.054525	4.621974e-04	-2.188019e-04	
    0.390986	   -1.054525	4.989882e-04	-5.323711e-04	
    0.390986	   -1.054525	4.869347e-04	-7.938281e-04	
    0.390986	   -1.054525	4.272166e-04	-9.775797e-04	
    0.390986	   -1.054525	3.256795e-04	-1.065639e-03	


    0.593167	   -0.956658	6.346258e-05	-9.861768e-04	
    0.593167	   -0.956658	-4.572828e-05	-9.447367e-04	
    0.593167	   -0.956658	-1.504429e-04	-8.108191e-04	
    0.593167	   -0.956658	-2.404312e-04	-5.975329e-04	
    0.593167	   -0.956658	-3.068844e-04	-3.257561e-04	
    0.593167	   -0.956658	-3.432976e-04	-2.209193e-05	
    0.593167	   -0.956658	-3.461064e-04	2.837347e-04	
    0.593167	   -0.956658	-3.150359e-04	5.617874e-04	
    0.593167	   -0.956658	-2.531276e-04	7.848485e-04	
    0.593167	   -0.956658	-1.664413e-04	9.310831e-04	
    0.593167	   -0.956658	-6.346258e-05	9.861768e-04	
    0.593167	   -0.956658	4.572828e-05	9.447367e-04	
    0.593167	   -0.956658	1.504429e-04	8.108191e-04	
    0.593167	   -0.956658	2.404312e-04	5.975329e-04	
    0.593167	   -0.956658	3.068844e-04	3.257561e-04	
    0.593167	   -0.956658	3.432976e-04	2.209193e-05	
    0.593167	   -0.956658	3.461064e-04	-2.837347e-04	
    0.593167	   -0.956658	3.150359e-04	-5.617874e-04	
    0.593167	   -0.956658	2.531276e-04	-7.848485e-04	
    0.593167	   -0.956658	1.664413e-04	-9.310831e-04	
    0.593167	   -0.956658	6.346258e-05	-9.861768e-04	


    0.593167	   -0.956658	6.346258e-05	-9.861768e-04	
    0.593167	   -0.956658	-4.572828e-05	-9.447367e-04	
    0.593167	   -0.956658	-1.504429e-04	-8.108191e-04	
    0.593167	   -0.956658	-2.404312e-04	-5.975329e-04	
    0.593167	   -0.956658	-3.068844e-04	-3.257561e-04	
    0.593167	   -0.956658	-3.432976e-04	-2.209193e-05	
    0.593167	   -0.956658	-3.461064e-04	2.837347e-04	
    0.593167	   -0.956658	-3.150359e-04	5.617874e-04	
    0.593167	   -0.956658	-2.531276e-04	7.848485e-04	
    0.593167	   -0.956658	-1.664413e-04	9.310831e-04	
    0.593167	   -0.956658	-6.346258e-05	9.861768e-04	
    0.593167	   -0.956658	4.572828e-05	9.447367e-04	
    0.593167	   -0.956658	1.504429e-04	8.108191e-04	
    0.593167	   -0.956658	2.404312e-04	5.975329e-04	
    0.593167	   -0.956658	3.068844e-04	3.257561e-04	
    0.593167	   -0.956658	3.432976e-04	2.209193e-05	
    0.593167	   -0.956658	3.461064e-04	-2.837347e-04	
    0.593167	   -0.956658	3.150359e-04	-5.617874e-04	
    0.593167	   -0.956658	2.531276e-04	-7.848485e-04	
    0.593167	   -0.956658	1.664413e-04	-9.310831e-04	
    0.593167	   -0.956658	6.346258e-05	-9.861768e-04	


    0.769846	   -0.817812	-1.023575e-04	-9.499098e-04	
    0.769846	   -0.817812	-1.823238e-04	-8.942613e-04	
    0.769846	   -0.817812	-2.444430e-04	-7.510763e-04	
    0.769846	   -0.817812	-2.826345e-04	-5.343707e-04	
    0.769846	   -0.817812	-2.931597e-04	-2.653572e-04	
    0.769846	   -0.817812	-2.749884e-04	2.963135e-05	
    0.769846	   -0.817812	-2.298993e-04	3.217194e-04	
    0.769846	   -0.817812	-1.623061e-04	5.823153e-04	
    0.769846	   -0.817812	-7.882517e-05	7.859101e-04	
    0.769846	   -0.817812	1.237166e-05	9.125745e-04	
    0.769846	   -0.817812	1.023575e-04	9.499098e-04	
    0.769846	   -0.817812	1.823238e-04	8.942613e-04	
    0.769846	   -0.817812	2.444430e-04	7.510763e-04	
    0.769846	   -0.817812	2.826345e-04	5.343707e-04	
    0.769846	   -0.817812	2.931597e-04	2.653572e-04	
    0.769846	   -0.817812	2.749884e-04	-2.963135e-05	
    0.769846	   -0.817812	2.298993e-04	-3.217194e-04	
    0.769846	   -0.817812	1.623061e-04	-5.823153e-04	
    0.769846	   -0.817812	7.882517e-05	-7.859101e-04	
    0.769846	   -0.817812	-1.237166e-05	-9.125745e-04	
    0.769846	   -0.817812	-1.023575e-04	-9.499098e-04	


    0.769846	   -0.817812	-1.023575e-04	-9.499098e-04	
    0.769846	   -0.817812	-1.823238e-04	-8.942613e-04	
    0.769846	   -0.817812	-2.444430e-04	-7.510763e-04	
    0.769846	   -0.817812	-2.826345e-04	-5.343707e-04	
    0.769846	   -0.817812	-2.931597e-04	-2.653572e-04	
    0.769846	   -0.817812	-2.749884e-04	2.963135e-05	
    0.769846	   -0.817812	-2.298993e-04	3.217194e-04	
    0.769846	   -0.817812	-1.623061e-04	5.823153e-04	
    0.769846	   -0.817812	-7.882517e-05	7.859101e-04	
    0.769846	   -0.817812	1.237166e-05	9.125745e-04	
    0.769846	   -0.817812	1.023575e-04	9.499098e-04	
    0.769846	   -0.817812	1.823238e-04	8.942613e-04	
    0.769846	   -0.817812	2.444430e-04	7.510763e-04	
    0.769846	   -0.817812	2.826345e-04	5.343707e-04	
    0.769846	   -0.817812	2.931597e-04	2.653572e-04	
    0.769846	   -0.817812	2.749884e-04	-2.963135e-05	
    0.769846	   -0.817812	2.298993e-04	-3.217194e-04	
    0.769846	   -0.817812	1.623061e-04	-5.823153e-04	
    0.769846	   -0.817812	7.882517e-05	-7.859101e-04	
    0.769846	   -0.817812	-1.237166e-05	-9.125745e-04	
    0.769846	   -0.817812	-1.023575e-04	-9.499098e-04	


    0.912929	   -0.644028	-1.640138e-04	-9.351199e-04	
    0.912929	   -0.644028	-2.236432e-04	-8.774853e-04	
    0.912929	   -0.644028	-2.613808e-04	-7.339563e-04	
    0.912929	   -0.644028	-2.735326e-04	-5.185826e-04	
    0.912929	   -0.644028	-2.589092e-04	-2.524465e-04	
    0.912929	   -0.644028	-2.189419e-04	3.840096e-05	
    0.912929	   -0.644028	-1.575431e-04	3.254894e-04	
    0.912929	   -0.644028	-8.072285e-05	5.807167e-04	
    0.912929	   -0.644028	3.999114e-06	7.790994e-04	
    0.912929	   -0.644028	8.832962e-05	9.012184e-04	
    0.912929	   -0.644028	1.640138e-04	9.351199e-04	
    0.912929	   -0.644028	2.236432e-04	8.774853e-04	
    0.912929	   -0.644028	2.613808e-04	7.339563e-04	
    0.912929	   -0.644028	2.735326e-04	5.185826e-04	
    0.912929	   -0.644028	2.589092e-04	2.524465e-04	
    0.912929	   -0.644028	2.189419e-04	-3.840096e-05	
    0.912929	   -0.644028	1.575431e-04	-3.254894e-04	
    0.912929	   -0.644028	8.072285e-05	-5.807167e-04	
    0.912929	   -0.644028	-3.999114e-06	-7.790994e-04	
    0.912929	   -0.644028	-8.832962e-05	-9.012184e-04	
    0.912929	   -0.644028	-1.640138e-04	-9.351199e-04	


    0.912929	   -0.644028	-1.640138e-04	-9.351199e-04	
    0.912929	   -0.644028	-2.236432e-04	-8.774853e-04	
    0.912929	   -0.644028	-2.613808e-04	-7.339563e-04	
    0.912929	   -0.644028	-2.735326e-04	-5.185826e-04	
    0.912929	   -0.644028	-2.589092e-04	-2.524465e-04	
    0.912929	   -0.644028	-2.189419e-04	3.840096e-05	
    0.912929	   -0.644028	-1.575431e-04	3.254894e-04	
    0.912929	   -0.644028	-8.072285e-05	5.807167e-04	
    0.912929	   -0.644028	3.999114e-06	7.790994e-04	
    0.912929	   -0.644028	8.832962e-05	9.012184e-04	
    0.912929	   -0.644028	1.640138e-04	9.351199e-04	
    0.912929	   -0.644028	2.236432e-04	8.774853e-04	
    0.912929	   -0.644028	2.613808e-04	7.339563e-04	
    0.912929	   -0.644028	2.735326e-04	5.185826e-04	
    0.912929	   -0.644028	2.589092e-04	2.524465e-04	
    0.912929	   -0.644028	2.189419e-04	-3.840096e-05	
    0.912929	   -0.644028	1.575431e-04	-3.254894e-04	
    0.912929	   -0.644028	8.072285e-05	-5.807167e-04	
    0.912929	   -0.644028	-3.999114e-06	-7.790994e-04	
    0.912929	   -0.644028	-8.832962e-05	-9.012184e-04	
    0.912929	   -0.644028	-1.640138e-04	-9.351199e-04	


    1.015519	   -0.442691	-1.632470e-04	-9.188449e-04	
    1.015519	   -0.442691	-2.132053e-04	-8.635781e-04	
    1.015519	   -0.442691	-2.422936e-04	-7.237782e-04	
    1.015519	   -0.442691	-2.476646e-04	-5.131298e-04	
    1.015519	   -0.442691	-2.287924e-04	-2.522527e-04	
    1.015519	   -0.442691	-1.875244e-04	3.331659e-05	
    1.015519	   -0.442691	-1.279002e-04	3.156247e-04	
    1.015519	   -0.442691	-5.575625e-05	5.670372e-04	
    1.015519	   -0.442691	2.184550e-05	7.629442e-04	
    1.015519	   -0.442691	9.730886e-05	8.841688e-04	
    1.015519	   -0.442691	1.632470e-04	9.188449e-04	
    1.015519	   -0.442691	2.132053e-04	8.635781e-04	
    1.015519	   -0.442691	2.422936e-04	7.237782e-04	
    1.015519	   -0.442691	2.476646e-04	5.131298e-04	
    1.015519	   -0.442691	2.287924e-04	2.522527e-04	
    1.015519	   -0.442691	1.875244e-04	-3.331659e-05	
    1.015519	   -0.442691	1.279002e-04	-3.156247e-04	
    1.015519	   -0.442691	5.575625e-05	-5.670372e-04	
    1.015519	   -0.442691	-2.184550e-05	-7.629442e-04	
    1.015519	   -0.442691	-9.730886e-05	-8.841688e-04	
    1.015519	   -0.442691	-1.632470e-04	-9.188449e-04	


    1.015519	   -0.442691	-1.632470e-04	-9.188449e-04	
    1.015519	   -0.442691	-2.132053e-04	-8.635781e-04	
    1.015519	   -0.442691	-2.422936e-04	-7.237782e-04	
    1.015519	   -0.442691	-2.476646e-04	-5.131298e-04	
    1.015519	   -0.442691	-2.287924e-04	-2.522527e-04	
    1.015519	   -0.442691	-1.875244e-04	3.331659e-05	
    1.015519	   -0.442691	-1.279002e-04	3.156247e-04	
    1.015519	   -0.442691	-5.575625e-05	5.670372e-04	
    1.015519	   -0.442691	2.184550e-05	7.629442e-04	
    1.015519	   -0.442691	9.730886e-05	8.841688e-04	
    1.015519	   -0.442691	1.632470e-04	9.188449e-04	
    1.015519	   -0.442691	2.132053e-04	8.635781e-04	
    1.015519	   -0.442691	2.422936e-04	7.237782e-04	
    1.015519	   -0.442691	2.476646e-04	5.131298e-04	
    1.015519	   -0.442691	2.287924e-04	2.522527e-04	
    1.015519	   -0.442691	1.875244e-04	-3.331659e-05	
    1.015519	   -0.442691	1.279002e-04	-3.156247e-04	
    1.015519	   -0.442691	5.575625e-05	-5.670372e-04	
    1.015519	   -0.442691	-2.184550e-05	-7.629442e-04	
    1.015519	   -0.442691	-9.730886e-05	-8.841688e-04	
    1.015519	   -0.442691	-1.632470e-04	-9.188449e-04	


    1.072127	   -0.222224	-1.205536e-04	-8.702944e-04	
    1.072127	   -0.222224	-1.670907e-04	-8.204355e-04	
    1.072127	   -0.222224	-1.972718e-04	-6.902667e-04	
    1.072127	   -0.222224	-2.081426e-04	-4.925297e-04	
    1.072127	   -0.222224	-1.986389e-04	-2.465805e-04	
    1.072127	   -0.222224	-1.696911e-04	2.350569e-05	
    1.072127	   -0.222224	-1.241327e-04	2.912910e-04	
    1.072127	   -0.222224	-6.642339e-05	5.305627e-04	
    1.072127	   -0.222224	-2.212055e-06	7.178993e-04	
    1.072127	   -0.222224	6.221581e-05	8.349628e-04	
    1.072127	   -0.222224	1.205536e-04	8.702944e-04	
    1.072127	   -0.222224	1.670907e-04	8.204355e-04	
    1.072127	   -0.222224	1.972718e-04	6.902667e-04	
    1.072127	   -0.222224	2.081426e-04	4.925297e-04	
    1.072127	   -0.222224	1.986389e-04	2.465805e-04	
    1.072127	   -0.222224	1.696911e-04	-2.350569e-05	
    1.072127	   -0.222224	1.241327e-04	-2.912910e-04	
    1.072127	   -0.222224	6.642339e-05	-5.305627e-04	
    1.072127	   -0.222224	2.212055e-06	-7.178993e-04	
    1.072127	   -0.222224	-6.221581e-05	-8.349628e-04	
    1.072127	   -0.222224	-1.205536e-04	-8.702944e-04	


    1.072127	   -0.222224	-1.205536e-04	-8.702944e-04	
    1.072127	   -0.222224	-1.670907e-04	-8.204355e-04	
    1.072127	   -0.222224	-1.972718e-04	-6.902667e-04	
    1.072127	   -0.222224	-2.081426e-04	-4.925297e-04	
    1.072127	   -0.222224	-1.986389e-04	-2.465805e-04	
    1.072127	   -0.222224	-1.696911e-04	2.350569e-05	
    1.072127	   -0.222224	-1.241327e-04	2.912910e-04	
    1.072127	   -0.222224	-6.642339e-05	5.305627e-04	
    1.072127	   -0.222224	-2.212055e-06	7.178993e-04	
    1.072127	   -0.222224	6.221581e-05	8.349628e-04	
    1.072127	   -0.222224	1.205536e-04	8.702944e-04	
    1.072127	   -0.222224	1.670907e-04	8.204355e-04	
    1.072127	   -0.222224	1.972718e-04	6.902667e-04	
    1.072127	   -0.222224	2.081426e-04	4.925297e-04	
    1.072127	   -0.222224	1.986389e-04	2.465805e-04	
    1.072127	   -0.222224	1.696911e-04	-2.350569e-05	
    1.072127	   -0.222224	1.241327e-04	-2.912910e-04	
    1.072127	   -0.222224	6.642339e-05	-5.305627e-04	
    1.072127	   -0.222224	2.212055e-06	-7.178993e-04	
    1.072127	   -0.222224	-6.221581e-05	-8.349628e-04	
    1.072127	   -0.222224	-1.205536e-04	-8.702944e-04	


    1.078656	    0.007745	-5.642137e-05	-7.899079e-04	
    1.078656	    0.007745	-1.046436e-04	-7.476054e-04	
    1.078656	    0.007745	-1.426226e-04	-6.321221e-04	
    1.078656	    0.007745	-1.666407e-04	-4.547622e-04	
    1.078656	    0.007745	-1.743469e-04	-2.328871e-04	
    1.078656	    0.007745	-1.649868e-04	1.178464e-05	
    1.078656	    0.007745	-1.394766e-04	2.553028e-04	
    1.078656	    0.007745	-1.003135e-04	4.738302e-04	
    1.078656	    0.007745	-5.133095e-05	6.459757e-04	
    1.078656	    0.007745	2.676192e-06	7.548887e-04	
    1.078656	    0.007745	5.642137e-05	7.899079e-04	
    1.078656	    0.007745	1.046436e-04	7.476054e-04	
    1.078656	    0.007745	1.426226e-04	6.321221e-04	
    1.078656	    0.007745	1.666407e-04	4.547622e-04	
    1.078656	    0.007745	1.743469e-04	2.328871e-04	
    1.078656	    0.007745	1.649868e-04	-1.178464e-05	
    1.078656	    0.007745	1.394766e-04	-2.553028e-04	
    1.078656	    0.007745	1.003135e-04	-4.738302e-04	
    1.078656	    0.007745	5.133095e-05	-6.459757e-04	
    1.078656	    0.007745	-2.676192e-06	-7.548887e-04	
    1.078656	    0.007745	-5.642137e-05	-7.899079e-04	


    1.078656	    0.007745	-5.642137e-05	-7.899079e-04	
    1.078656	    0.007745	-1.046436e-04	-7.476054e-04	
    1.078656	    0.007745	-1.426226e-04	-6.321221e-04	
    1.078656	    0.007745	-1.666407e-04	-4.547622e-04	
    1.078656	    0.007745	-1.743469e-04	-2.328871e-04	
    1.078656	    0.007745	-1.649868e-04	1.178464e-05	
    1.078656	    0.007745	-1.394766e-04	2.553028e-04	
    1.078656	    0.007745	-1.003135e-04	4.738302e-04	
    1.078656	    0.007745	-5.133095e-05	6.459757e-04	
    1.078656	    0.007745	2.676192e-06	7.548887e-04	
    1.078656	    0.007745	5.642137e-05	7.899079e-04	
    1.078656	    0.007745	1.046436e-04	7.476054e-04	
    1.078656	    0.007745	1.426226e-04	6.321221e-04	
    1.078656	    0.007745	1.666407e-04	4.547622e-04	
    1.078656	    0.007745	1.743469e-04	2.328871e-04	
    1.078656	    0.007745	1.649868e-04	-1.178464e-05	
    1.078656	    0.007745	1.394766e-04	-2.553028e-04	
    1.078656	    0.007745	1.003135e-04	-4.738302e-04	
    1.078656	    0.007745	5.133095e-05	-6.459757e-04	
    1.078656	    0.007745	-2.676192e-06	-7.548887e-04	
    1.078656	    0.007745	-5.642137e-05	-7.899079e-04	


    1.032692	    0.236497	1.554341e-05	-6.925758e-04	
    1.032692	    0.236497	-3.504485e-05	-6.597970e-04	
    1.032692	    0.236497	-8.220267e-05	-5.624327e-04	
    1.032692	    0.236497	-1.213139e-04	-4.100135e-04	
    1.032692	    0.236497	-1.485501e-04	-2.174594e-04	
    1.032692	    0.236497	-1.612452e-04	-3.618809e-06	
    1.032692	    0.236497	-1.581565e-04	2.105760e-04	
    1.032692	    0.236497	-1.395863e-04	4.041582e-04	
    1.032692	    0.236497	-1.073524e-04	5.581785e-04	
    1.032692	    0.236497	-6.461017e-05	6.575605e-04	
    1.032692	    0.236497	-1.554341e-05	6.925758e-04	
    1.032692	    0.236497	3.504485e-05	6.597970e-04	
    1.032692	    0.236497	8.220267e-05	5.624327e-04	
    1.032692	    0.236497	1.213139e-04	4.100135e-04	
    1.032692	    0.236497	1.485501e-04	2.174594e-04	
    1.032692	    0.236497	1.612452e-04	3.618809e-06	
    1.032692	    0.236497	1.581565e-04	-2.105760e-04	
    1.032692	    0.236497	1.395863e-04	-4.041582e-04	
    1.032692	    0.236497	1.073524e-04	-5.581785e-04	
    1.032692	    0.236497	6.461017e-05	-6.575605e-04	
    1.032692	    0.236497	1.554341e-05	-6.925758e-04	


    1.032692	    0.236497	1.554341e-05	-6.925758e-04	
    1.032692	    0.236497	-3.504485e-05	-6.597970e-04	
    1.032692	    0.236497	-8.220267e-05	-5.624327e-04	
    1.032692	    0.236497	-1.213139e-04	-4.100135e-04	
    1.032692	    0.236497	-1.485501e-04	-2.174594e-04	
    1.032692	    0.236497	-1.612452e-04	-3.618809e-06	
    1.032692	    0.236497	-1.581565e-04	2.105760e-04	
    1.032692	    0.236497	-1.395863e-04	4.041582e-04	
    1.032692	    0.236497	-1.073524e-04	5.581785e-04	
    1.032692	    0.236497	-6.461017e-05	6.575605e-04	
    1.032692	    0.236497	-1.554341e-05	6.925758e-04	
    1.032692	    0.236497	3.504485e-05	6.597970e-04	
    1.032692	    0.236497	8.220267e-05	5.624327e-04	
    1.032692	    0.236497	1.213139e-04	4.100135e-04	
    1.032692	    0.236497	1.485501e-04	2.174594e-04	
    1.032692	    0.236497	1.612452e-04	3.618809e-06	
    1.032692	    0.236497	1.581565e-04	-2.105760e-04	
    1.032692	    0.236497	1.395863e-04	-4.041582e-04	
    1.032692	    0.236497	1.073524e-04	-5.581785e-04	
    1.032692	    0.236497	6.461017e-05	-6.575605e-04	
    1.032692	    0.236497	1.554341e-05	-6.925758e-04	


    0.933885	    0.452241	7.328416e-05	-5.840943e-04	
    0.933885	    0.452241	2.128387e-05	-5.615809e-04	
    0.933885	    0.452241	-3.279983e-05	-4.840961e-04	
    0.933885	    0.452241	-8.367286e-05	-3.592246e-04	
    0.933885	    0.452241	-1.263554e-04	-1.991897e-04	
    0.933885	    0.452241	-1.566694e-04	-1.965673e-05	
    0.933885	    0.452241	-1.716475e-04	1.618004e-04	
    0.933885	    0.452241	-1.698236e-04	3.274194e-04	
    0.933885	    0.452241	-1.513761e-04	4.609883e-04	
    0.933885	    0.452241	-1.181109e-04	5.494324e-04	
    0.933885	    0.452241	-7.328416e-05	5.840943e-04	
    0.933885	    0.452241	-2.128387e-05	5.615809e-04	
    0.933885	    0.452241	3.279983e-05	4.840961e-04	
    0.933885	    0.452241	8.367286e-05	3.592246e-04	
    0.933885	    0.452241	1.263554e-04	1.991897e-04	
    0.933885	    0.452241	1.566694e-04	1.965673e-05	
    0.933885	    0.452241	1.716475e-04	-1.618004e-04	
    0.933885	    0.452241	1.698236e-04	-3.274194e-04	
    0.933885	    0.452241	1.513761e-04	-4.609883e-04	
    0.933885	    0.452241	1.181109e-04	-5.494324e-04	
    0.933885	    0.452241	7.328416e-05	-5.840943e-04	


    0.933885	    0.452241	7.328416e-05	-5.840943e-04	
    0.933885	    0.452241	2.128387e-05	-5.615809e-04	
    0.933885	    0.452241	-3.279983e-05	-4.840961e-04	
    0.933885	    0.452241	-8.367286e-05	-3.592246e-04	
    0.933885	    0.452241	-1.263554e-04	-1.991897e-04	
    0.933885	    0.452241	-1.566694e-04	-1.965673e-05	
    0.933885	    0.452241	-1.716475e-04	1.618004e-04	
    0.933885	    0.452241	-1.698236e-04	3.274194e-04	
    0.933885	    0.452241	-1.513761e-04	4.609883e-04	
    0.933885	    0.452241	-1.181109e-04	5.494324e-04	
    0.933885	    0.452241	-7.328416e-05	5.840943e-04	
    0.933885	    0.452241	-2.128387e-05	5.615809e-04	
    0.933885	    0.452241	3.279983e-05	4.840961e-04	
    0.933885	    0.452241	8.367286e-05	3.592246e-04	
    0.933885	    0.452241	1.263554e-04	1.991897e-04	
    0.933885	    0.452241	1.566694e-04	1.965673e-05	
    0.933885	    0.452241	1.716475e-04	-1.618004e-04	
    0.933885	    0.452241	1.698236e-04	-3.274194e-04	
    0.933885	    0.452241	1.513761e-04	-4.609883e-04	
    0.933885	    0.452241	1.181109e-04	-5.494324e-04	
    0.933885	    0.452241	7.328416e-05	-5.840943e-04	


    0.784179	    0.642918	1.080353e-04	-4.660001e-04	
    0.784179	    0.642918	5.437235e-05	-4.544076e-04	
    0.784179	    0.642918	-4.612981e-06	-3.983344e-04	
    0.784179	    0.642918	-6.314676e-05	-3.032696e-04	
    0.784179	    0.642918	-1.154993e-04	-1.785186e-04	
    0.784179	    0.642918	-1.565460e-04	-3.629290e-05	
    0.784179	    0.642918	-1.822688e-04	1.094854e-04	
    0.784179	    0.642918	-1.901499e-04	2.445464e-04	
    0.784179	    0.642918	-1.794178e-04	3.556696e-04	
    0.784179	    0.642918	-1.511231e-04	4.319773e-04	
    0.784179	    0.642918	-1.080353e-04	4.660001e-04	
    0.784179	    0.642918	-5.437235e-05	4.544076e-04	
    0.784179	    0.642918	4.612981e-06	3.983344e-04	
    0.784179	    0.642918	6.314676e-05	3.032696e-04	
    0.784179	    0.642918	1.154993e-04	1.785186e-04	
    0.784179	    0.642918	1.565460e-04	3.629290e-05	
    0.784179	    0.642918	1.822688e-04	-1.094854e-04	
    0.784179	    0.642918	1.901499e-04	-2.445464e-04	
    0.784179	    0.642918	1.794178e-04	-3.556696e-04	
    0.784179	    0.642918	1.511231e-04	-4.319773e-04	
    0.784179	    0.642918	1.080353e-04	-4.660001e-04	


    0.784179	    0.642918	1.080353e-04	-4.660001e-04	
    0.784179	    0.642918	5.437235e-05	-4.544076e-04	
    0.784179	    0.642918	-4.612981e-06	-3.983344e-04	
    0.784179	    0.642918	-6.314676e-05	-3.032696e-04	
    0.784179	    0.642918	-1.154993e-04	-1.785186e-04	
    0.784179	    0.642918	-1.565460e-04	-3.629290e-05	
    0.784179	    0.642918	-1.822688e-04	1.094854e-04	
    0.784179	    0.642918	-1.901499e-04	2.445464e-04	
    0.784179	    0.642918	-1.794178e-04	3.556696e-04	
    0.784179	    0.642918	-1.511231e-04	4.319773e-04	
    0.784179	    0.642918	-1.080353e-04	4.660001e-04	
    0.784179	    0.642918	-5.437235e-05	4.544076e-04	
    0.784179	    0.642918	4.612981e-06	3.983344e-04	
    0.784179	    0.642918	6.314676e-05	3.032696e-04	
    0.784179	    0.642918	1.154993e-04	1.785186e-04	
    0.784179	    0.642918	1.565460e-04	3.629290e-05	
    0.784179	    0.642918	1.822688e-04	-1.094854e-04	
    0.784179	    0.642918	1.901499e-04	-2.445464e-04	
    0.784179	    0.642918	1.794178e-04	-3.556696e-04	
    0.784179	    0.642918	1.511231e-04	-4.319773e-04	
    0.784179	    0.642918	1.080353e-04	-4.660001e-04	


    0.588653	    0.795805	1.210468e-04	-3.553488e-04	
    0.588653	    0.795805	6.625934e-05	-3.546016e-04	
    0.588653	    0.795805	4.985937e-06	-3.191435e-04	
    0.588653	    0.795805	-5.677553e-05	-2.524455e-04	
    0.588653	    0.795805	-1.129794e-04	-1.610363e-04	
    0.588653	    0.795805	-1.581241e-04	-5.386374e-05	
    0.588653	    0.795805	-1.877905e-04	5.858136e-05	
    0.588653	    0.795805	-1.990746e-04	1.652921e-04	
    0.588653	    0.795805	-1.908719e-04	2.558229e-04	
    0.588653	    0.795805	-1.639854e-04	3.213120e-04	
    0.588653	    0.795805	-1.210468e-04	3.553488e-04	
    0.588653	    0.795805	-6.625934e-05	3.546016e-04	
    0.588653	    0.795805	-4.985937e-06	3.191435e-04	
    0.588653	    0.795805	5.677553e-05	2.524455e-04	
    0.588653	    0.795805	1.129794e-04	1.610363e-04	
    0.588653	    0.795805	1.581241e-04	5.386374e-05	
    0.588653	    0.795805	1.877905e-04	-5.858136e-05	
    0.588653	    0.795805	1.990746e-04	-1.652921e-04	
    0.588653	    0.795805	1.908719e-04	-2.558229e-04	
    0.588653	    0.795805	1.639854e-04	-3.213120e-04	
    0.588653	    0.795805	1.210468e-04	-3.553488e-04	


    0.588653	    0.795805	1.210468e-04	-3.553488e-04	
    0.588653	    0.795805	6.625934e-05	-3.546016e-04	
    0.588653	    0.795805	4.985937e-06	-3.191435e-04	
    0.588653	    0.795805	-5.677553e-05	-2.524455e-04	
    0.588653	    0.795805	-1.129794e-04	-1.610363e-04	
    0.588653	    0.795805	-1.581241e-04	-5.386374e-05	
    0.588653	    0.795805	-1.877905e-04	5.858136e-05	
    0.588653	    0.795805	-1.990746e-04	1.652921e-04	
    0.588653	    0.795805	-1.908719e-04	2.558229e-04	
    0.588653	    0.795805	-1.639854e-04	3.213120e-04	
    0.588653	    0.795805	-1.210468e-04	3.553488e-04	
    0.588653	    0.795805	-6.625934e-05	3.546016e-04	
    0.588653	    0.795805	-4.985937e-06	3.191435e-04	
    0.588653	    0.795805	5.677553e-05	2.524455e-04	
    0.588653	    0.795805	1.129794e-04	1.610363e-04	
    0.588653	    0.795805	1.581241e-04	5.386374e-05	
    0.588653	    0.795805	1.877905e-04	-5.858136e-05	
    0.588653	    0.795805	1.990746e-04	-1.652921e-04	
    0.588653	    0.795805	1.908719e-04	-2.558229e-04	
    0.588653	    0.795805	1.639854e-04	-3.213120e-04	
    0.588653	    0.795805	1.210468e-04	-3.553488e-04	


    0.356244	    0.898494	1.099462e-04	-2.628902e-04	
    0.356244	    0.898494	5.319897e-05	-2.715058e-04	
    0.356244	    0.898494	-8.755741e-06	-2.535446e-04	
    0.356244	    0.898494	-6.985338e-05	-2.107646e-04	
    0.356244	    0.898494	-1.241133e-04	-1.473535e-04	
    0.356244	    0.898494	-1.662241e-04	-6.951841e-05	
    0.356244	    0.898494	-1.920638e-04	1.512161e-05	
    0.356244	    0.898494	-1.991029e-04	9.828143e-05	
    0.356244	    0.898494	-1.866524e-04	1.718208e-04	
    0.356244	    0.898494	-1.559311e-04	2.285411e-04	
    0.356244	    0.898494	-1.099462e-04	2.628902e-04	
    0.356244	    0.898494	-5.319897e-05	2.715058e-04	
    0.356244	    0.898494	8.755741e-06	2.535446e-04	
    0.356244	    0.898494	6.985338e-05	2.107646e-04	
    0.356244	    0.898494	1.241133e-04	1.473535e-04	
    0.356244	    0.898494	1.662241e-04	6.951841e-05	
    0.356244	    0.898494	1.920638e-04	-1.512161e-05	
    0.356244	    0.898494	1.991029e-04	-9.828143e-05	
    0.356244	    0.898494	1.866524e-04	-1.718208e-04	
    0.356244	    0.898494	1.559311e-04	-2.285411e-04	
    0.356244	    0.898494	1.099462e-04	-2.628902e-04	


    0.356244	    0.898494	1.099462e-04	-2.628902e-04	
    0.356244	    0.898494	5.319897e-05	-2.715058e-04	
    0.356244	    0.898494	-8.755741e-06	-2.535446e-04	
    0.356244	    0.898494	-6.985338e-05	-2.107646e-04	
    0.356244	    0.898494	-1.241133e-04	-1.473535e-04	
    0.356244	    0.898494	-1.662241e-04	-6.951841e-05	
    0.356244	    0.898494	-1.920638e-04	1.512161e-05	
    0.356244	    0.898494	-1.991029e-04	9.828143e-05	
    0.356244	    0.898494	-1.866524e-04	1.718208e-04	
    0.356244	    0.898494	-1.559311e-04	2.285411e-04	
    0.356244	    0.898494	-1.099462e-04	2.628902e-04	
    0.356244	    0.898494	-5.319897e-05	2.715058e-04	
    0.356244	    0.898494	8.755741e-06	2.535446e-04	
    0.356244	    0.898494	6.985338e-05	2.107646e-04	
    0.356244	    0.898494	1.241133e-04	1.473535e-04	
    0.356244	    0.898494	1.662241e-04	6.951841e-05	
    0.356244	    0.898494	1.920638e-04	-1.512161e-05	
    0.356244	    0.898494	1.991029e-04	-9.828143e-05	
    0.356244	    0.898494	1.866524e-04	-1.718208e-04	
    0.356244	    0.898494	1.559311e-04	-2.285411e-04	
    0.356244	    0.898494	1.099462e-04	-2.628902e-04	


    0.099977	    0.940423	3.835658e-05	-2.121208e-04	
    0.099977	    0.940423	-2.303462e-05	-2.125004e-04	
    0.099977	    0.940423	-8.217104e-05	-1.920790e-04	
    0.099977	    0.940423	-1.332640e-04	-1.528556e-04	
    0.099977	    0.940423	-1.713121e-04	-9.866959e-05	
    0.099977	    0.940423	-1.925910e-04	-3.482513e-05	
    0.099977	    0.940423	-1.950178e-04	3.242826e-05	
    0.099977	    0.940423	-1.783548e-04	9.650734e-05	
    0.099977	    0.940423	-1.442333e-04	1.511396e-04	
    0.099977	    0.940423	-9.599318e-05	1.909773e-04	
    0.099977	    0.940423	-3.835658e-05	2.121208e-04	
    0.099977	    0.940423	2.303462e-05	2.125004e-04	
    0.099977	    0.940423	8.217104e-05	1.920790e-04	
    0.099977	    0.940423	1.332640e-04	1.528556e-04	
    0.099977	    0.940423	1.713121e-04	9.866959e-05	
    0.099977	    0.940423	1.925910e-04	3.482513e-05	
    0.099977	    0.940423	1.950178e-04	-3.242826e-05	
    0.099977	    0.940423	1.783548e-04	-9.650734e-05	
    0.099977	    0.940423	1.442333e-04	-1.511396e-04	
    0.099977	    0.940423	9.599318e-05	-1.909773e-04	
    0.099977	    0.940423	3.835658e-05	-2.121208e-04	


    0.099977	    0.940423	3.835658e-05	-2.121208e-04	
    0.099977	    0.940423	-2.303462e-05	-2.125004e-04	
    0.099977	    0.940423	-8.217104e-05	-1.920790e-04	
    0.099977	    0.940423	-1.332640e-04	-1.528556e-04	
    0.099977	    0.940423	-1.713121e-04	-9.866959e-05	
    0.099977	    0.940423	-1.925910e-04	-3.482513e-05	
    0.099977	    0.940423	-1.950178e-04	3.242826e-05	
    0.099977	    0.940423	-1.783548e-04	9.650734e-05	
    0.099977	    0.940423	-1.442333e-04	1.511396e-04	
    0.099977	    0.940423	-9.599318e-05	1.909773e-04	
    0.099977	    0.940423	-3.835658e-05	2.121208e-04	
    0.099977	    0.940423	2.303462e-05	2.125004e-04	
    0.099977	    0.940423	8.217104e-05	1.920790e-04	
    0.099977	    0.940423	1.332640e-04	1.528556e-04	
    0.099977	    0.940423	1.713121e-04	9.866959e-05	
    0.099977	    0.940423	1.925910e-04	3.482513e-05	
    0.099977	    0.940423	1.950178e-04	-3.242826e-05	
    0.099977	    0.940423	1.783548e-04	-9.650734e-05	
    0.099977	    0.940423	1.442333e-04	-1.511396e-04	
    0.099977	    0.940423	9.599318e-05	-1.909773e-04	
    0.099977	    0.940423	3.835658e-05	-2.121208e-04	


