0	  1.00000e-05 1.00000e-05 1.00000e-05 1.00000e-06 1.00000e-06 1.00000e-06
 0	  1.00000e-05 1.00000e-05 1.00000e-05 5.04994e-07 1.54670e-06 6.06334e-07

 1	  9.08621e-06 9.52751e-06 8.32936e-06 1.90713e-06 8.75087e-07 2.30649e-06
 1	  9.08621e-06 9.52751e-06 8.32936e-06 2.78352e-06 1.12933e-06 3.34639e-06

 2	  8.05244e-06 1.05386e-05 5.54884e-06 3.24478e-06 2.76928e-06 6.24798e-06
 2	  8.05244e-06 1.05386e-05 5.54884e-06 5.37520e-06 2.30489e-06 2.29864e-06

 3	  6.79687e-06 1.31355e-05 3.68111e-06 3.92565e-06 4.73465e-06 4.27114e-06
 3	  6.79687e-06 1.31355e-05 3.68111e-06 5.59665e-06 3.56592e-06 2.08447e-06

 4	  5.16900e-06 1.72090e-05 2.27819e-06 4.10392e-06 5.40828e-06 3.57073e-06
 4	  5.16900e-06 1.72090e-05 2.27819e-06 3.78418e-06 4.84962e-06 2.52582e-06

 5	  3.34608e-06 2.18209e-05 1.16213e-06 4.56530e-06 4.10355e-06 3.69695e-06
 5	  3.34608e-06 2.18209e-05 1.16213e-06 4.29830e-06 3.52261e-06 3.11336e-06

 6	  1.62706e-06 2.51473e-05 3.90632e-07 6.58614e-06 1.62811e-06 3.90556e-06
 6	  1.62706e-06 2.51473e-05 3.90632e-07 5.88809e-06 1.10589e-06 3.02906e-06

 7	  6.61997e-07 2.56349e-05 5.34090e-08 7.03285e-06 8.45643e-07 3.36616e-06
 7	  6.61997e-07 2.56349e-05 5.34090e-08 6.26289e-06 6.61993e-07 2.49636e-06

 8	  6.45196e-07 2.29493e-05 8.10952e-08 5.07009e-06 3.11281e-06 2.47290e-06
 8	  6.45196e-07 2.29493e-05 8.10952e-08 4.92000e-06 2.85806e-06 2.07881e-06

 9	  1.20982e-06 1.83355e-05 3.60451e-07 2.46504e-06 6.24652e-06 1.82752e-06
 9	  1.20982e-06 1.83355e-05 3.60451e-07 2.94831e-06 5.02082e-06 1.13650e-06

10	  1.87303e-06 1.34695e-05 6.99900e-07 7.53812e-07 7.24195e-06 8.42913e-07
10	  1.87303e-06 1.34695e-05 6.99900e-07 9.84849e-07 6.39867e-06 5.09944e-07

11	  2.22468e-06 9.17784e-06 9.67992e-07 3.94509e-08 6.82305e-06 2.88206e-07
11	  2.22468e-06 9.17784e-06 9.67992e-07 5.15745e-08 6.48953e-06 1.98363e-07

12	  2.07548e-06 5.86520e-06 1.12383e-06 3.52474e-07 5.43479e-06 7.47582e-08
12	  2.07548e-06 5.86520e-06 1.12383e-06 2.12263e-07 5.20918e-06 4.64786e-08

13	  1.60452e-06 3.63399e-06 1.13414e-06 1.01230e-06 3.49748e-06 3.83117e-08
13	  1.60452e-06 3.63399e-06 1.13414e-06 8.85536e-07 3.44862e-06 3.14418e-08

14	  1.01442e-06 2.28196e-06 1.05683e-06 1.58967e-06 1.84233e-06 8.84697e-08
14	  1.01442e-06 2.28196e-06 1.05683e-06 1.33418e-06 1.90614e-06 5.90110e-08

15	  5.39940e-07 1.52894e-06 9.26460e-07 1.58178e-06 7.94708e-07 1.53214e-07
15	  5.39940e-07 1.52894e-06 9.26460e-07 1.35016e-06 8.33229e-07 8.32094e-08

16	  2.50591e-07 1.14909e-06 7.73934e-07 1.19930e-06 2.57581e-07 1.91826e-07
16	  2.50591e-07 1.14909e-06 7.73934e-07 1.03169e-06 2.87899e-07 1.33612e-07

17	  1.21881e-07 9.73033e-07 6.05243e-07 7.07881e-07 6.83989e-08 2.53004e-07
17	  1.21881e-07 9.73033e-07 6.05243e-07 6.08144e-07 7.13780e-08 1.92623e-07

18	  8.60957e-08 9.03207e-07 4.36755e-07 3.18725e-07 2.33098e-08 3.12064e-07
18	  8.60957e-08 9.03207e-07 4.36755e-07 2.20825e-07 1.29624e-08 1.80645e-07

19	  7.48361e-08 8.75924e-07 3.02977e-07 8.50771e-08 1.93438e-08 2.76320e-07
19	  7.48361e-08 8.75924e-07 3.02977e-07 6.58007e-08 1.53251e-08 2.13023e-07

20	  6.18150e-08 8.45386e-07 1.89514e-07 3.74941e-08 3.91125e-08 2.95638e-07
20	  6.18150e-08 8.45386e-07 1.89514e-07 4.21315e-08 3.65769e-08 2.29767e-07

21	  4.33282e-08 7.57965e-07 1.03991e-07 5.56272e-08 1.01273e-07 2.93730e-07
21	  4.33282e-08 7.57965e-07 1.03991e-07 6.31210e-08 8.78159e-08 2.40159e-07

22	  3.04040e-08 6.24093e-07 4.89189e-08 6.44310e-08 1.94461e-07 2.82896e-07
22	  3.04040e-08 6.24093e-07 4.89189e-08 8.52206e-08 1.31177e-07 1.76737e-07

23	  2.62416e-08 4.79674e-07 2.49485e-08 5.51520e-08 2.39270e-07 1.96231e-07
23	  2.62416e-08 4.79674e-07 2.49485e-08 6.57867e-08 1.72901e-07 1.31100e-07

24	  2.99159e-08 3.41553e-07 2.14216e-08 2.58005e-08 2.52229e-07 1.34154e-07
24	  2.99159e-08 3.41553e-07 2.14216e-08 3.11476e-08 2.21791e-07 1.03063e-07

25	  3.61783e-08 2.18473e-07 2.92719e-08 1.11022e-08 2.52890e-07 9.58934e-08
25	  3.61783e-08 2.18473e-07 2.92719e-08 9.92540e-09 2.13909e-07 6.65206e-08

26	  3.96556e-08 1.29174e-07 4.01789e-08 1.69051e-08 1.89787e-07 5.58015e-08
26	  3.96556e-08 1.29174e-07 4.01789e-08 1.12910e-08 1.68401e-07 4.18022e-08

27	  3.97186e-08 7.39441e-08 4.97019e-08 3.63447e-08 1.15482e-07 3.16135e-08
27	  3.97186e-08 7.39441e-08 4.97019e-08 2.41191e-08 1.04169e-07 2.30710e-08

28	  3.85625e-08 4.62080e-08 5.34067e-08 4.14798e-08 5.64635e-08 1.86550e-08
28	  3.85625e-08 4.62080e-08 5.34067e-08 3.88177e-08 5.46442e-08 1.83028e-08

  3.81441e-08 4.61646e-08 5.38686e-08
  8.74718e-08 1.58715e-08 8.42146e-09

 0	      0.0000082781	      0.0012564282	      0.0035000444	
1	      0.0000280103	      0.0009972660	      0.0027995336	
2	      0.0000137347	      0.0010411712	      0.0029072758	
3	      0.0000077002	      0.0006331408	      0.0017672753	
4	      0.0000061290	      0.0003027248	      0.0008474379	
5	      0.0000073714	      0.0001760003	      0.0004964976	
6	      0.0000142866	      0.0002386184	      0.0006774362	
7	      0.0000364361	      0.0002562035	      0.0007484568	
8	      0.0000863479	      0.0001678602	      0.0005528518	
9	      0.0001195661	      0.0003121578	      0.0009870905	
10	      0.0001064825	      0.0002121924	      0.0006961909	
11	      0.0000657113	      0.0001105430	      0.0003729237	
12	      0.0000396775	      0.0001503308	      0.0004574652	
13	      0.0000298549	      0.0000763903	      0.0002421527	
14	      0.0000390045	      0.0001199986	      0.0003724952	
15	      0.0000718254	      0.0001114768	      0.0003816330	
16	      0.0001480176	      0.0000954491	      0.0004132823	
17	      0.0003109225	      0.0000705438	      0.0005069723	
18	      0.0020579528	      0.0001396331	      0.0024460102	
19	      0.0033141523	      0.0000668443	      0.0034999207	
20	      0.0033125658	      0.0000673594	      0.0034997656	
21	      0.0033433283	      0.0000563244	      0.0034998605	
22	      0.0031723923	      0.0001180391	      0.0035004372	
23	      0.0032565953	      0.0000876306	      0.0035001314	
24	      0.0009811406	      0.0000497182	      0.0011193136	
25	      0.0000149498	      0.0000620494	      0.0001873926	
26	      0.0000341877	      0.0000402421	      0.0001460254	
27	      0.0000746045	      0.0000431018	      0.0001943897	
28	      0.0009868271	      0.0000089836	      0.0010117936	

FLeg = 0.0413320557
