
    0.000000    0.292664    0.956215   -0.000059   -0.993372    0.251207    0.021357
    0.000000    0.292664    0.956215   -0.000059   -0.993373    0.251201    0.021352
    0.027522    0.265217    0.962765    0.000529   -1.001066    0.224738    0.021345
    0.055043    0.237569    0.968583    0.001116   -1.008028    0.197996    0.021322
    0.082565    0.209739    0.973661    0.001702   -1.014246    0.170996    0.021283
    0.110087    0.181748    0.977993    0.002287   -1.019709    0.143761    0.021228
    0.137608    0.153618    0.981572    0.002871   -1.024406    0.116314    0.021155
    0.165130    0.125369    0.984394    0.003452   -1.028327    0.088677    0.021066
    0.192651    0.097023    0.986452    0.004030   -1.031464    0.060875    0.020961
    0.220173    0.068601    0.987743    0.004605   -1.033808    0.032932    0.020839
    0.247695    0.040126    0.988264    0.005177   -1.035352    0.004873    0.020700
    0.247695    0.040126    0.988264    0.005177   -1.035350    0.004868    0.020695
    0.275216    0.011619    0.988010    0.005744   -1.036087   -0.023282    0.020540
    0.302738   -0.016896    0.986981    0.006307   -1.036011   -0.051496    0.020368
    0.330260   -0.045399    0.985175    0.006865   -1.035118   -0.079750    0.020179
    0.357781   -0.073865    0.982592    0.007418   -1.033405   -0.108015    0.019974
    0.385303   -0.102273    0.979230    0.007965   -1.030868   -0.136267    0.019752
    0.412824   -0.130600    0.975091    0.008505   -1.027507   -0.164477    0.019515
    0.440346   -0.158823    0.970177    0.009039   -1.023320   -0.192619    0.019261
    0.467868   -0.186919    0.964490    0.009565   -1.018307   -0.220666    0.018991
    0.495389   -0.214866    0.958032    0.010084   -1.012471   -0.248589    0.018706
    0.495389   -0.214866    0.958032    0.010084   -1.012469   -0.248593    0.018700
    0.522911   -0.242641    0.950808    0.010594   -1.005812   -0.276367    0.018399
    0.550433   -0.270222    0.942822    0.011096   -0.998338   -0.303963    0.018083
    0.577954   -0.297585    0.934079    0.011590   -0.990051   -0.331354    0.017752
    0.605476   -0.324710    0.924585    0.012073   -0.980958   -0.358513    0.017406
    0.632998   -0.351573    0.914347    0.012548   -0.971065   -0.385414    0.017046
    0.660519   -0.378153    0.903373    0.013012   -0.960381   -0.412028    0.016672
    0.688041   -0.404429    0.891671    0.013465   -0.948913   -0.438331    0.016284
    0.715562   -0.430378    0.879249    0.013908   -0.936674   -0.464296    0.015882
    0.743084   -0.455979    0.866118    0.014339   -0.923673   -0.489897    0.015468
    0.743084   -0.455979    0.866118    0.014339   -0.923668   -0.489897    0.015463
    0.770606   -0.481212    0.852287    0.014759   -0.909918   -0.515108    0.015036
    0.798127   -0.506057    0.837768    0.015167   -0.895432   -0.539906    0.014597
    0.825649   -0.530493    0.822573    0.015562   -0.880225   -0.564266    0.014146
    0.853171   -0.554501    0.806714    0.015945   -0.864311   -0.588163    0.013684
    0.880692   -0.578061    0.790203    0.016315   -0.847706   -0.611576    0.013211
    0.908214   -0.601155    0.773055    0.016672   -0.830428   -0.634482    0.012727
    0.935735   -0.623765    0.755284    0.017016   -0.812493   -0.656858    0.012234
    0.963257   -0.645872    0.736905    0.017346   -0.793922   -0.678685    0.011732
    0.990779   -0.667459    0.717932    0.017662   -0.774732   -0.699943    0.011220
    0.990779   -0.667459    0.717933    0.017662   -0.774731   -0.699939    0.011213
    1.018300   -0.688510    0.698383    0.017963   -0.754943   -0.720607    0.010694
    1.045822   -0.709008    0.678274    0.018250   -0.734579   -0.740667    0.010166
    1.073344   -0.728938    0.657620    0.018523   -0.713659   -0.760103    0.009631
    1.100865   -0.748285    0.636441    0.018780   -0.692205   -0.778896    0.009089
    1.128387   -0.767035    0.614753    0.019023   -0.670241   -0.797033    0.008541
    1.155909   -0.785173    0.592576    0.019250   -0.647788   -0.814497    0.007988
    1.183430   -0.802687    0.569927    0.019462   -0.624870   -0.831276    0.007429
    1.210952   -0.819564    0.546826    0.019659   -0.601512   -0.847356    0.006866
    1.238473   -0.835792    0.523292    0.019840   -0.577738   -0.862725    0.006298
    1.238473   -0.835792    0.523293    0.019840   -0.577739   -0.862716    0.006292
    1.265995   -0.851361    0.499347    0.020006   -0.553572   -0.877364    0.005721
    1.293517   -0.866259    0.475007    0.020155   -0.529039   -0.891282    0.005147
    1.321038   -0.880478    0.450294    0.020289   -0.504163   -0.904459    0.004571
    1.348560   -0.894007    0.425229    0.020407   -0.478970   -0.916890    0.003994
    1.376082   -0.906839    0.399833    0.020509   -0.453486   -0.928566    0.003415
    1.403603   -0.918966    0.374125    0.020595   -0.427735   -0.939482    0.002835
    1.431125   -0.930381    0.348127    0.020665   -0.401743   -0.949633    0.002255
    1.458646   -0.941077    0.321861    0.020719   -0.375535   -0.959016    0.001675
    1.486168   -0.951050    0.295347    0.020757   -0.349137   -0.967627    0.001097
    1.486168   -0.951050    0.295348    0.020757   -0.349144   -0.967612    0.001090
    1.513690   -0.960294    0.268608    0.020779   -0.322580   -0.975450    0.000513
    1.541211   -0.968805    0.241663    0.020785   -0.295875   -0.982514   -0.000063
    1.568733   -0.976579    0.214534    0.020776   -0.269055   -0.988804   -0.000636
    1.596255   -0.983614    0.187243    0.020750   -0.242143   -0.994320   -0.001206
    1.623776   -0.989907    0.159811    0.020709   -0.215163   -0.999065   -0.001773
    1.651298   -0.995456    0.132259    0.020653   -0.188140   -1.003041   -0.002336
    1.678820   -1.000262    0.104607    0.020581   -0.161097   -1.006251   -0.002894
    1.706341   -1.004324    0.076878    0.020493   -0.134058   -1.008699   -0.003448
    1.733863   -1.007641    0.049092    0.020391   -0.107044   -1.010390   -0.003997
    1.733863   -1.007642    0.049093    0.020391   -0.107057   -1.010369   -0.004008
    1.761384   -1.010218    0.021271    0.020273   -0.080092   -1.011309   -0.004551
    1.788906   -1.012052   -0.006566    0.020140   -0.053197   -1.011505   -0.005089
    1.816428   -1.013147   -0.034399    0.019993   -0.026394   -1.010963   -0.005620
    1.843949   -1.013505   -0.062206    0.019831    0.000296   -1.009691   -0.006145
    1.871471   -1.013131   -0.089969    0.019655    0.026853   -1.007698   -0.006662
    1.898993   -1.012029   -0.117667    0.019465    0.053257   -1.004991   -0.007172
    1.926514   -1.010202   -0.145280    0.019260    0.079489   -1.001580   -0.007674
    1.954036   -1.007655   -0.172791    0.019042    0.105529   -0.997476   -0.008169
    1.981557   -1.004395   -0.200179    0.018811    0.131360   -0.992688   -0.008655
    1.981557   -1.004396   -0.200179    0.018811    0.131338   -0.992646   -0.008672
    2.009079   -1.000428   -0.227424    0.018565    0.156941   -0.987185   -0.009150
    2.036601   -0.995759   -0.254510    0.018307    0.182300   -0.981063   -0.009618
    2.064122   -0.990396   -0.281419    0.018036    0.207398   -0.974291   -0.010077
    2.091644   -0.984346   -0.308133    0.017753    0.232218   -0.966881   -0.010527
    2.119166   -0.977617   -0.334634    0.017457    0.256746   -0.958846   -0.010967
    2.146687   -0.970217   -0.360905    0.017149    0.280967   -0.950198   -0.011398
    2.174209   -0.962154   -0.386930    0.016829    0.304866   -0.940949   -0.011818
    2.201731   -0.953439   -0.412693    0.016499    0.328429   -0.931113   -0.012228
    2.229252   -0.944080   -0.438176    0.016157    0.351644   -0.920704   -0.012627
    2.229252   -0.944080   -0.438177    0.016157    0.351603   -0.920644   -0.012651
    2.256774   -0.934088   -0.463365    0.015803    0.374456   -0.909674   -0.013040
    2.284295   -0.923473   -0.488243    0.015439    0.396937   -0.898158   -0.013418
    2.311817   -0.912243   -0.512798    0.015065    0.419033   -0.886110   -0.013785
    2.339339   -0.900411   -0.537013    0.014680    0.440733   -0.873542   -0.014141
    2.366860   -0.887988   -0.560875    0.014286    0.462027   -0.860470   -0.014486
    2.394382   -0.874984   -0.584371    0.013883    0.482906   -0.846907   -0.014820
    2.421904   -0.861411   -0.607488    0.013471    0.503359   -0.832868   -0.015142
    2.449425   -0.847281   -0.630211    0.013050    0.523379   -0.818367   -0.015452
    2.476947   -0.832606   -0.652529    0.012620    0.542956   -0.803419   -0.015752
    2.476947   -0.832607   -0.652530    0.012620    0.542905   -0.803367   -0.015774
    2.504468   -0.817401   -0.674429    0.012182    0.562032   -0.787985   -0.016061
    2.531990   -0.801675   -0.695899    0.011736    0.580702   -0.772184   -0.016337
    2.559512   -0.785441   -0.716929    0.011283    0.598907   -0.755978   -0.016601
    2.587033   -0.768713   -0.737507    0.010823    0.616642   -0.739381   -0.016854
    2.614555   -0.751504   -0.757623    0.010355    0.633900   -0.722408   -0.017094
    2.642077   -0.733826   -0.777267    0.009882    0.650676   -0.705073   -0.017323
    2.669598   -0.715693   -0.796430    0.009402    0.666964   -0.687390   -0.017539
    2.697120   -0.697118   -0.815100    0.008916    0.682760   -0.669373   -0.017744
    2.724642   -0.678116   -0.833271    0.008425    0.698059   -0.651035   -0.017937
    2.724642   -0.678116   -0.833271    0.008425    0.698006   -0.651000   -0.017954
    2.752163   -0.658701   -0.850932    0.007929    0.712805   -0.632356   -0.018135
    2.779685   -0.638886   -0.868076    0.007427    0.727099   -0.613419   -0.018305
    2.807206   -0.618684   -0.884694    0.006921    0.740886   -0.594203   -0.018462
    2.834728   -0.598109   -0.900780    0.006411    0.754163   -0.574722   -0.018607
    2.862250   -0.577177   -0.916326    0.005897    0.766927   -0.554988   -0.018741
    2.889771   -0.555900   -0.931326    0.005380    0.779175   -0.535016   -0.018863
    2.917293   -0.534293   -0.945773    0.004859    0.790907   -0.514817   -0.018973
    2.944815   -0.512371   -0.959662    0.004335    0.802119   -0.494406   -0.019072
    2.972336   -0.490147   -0.972985    0.003809    0.812811   -0.473794   -0.019158
    2.972336   -0.490147   -0.972985    0.003809    0.812548   -0.473664   -0.019204
    2.999858   -0.467643   -0.985736    0.003280    0.822719   -0.452864   -0.019279
    3.027379   -0.444866   -0.997911    0.002748    0.832367   -0.431891   -0.019343
    3.054901   -0.421831   -1.009507    0.002215    0.841493   -0.410754   -0.019395
    3.082423   -0.398553   -1.020519    0.001681    0.850096   -0.389467   -0.019436
    3.109944   -0.375044   -1.030943    0.001145    0.858175   -0.368042   -0.019465
    3.137466   -0.351321   -1.040776    0.000609    0.865732   -0.346491   -0.019484
    3.164988   -0.327396   -1.050014    0.000073    0.872765   -0.324825   -0.019491
    3.192509   -0.303286   -1.058654   -0.000463    0.879276   -0.303057   -0.019487
    3.220031   -0.279003   -1.066694   -0.000999    0.885265   -0.281197   -0.019472
    3.220031   -0.279003   -1.066694   -0.000999    0.885188   -0.281180   -0.019483
    3.247553   -0.254564   -1.074131   -0.001535    0.890657   -0.259239   -0.019458
    3.275074   -0.229983   -1.080963   -0.002070    0.895605   -0.237230   -0.019421
    3.302596   -0.205272   -1.087189   -0.002604    0.900036   -0.215163   -0.019373
    3.330117   -0.180447   -1.092806   -0.003137    0.903948   -0.193049   -0.019315
    3.357639   -0.155521   -1.097814   -0.003667    0.907346   -0.170899   -0.019246
    3.385161   -0.130508   -1.102213   -0.004196    0.910229   -0.148723   -0.019167
    3.412682   -0.105423   -1.106000   -0.004722    0.912600   -0.126532   -0.019077
    3.440204   -0.080280   -1.109177   -0.005246    0.914461   -0.104336   -0.018977
    3.467726   -0.055093   -1.111743   -0.005767    0.915814   -0.082145   -0.018867
    3.467726   -0.055093   -1.111743   -0.005767    0.915770   -0.082148   -0.018874
    3.495247   -0.029877   -1.113699   -0.006284    0.916617   -0.059972   -0.018754
    3.522769   -0.004644   -1.115045   -0.006799    0.916960   -0.037823   -0.018624
    3.550290    0.020591   -1.115781   -0.007309    0.916802   -0.015708   -0.018484
    3.577812    0.045815   -1.115910   -0.007816    0.916145    0.006361   -0.018334
    3.605334    0.071014   -1.115432   -0.008319    0.914993    0.028376   -0.018175
    3.632855    0.096175   -1.114348   -0.008816    0.913347    0.050327   -0.018006
    3.660377    0.121283   -1.112662   -0.009310    0.911211    0.072205   -0.017828
    3.687899    0.146326   -1.110375   -0.009798    0.908587    0.093999   -0.017641
    3.715420    0.171291   -1.107489   -0.010280    0.905479    0.115703   -0.017444
    3.715420    0.171291   -1.107489   -0.010280    0.905346    0.115680   -0.017448
    3.742942    0.196159   -1.104008   -0.010758    0.901756    0.137282   -0.017242
    3.770464    0.220922   -1.099933   -0.011229    0.897689    0.158774   -0.017028
    3.797985    0.245566   -1.095269   -0.011695    0.893147    0.180148   -0.016805
    3.825507    0.270079   -1.090019   -0.012154    0.888134    0.201394   -0.016573
    3.853028    0.294448   -1.084185   -0.012607    0.882653    0.222504   -0.016332
    3.880550    0.318659   -1.077773   -0.013053    0.876708    0.243469   -0.016084
    3.908072    0.342700   -1.070785   -0.013492    0.870301    0.264281   -0.015826
    3.935593    0.366559   -1.063227   -0.013924    0.863438    0.284931   -0.015561
    3.963115    0.390223   -1.055103   -0.014349    0.856122    0.305411   -0.015288
    3.963115    0.390223   -1.055103   -0.014349    0.855974    0.305355   -0.015277
    3.990637    0.413675   -1.046420   -0.014765    0.848208    0.325656   -0.014995
    4.018158    0.436907   -1.037180   -0.015174    0.839997    0.345771   -0.014706
    4.045680    0.459907   -1.027389   -0.015575    0.831344    0.365691   -0.014410
    4.073201    0.482663   -1.017053   -0.015967    0.822254    0.385408   -0.014105
    4.100723    0.505162   -1.006177   -0.016351    0.812731    0.404914   -0.013794
    4.128245    0.527394   -0.994767   -0.016726    0.802778    0.424200   -0.013475
    4.155766    0.549346   -0.982830   -0.017093    0.792401    0.443260   -0.013149
    4.183288    0.571007   -0.970371   -0.017450    0.781603    0.462085   -0.012816
    4.210810    0.592364   -0.957397   -0.017798    0.770389    0.480666   -0.012476
    4.210810    0.592364   -0.957397   -0.017798    0.770224    0.480563   -0.012451
    4.238331    0.613403   -0.943918   -0.018136    0.758599    0.498894   -0.012105
    4.265853    0.634116   -0.929939   -0.018464    0.746567    0.516967   -0.011752
    4.293375    0.654493   -0.915465   -0.018783    0.734133    0.534774   -0.011392
    4.320896    0.674522   -0.900506   -0.019091    0.721302    0.552306   -0.011027
    4.348418    0.694192   -0.885067   -0.019390    0.708078    0.569558   -0.010655
    4.375939    0.713493   -0.869158   -0.019678    0.694467    0.586519   -0.010277
    4.403461    0.732414   -0.852786   -0.019955    0.680473    0.603185   -0.009894
    4.430983    0.750945   -0.835959   -0.020222    0.666102    0.619545   -0.009504
    4.458504    0.769075   -0.818687   -0.020479    0.651359    0.635594   -0.009110
    4.458504    0.769075   -0.818687   -0.020479    0.649494    0.633846   -0.008574
    4.486026    0.786743   -0.801025   -0.020709    0.634385    0.649576   -0.008174
    4.513548    0.803991   -0.782935   -0.020928    0.618916    0.664980   -0.007769
    4.541069    0.820807   -0.764426   -0.021137    0.603091    0.680050   -0.007359
    4.568591    0.837183   -0.745506   -0.021333    0.586917    0.694779   -0.006945
    4.596112    0.853110   -0.726186   -0.021519    0.570399    0.709161   -0.006526
    4.623634    0.868577   -0.706475   -0.021693    0.553543    0.723187   -0.006103
    4.651156    0.883576   -0.686383   -0.021855    0.536355    0.736850   -0.005676
    4.678677    0.898097   -0.665920   -0.022005    0.518841    0.750144   -0.005245
    4.706199    0.912131   -0.645096   -0.022143    0.501007    0.763060   -0.004810
    4.706199    0.912131   -0.645096   -0.022143    0.499641    0.761070   -0.004212
    4.733721    0.925633   -0.623977   -0.022253    0.481493    0.773602   -0.003773
    4.761242    0.938631   -0.602518   -0.022351    0.463039    0.785743   -0.003332
    4.788764    0.951118   -0.580731   -0.022437    0.444284    0.797486   -0.002887
    4.816285    0.963084   -0.558625   -0.022510    0.425235    0.808824   -0.002440
    4.843807    0.974521   -0.536214   -0.022571    0.405899    0.819749   -0.001990
    4.871329    0.985423   -0.513508   -0.022619    0.386283    0.830255   -0.001538
    4.898850    0.995781   -0.490518   -0.022656    0.366393    0.840335   -0.001083
    4.926372    1.005588   -0.467257   -0.022679    0.346237    0.849981   -0.000627
    4.953894    1.014837   -0.443736   -0.022690    0.325823    0.859185   -0.000168
    4.953894    1.014837   -0.443736   -0.022690    0.324654    0.856350    0.000681
    4.981415    1.023488   -0.420047   -0.022665    0.303988    0.865108    0.001141
    5.008937    1.031567   -0.396122   -0.022627    0.283079    0.873412    0.001602
    5.036459    1.039067   -0.371975   -0.022577    0.261934    0.881255    0.002063
    5.063980    1.045983   -0.347619   -0.022514    0.240562    0.888631    0.002525
    5.091502    1.052307   -0.323067   -0.022438    0.218970    0.895532    0.002988
    5.119023    1.058034   -0.298331   -0.022349    0.197166    0.901952    0.003451
    5.146545    1.063158   -0.273425   -0.022248    0.175160    0.907884    0.003913
    5.174067    1.067673   -0.248362   -0.022134    0.152959    0.913320    0.004376
    5.201588    1.071575   -0.223157   -0.022007    0.130574    0.918254    0.004838
    5.201588    1.071575   -0.223157   -0.022007    0.130048    0.915263    0.005724
    5.229110    1.074844   -0.197906   -0.021843    0.107486    0.919688    0.006185
    5.256632    1.077490   -0.172539   -0.021667    0.084758    0.923600    0.006644
    5.284153    1.079508   -0.147072   -0.021477    0.061872    0.926991    0.007102
    5.311675    1.080894   -0.121520   -0.021276    0.038839    0.929854    0.007558
    5.339196    1.081645   -0.095895   -0.021061    0.015669    0.932183    0.008012
    5.366718    1.081756   -0.070214   -0.020835   -0.007629    0.933972    0.008463
    5.394240    1.081224   -0.044491   -0.020596   -0.031044    0.935213    0.008911
    5.421761    1.080046   -0.018742   -0.020344   -0.054565    0.935901    0.009357
    5.449283    1.078219    0.007019   -0.020081   -0.078180    0.936029    0.009799
    5.449283    1.078219    0.007019   -0.020081   -0.078034    0.932971    0.010698
    5.476805    1.075746    0.032691   -0.019780   -0.101733    0.932534    0.011137
    5.504326    1.072619    0.058343   -0.019468   -0.125505    0.931526    0.011571
    5.531848    1.068837    0.083960   -0.019143   -0.149337    0.929942    0.012001
    5.559370    1.064399    0.109525   -0.018807   -0.173217    0.927776    0.012426
    5.586891    1.059302    0.135022   -0.018459   -0.197133    0.925022    0.012845
    5.614413    1.053548    0.160436   -0.018100   -0.221072    0.921674    0.013260
    5.641934    1.047134    0.185749   -0.017730   -0.245022    0.917727    0.013668
    5.669456    1.040061    0.210945   -0.017348   -0.268968    0.913175    0.014071
    5.696978    1.032329    0.236007   -0.016955   -0.292897    0.908014    0.014467
    5.696978    1.032329    0.236007   -0.016955   -0.292090    0.905148    0.015302
    5.724499    1.023961    0.260840   -0.016529   -0.315988    0.899373    0.015691
    5.752021    1.014937    0.285506   -0.016092   -0.339841    0.892982    0.016073
    5.779543    1.005256    0.309987   -0.015644   -0.363633    0.885968    0.016447
    5.807064    0.994922    0.334267   -0.015186   -0.387351    0.878328    0.016812
    5.834586    0.983936    0.358327   -0.014719   -0.410978    0.870058    0.017169
    5.862107    0.972301    0.382152   -0.014241   -0.434499    0.861155    0.017517
    5.889629    0.960021    0.405722   -0.013755   -0.457897    0.851614    0.017856
    5.917151    0.947098    0.429022   -0.013259   -0.481156    0.841433    0.018186
    5.944672    0.933538    0.452032   -0.012754   -0.504260    0.830609    0.018505
    5.944672    0.933538    0.452032   -0.012754   -0.503459    0.829170    0.018916
    5.972194    0.919366    0.474695   -0.012229   -0.526389    0.817702    0.019226
    5.999716    0.904565    0.497035   -0.011695   -0.549128    0.805586    0.019524
    6.027237    0.889142    0.519032   -0.011154   -0.571658    0.792823    0.019811
    6.054759    0.873101    0.540668   -0.010605   -0.593961    0.779411    0.020086
    6.082281    0.856451    0.561927   -0.010049   -0.616018    0.765350    0.020350
    6.109802    0.839196    0.582790   -0.009485   -0.637809    0.750638    0.020601
    6.137324    0.821346    0.603239   -0.008915   -0.659315    0.735277    0.020839
    6.164845    0.802908    0.623256   -0.008338   -0.680516    0.719267    0.021064
    6.192367    0.783891    0.642824   -0.007756   -0.701391    0.702611    0.021276
    6.192367    0.783891    0.642824   -0.007756   -0.701361    0.702573    0.021280
    6.219889    0.764305    0.661923   -0.007167   -0.721890    0.685272    0.021478
    6.247410    0.744160    0.680537   -0.006573   -0.742051    0.667328    0.021662
    6.274932    0.723464    0.698649   -0.005975   -0.761824    0.648747    0.021831
    6.302454    0.702230    0.716241   -0.005372   -0.781186    0.629531    0.021985
    6.329975    0.680469    0.733295   -0.004765   -0.800115    0.609685    0.022124
    6.357497    0.658193    0.749794   -0.004154   -0.818590    0.589217    0.022247
    6.385018    0.635416    0.765721   -0.003541   -0.836587    0.568132    0.022354
    6.412540    0.612149    0.781060   -0.002924   -0.854084    0.546438    0.022444
    6.440062    0.588409    0.795794   -0.002305   -0.871058    0.524143    0.022518
    6.440062    0.588409    0.795794   -0.002305   -0.870728    0.523919    0.022574
    6.467583    0.564218    0.809899   -0.001683   -0.887156    0.501033    0.022631
    6.495105    0.539582    0.823367   -0.001060   -0.903015    0.477567    0.022670
    6.522627    0.514518    0.836181   -0.000436   -0.918281    0.453530    0.022692
    6.550148    0.489042    0.848325    0.000189   -0.932933    0.428937    0.022695
    6.577670    0.463172    0.859786    0.000813   -0.946945    0.403800    0.022680
    6.605192    0.436926    0.870547    0.001437   -0.960296    0.378134    0.022647
    6.632713    0.410321    0.880595    0.002060   -0.972962    0.351954    0.022595
    6.660235    0.383377    0.889915    0.002681   -0.984920    0.325277    0.022523
    6.687756    0.356114    0.898495    0.003299   -0.996148    0.298121    0.022432
    6.687756    0.356114    0.898495    0.003299   -0.996037    0.298082    0.022426
    6.715278    0.328556    0.906319    0.003915   -1.006513    0.270466    0.022315
    6.742800    0.300720    0.913378    0.004528   -1.016215    0.242410    0.022185
    6.770321    0.272627    0.919659    0.005136   -1.025121    0.213935    0.022035
    6.797843    0.244301    0.925150    0.005740   -1.033210    0.185064    0.021865
    6.825365    0.215764    0.929842    0.006339   -1.040462    0.155820    0.021674
    6.852886    0.187039    0.933724    0.006933   -1.046858    0.126229    0.021463
    6.880408    0.158149    0.936787    0.007521   -1.052377    0.096317    0.021232
    6.907929    0.129120    0.939023    0.008102   -1.057002    0.066111    0.020981
    6.935451    0.099977    0.940423    0.008675   -1.060716    0.035639    0.020709
    6.935451    0.099977    0.940423    0.008675   -1.060285    0.035607    0.020698

    0.000000    0.099977    0.940423    0.008675   -1.060285    0.035607    0.020698
    0.000000    0.099977    0.940423    0.008675   -1.060285    0.035607    0.020698
    0.027388    0.070898    0.940981    0.009238   -1.063059    0.005049    0.020407
    0.054776    0.041755    0.940698    0.009793   -1.064901   -0.025714    0.020096
    0.082164    0.012575    0.939571    0.010339   -1.065794   -0.056648    0.019765
    0.109552   -0.016616    0.937594    0.010875   -1.065727   -0.087723    0.019413
    0.136940   -0.045792    0.934764    0.011402   -1.064687   -0.118906    0.019042
    0.164328   -0.074927    0.931080    0.011918   -1.062664   -0.150161    0.018652
    0.191716   -0.103992    0.926539    0.012424   -1.059649   -0.181455    0.018242
    0.219104   -0.132961    0.921140    0.012917   -1.055635   -0.212752    0.017812
    0.246492   -0.161806    0.914885    0.013399   -1.050616   -0.244015    0.017364
    0.246492   -0.161806    0.914885    0.013399   -1.050606   -0.244019    0.017363
    0.273881   -0.190500    0.907775    0.013868   -1.044577   -0.275212    0.016896
    0.301269   -0.219015    0.899811    0.014324   -1.037534   -0.306296    0.016412
    0.328657   -0.247323    0.890998    0.014767   -1.029477   -0.337234    0.015909
    0.356045   -0.275396    0.881341    0.015196   -1.020406   -0.367988    0.015389
    0.383433   -0.303208    0.870844    0.015610   -1.010324   -0.398518    0.014852
    0.410821   -0.330729    0.859514    0.016009   -0.999235   -0.428786    0.014299
    0.438209   -0.357933    0.847359    0.016393   -0.987144   -0.458753    0.013730
    0.465597   -0.384792    0.834388    0.016761   -0.974060   -0.488380    0.013146
    0.492985   -0.411279    0.820611    0.017113   -0.959991   -0.517627    0.012548
    0.492985   -0.411279    0.820611    0.017113   -0.959907   -0.517615    0.012537
    0.520373   -0.437365    0.806039    0.017448   -0.944866   -0.546445    0.011924
    0.547761   -0.463026    0.790683    0.017766   -0.928865   -0.574820    0.011299
    0.575149   -0.488236    0.774557    0.018067   -0.911921   -0.602701    0.010660
    0.602537   -0.512969    0.757674    0.018350   -0.894049   -0.630051    0.010010
    0.629925   -0.537200    0.740050    0.018615   -0.875269   -0.656834    0.009349
    0.657313   -0.560905    0.721701    0.018862   -0.855602   -0.683014    0.008678
    0.684701   -0.584059    0.702643    0.019090   -0.835069   -0.708557    0.007997
    0.712089   -0.606639    0.682895    0.019300   -0.813695   -0.733428    0.007308
    0.739477   -0.628623    0.662475    0.019490   -0.791506   -0.757595    0.006612
    0.739477   -0.628623    0.662475    0.019490   -0.791506   -0.757599    0.006611
    0.766866   -0.649987    0.641404    0.019662   -0.768529   -0.781030    0.005907
    0.794254   -0.670713    0.619700    0.019814   -0.744792   -0.803696    0.005198
    0.821642   -0.690778    0.597387    0.019947   -0.720326   -0.825567    0.004483
    0.849030   -0.710163    0.574487    0.020059   -0.695162   -0.846616    0.003764
    0.876418   -0.728850    0.551021    0.020153   -0.669334   -0.866818    0.003043
    0.903806   -0.746821    0.527014    0.020226   -0.642874   -0.886148    0.002319
    0.931194   -0.764059    0.502489    0.020280   -0.615817   -0.904584    0.001593
    0.958582   -0.780548    0.477472    0.020313   -0.588201   -0.922106    0.000868
    0.985970   -0.796273    0.451988    0.020327   -0.560060   -0.938693    0.000142
    0.985970   -0.796273    0.451988    0.020327   -0.559505   -0.938366    0.001122
    1.013358   -0.811206    0.426072    0.020348   -0.530877   -0.954003    0.000398
    1.040746   -0.825348    0.399741    0.020349   -0.501801   -0.968676   -0.000325
    1.068134   -0.838689    0.373021    0.020330   -0.472314   -0.982369   -0.001046
    1.095522   -0.851217    0.345939    0.020292   -0.442455   -0.995073   -0.001764
    1.122910   -0.862922    0.318524    0.020234   -0.412264   -1.006777   -0.002478
    1.150298   -0.873796    0.290801    0.020156   -0.381778   -1.017473   -0.003187
    1.177686   -0.883832    0.262800    0.020059   -0.351037   -1.027156   -0.003890
    1.205074   -0.893023    0.234547    0.019943   -0.320081   -1.035821   -0.004587
    1.232462   -0.901363    0.206071    0.019808   -0.288948   -1.043466   -0.005277
    1.232462   -0.901363    0.206071    0.019808   -0.288887   -1.043426   -0.005092
    1.259851   -0.908847    0.177400    0.019659   -0.257616   -1.050051   -0.005773
    1.287239   -0.915473    0.148562    0.019492   -0.226245   -1.055657   -0.006447
    1.314627   -0.921239    0.119585    0.019306   -0.194811   -1.060246   -0.007111
    1.342015   -0.926144    0.090495    0.019102   -0.163353   -1.063824   -0.007765
    1.369403   -0.930187    0.061322    0.018881   -0.131906   -1.066397   -0.008408
    1.396791   -0.933370    0.032091    0.018642   -0.100507   -1.067971   -0.009040
    1.424179   -0.935693    0.002832    0.018386   -0.069191   -1.068557   -0.009661
    1.451567   -0.937161   -0.026431    0.018113   -0.037992   -1.068164   -0.010269
    1.478955   -0.937776   -0.055669    0.017823   -0.006943   -1.066805   -0.010864
    1.478955   -0.937776   -0.055669    0.017823   -0.006947   -1.066808   -0.010862
    1.506343   -0.937543   -0.084858    0.017518    0.023919   -1.064495   -0.011444
    1.533731   -0.936468   -0.113970    0.017197    0.054571   -1.061244   -0.012011
    1.561119   -0.934556   -0.142980    0.016860    0.084977   -1.057069   -0.012565
    1.588507   -0.931815   -0.171864    0.016509    0.115109   -1.051986   -0.013104
    1.615895   -0.928254   -0.200596    0.016142    0.144939   -1.046014   -0.013627
    1.643283   -0.923879   -0.229152    0.015762    0.174439   -1.039169   -0.014135
    1.670671   -0.918702   -0.257510    0.015368    0.203583   -1.031472   -0.014628
    1.698059   -0.912731   -0.285645    0.014961    0.232347   -1.022942   -0.015104
    1.725447   -0.905978   -0.313535    0.014541    0.260707   -1.013599   -0.015564
    1.725447   -0.905978   -0.313535    0.014541    0.260702   -1.013604   -0.015560
    1.752835   -0.898455   -0.341159    0.014109    0.288635   -1.003469   -0.016004
    1.780224   -0.890172   -0.368494    0.013665    0.316121   -0.992565   -0.016431
    1.807612   -0.881143   -0.395521    0.013209    0.343139   -0.980912   -0.016841
    1.835000   -0.871381   -0.422218    0.012742    0.369670   -0.968533   -0.017233
    1.862388   -0.860899   -0.448567    0.012265    0.395696   -0.955451   -0.017609
    1.889776   -0.849711   -0.474548    0.011778    0.421201   -0.941688   -0.017968
    1.917164   -0.837832   -0.500143    0.011281    0.446169   -0.927267   -0.018309
    1.944552   -0.825276   -0.525334    0.010775    0.470586   -0.912212   -0.018633
    1.971940   -0.812060   -0.550104    0.010261    0.494438   -0.896547   -0.018939
    1.971940   -0.812060   -0.550104    0.010261    0.494433   -0.896551   -0.018935
    1.999328   -0.798198   -0.574438    0.009738    0.517708   -0.880297   -0.019224
    2.026716   -0.783707   -0.598319    0.009208    0.540395   -0.863479   -0.019496
    2.054104   -0.768603   -0.621731    0.008670    0.562483   -0.846119   -0.019750
    2.081492   -0.752902   -0.644661    0.008126    0.583963   -0.828241   -0.019988
    2.108880   -0.736622   -0.667094    0.007576    0.604827   -0.809868   -0.020208
    2.136268   -0.719778   -0.689018    0.007019    0.625067   -0.791022   -0.020410
    2.163656   -0.702389   -0.710419    0.006458    0.644677   -0.771727   -0.020596
    2.191044   -0.684471   -0.731286    0.005891    0.663650   -0.752004   -0.020765
    2.218432   -0.666042   -0.751608    0.005321    0.681982   -0.731876   -0.020917
    2.218432   -0.666042   -0.751608    0.005321    0.681977   -0.731882   -0.020916
    2.245820   -0.647121   -0.771372    0.004746    0.699664   -0.711371   -0.021051
    2.273209   -0.627723   -0.790570    0.004168    0.716701   -0.690497   -0.021170
    2.300597   -0.607868   -0.809192    0.003586    0.733087   -0.669282   -0.021273
    2.327985   -0.587574   -0.827228    0.003002    0.748819   -0.647748   -0.021360
    2.355373   -0.566857   -0.