0	  1.00000e-05 1.00000e-05 1.00000e-05 1.00000e-06 1.00000e-06 1.00000e-06
 0	  1.00000e-05 1.00000e-05 1.00000e-05 4.36312e-07 1.60878e-06 5.81038e-07

 1	  9.29452e-06 9.56316e-06 8.51565e-06 1.66942e-06 9.88805e-07 2.09427e-06
 1	  9.29452e-06 9.56316e-06 8.51565e-06 3.77669e-06 6.24463e-07 2.37656e-06

 2	  7.77583e-06 1.02726e-05 6.18764e-06 4.67250e-06 1.80585e-06 4.81800e-06
 2	  7.77583e-06 1.02726e-05 6.18764e-06 6.59844e-06 9.85056e-07 1.89356e-06

 3	  6.12107e-06 1.25950e-05 4.38638e-06 5.35742e-06 3.88438e-06 3.81482e-06
 3	  6.12107e-06 1.25950e-05 4.38638e-06 5.61138e-06 2.50100e-06 1.73183e-06

 4	  4.65683e-06 1.60619e-05 3.01413e-06 3.82327e-06 4.47284e-06 3.19735e-06
 4	  4.65683e-06 1.60619e-05 3.01413e-06 3.50789e-06 3.64108e-06 2.36326e-06

 5	  3.02694e-06 1.98695e-05 1.77697e-06 4.02987e-06 3.47354e-06 3.66713e-06
 5	  3.02694e-06 1.98695e-05 1.77697e-06 3.68451e-06 3.04591e-06 2.96700e-06

 6	  1.54045e-06 2.26318e-05 8.36955e-07 5.49878e-06 1.73569e-06 3.93396e-06
 6	  1.54045e-06 2.26318e-05 8.36955e-07 4.05747e-06 9.59326e-07 2.48601e-06

 7	  7.52730e-07 2.27722e-05 3.29190e-07 4.86870e-06 1.04363e-06 2.99352e-06
 7	  7.52730e-07 2.27722e-05 3.29190e-07 4.54587e-06 6.95817e-07 2.14316e-06

 8	  6.63509e-07 2.03703e-05 1.43324e-07 3.48966e-06 2.86949e-06 2.32171e-06
 8	  6.63509e-07 2.03703e-05 1.43324e-07 3.86852e-06 2.53079e-06 1.86851e-06

 9	  1.04880e-06 1.63385e-05 1.93969e-07 1.77460e-06 5.39445e-06 1.82481e-06
 9	  1.04880e-06 1.63385e-05 1.93969e-07 2.12530e-06 4.72333e-06 1.45150e-06

10	  1.49394e-06 1.19670e-05 3.99228e-07 4.30194e-07 6.51610e-06 1.27741e-06
10	  1.49394e-06 1.19670e-05 3.99228e-07 4.81519e-07 6.19707e-06 1.09108e-06

11	  1.63723e-06 8.06068e-06 6.76447e-07 1.15226e-07 6.30356e-06 8.66363e-07
11	  1.63723e-06 8.06068e-06 6.76447e-07 3.56956e-08 5.69133e-06 5.91707e-07

12	  1.42808e-06 5.19664e-06 9.17038e-07 6.25118e-07 4.50572e-06 4.03994e-07
12	  1.42808e-06 5.19664e-06 9.17038e-07 3.66036e-07 4.40146e-06 2.06166e-07

13	  1.05235e-06 3.30151e-06 1.04002e-06 1.17540e-06 2.76390e-06 1.13032e-07
13	  1.05235e-06 3.30151e-06 1.04002e-06 9.88583e-07 2.72973e-06 9.70260e-08

14	  6.57141e-07 2.18721e-06 1.06637e-06 1.55546e-06 1.34369e-06 7.65717e-08
14	  6.57141e-07 2.18721e-06 1.06637e-06 1.19539e-06 1.39839e-06 9.36079e-08

15	  4.06639e-07 1.58798e-06 9.86324e-07 1.29426e-06 5.27620e-07 1.49223e-07
15	  4.06639e-07 1.58798e-06 9.86324e-07 1.13593e-06 5.15491e-07 1.16069e-07

16	  2.86997e-07 1.32047e-06 8.71838e-07 9.20782e-07 1.38108e-07 1.94835e-07
16	  2.86997e-07 1.32047e-06 8.71838e-07 7.24282e-07 1.55451e-07 1.37650e-07

17	  2.53643e-07 1.22034e-06 7.31420e-07 4.41332e-07 4.12874e-08 2.34410e-07
17	  2.53643e-07 1.22034e-06 7.31420e-07 3.77439e-07 4.52951e-08 1.84761e-07

18	  2.40184e-07 1.19207e-06 5.74140e-07 1.85791e-07 3.05856e-08 2.94574e-07
18	  2.40184e-07 1.19207e-06 5.74140e-07 1.59089e-07 1.95864e-08 2.17528e-07

19	  2.05333e-07 1.17595e-06 4.28742e-07 1.07432e-07 3.51243e-08 3.20381e-07
19	  2.05333e-07 1.17595e-06 4.28742e-07 9.64396e-08 2.98750e-08 2.34125e-07

20	  1.49478e-07 1.10075e-06 2.98407e-07 1.30917e-07 8.36062e-08 3.28964e-07
20	  1.49478e-07 1.10075e-06 2.98407e-07 1.34214e-07 7.65472e-08 2.41580e-07

21	  9.41791e-08 9.53001e-07 1.94390e-07 1.63294e-07 1.94271e-07 3.19764e-07
21	  9.41791e-08 9.53001e-07 1.94390e-07 1.70355e-07 1.33629e-07 2.16508e-07

22	  5.68827e-08 7.70479e-07 1.19864e-07 1.49925e-07 2.82554e-07 2.74772e-07
22	  5.68827e-08 7.70479e-07 1.19864e-07 1.52612e-07 2.87734e-07 1.82287e-07

23	  4.27908e-08 5.45255e-07 7.20070e-08 9.71293e-08 4.52351e-07 2.21336e-07
23	  4.27908e-08 5.45255e-07 7.20070e-08 1.08057e-07 3.28257e-07 1.47484e-07

24	  4.36306e-08 3.55840e-07 4.54205e-08 5.05803e-08 4.25775e-07 1.70287e-07
24	  4.36306e-08 3.55840e-07 4.54205e-08 4.34349e-08 3.50878e-07 1.23496e-07

25	  4.92885e-08 2.08624e-07 3.42391e-08 2.26012e-08 3.74669e-07 1.33437e-07
25	  4.92885e-08 2.08624e-07 3.42391e-08 2.10664e-08 2.75112e-07 7.23743e-08

26	  5.25049e-08 1.17308e-07 3.17690e-08 2.73853e-08 2.40760e-07 7.45770e-08
26	  5.25049e-08 1.17308e-07 3.17690e-08 1.42810e-08 1.81212e-07 4.98185e-08

27	  5.27967e-08 6.88897e-08 3.17653e-08 3.34978e-08 1.32332e-07 4.98351e-08
27	  5.27967e-08 6.88897e-08 3.17653e-08 2.48023e-08 1.13051e-07 4.08759e-08

28	  5.03041e-08 4.92665e-08 3.26556e-08 4.20901e-08 8.25369e-08 4.00163e-08
28	  5.03041e-08 4.92665e-08 3.26556e-08 4.16418e-08 8.05409e-08 4.22968e-08

  5.04193e-08 4.94621e-08 3.23447e-08
  3.88892e-08 1.03780e-07 2.18107e-08

 0	      0.0000074605	      0.0012568056	      0.0035002757	
1	      0.0000068264	      0.0012233726	      0.0034067272	
2	      0.0000066957	      0.0008680314	      0.0024190602	
3	      0.0000054317	      0.0006873077	      0.0019155433	
4	      0.0000068145	      0.0002931719	      0.0008215749	
5	      0.0000071854	      0.0002216844	      0.0006232732	
6	      0.0000119625	      0.0004408360	      0.0012370993	
7	      0.0000225118	      0.0002717671	      0.0007777856	
8	      0.0000491687	      0.0001828794	      0.0005574127	
9	      0.0000767835	      0.0002237066	      0.0006984912	
10	      0.0000781779	      0.0001165662	      0.0004021295	
11	      0.0000678604	      0.0001934062	      0.0006053596	
12	      0.0002988791	      0.0002122291	      0.0008886894	
13	      0.0000806752	      0.0001061126	      0.0003755751	
14	      0.0000447012	      0.0001682670	      0.0005123356	
15	      0.0001359599	      0.0001208111	      0.0004717086	
16	      0.0001579650	      0.0001308978	      0.0005217457	
17	      0.0001956411	      0.0000799455	      0.0004178194	
18	      0.0026112167	      0.0001132174	      0.0029258616	
19	      0.0024861864	      0.0001009307	      0.0027666851	
20	      0.0031816221	      0.0000975492	      0.0034527232	
21	      0.0031638633	      0.0001208391	      0.0034996898	
22	      0.0031912542	      0.0001111391	      0.0035001233	
23	      0.0030924621	      0.0001319183	      0.0034590790	
24	      0.0016970619	      0.0001120748	      0.0020085312	
25	      0.0000483744	      0.0001381780	      0.0004323878	
26	      0.0004017897	      0.0001064103	      0.0006975167	
27	      0.0001176228	      0.0000499166	      0.0002563471	
28	      0.0004331343	      0.0000202560	      0.0004894283	

FLeg = 0.0436409794
