0	  5.03041e-08 4.92665e-08 3.26556e-08 4.16418e-08 8.05409e-08 4.22968e-08
 0	  5.03041e-08 4.92665e-08 3.26556e-08 4.16418e-08 8.05409e-08 4.22968e-08

 1	  4.61347e-08 5.38048e-08 3.39367e-08 4.43257e-08 8.97299e-08 4.09560e-08
 1	  4.61347e-08 5.38048e-08 3.39367e-08 4.38908e-08 8.03589e-08 3.80963e-08

 2	  4.08153e-08 8.23077e-08 3.49289e-08 3.25815e-08 1.23931e-07 3.69577e-08
 2	  4.08153e-08 8.23077e-08 3.49289e-08 2.99487e-08 1.15204e-07 2.89714e-08

 3	  3.30829e-08 1.34217e-07 3.44973e-08 2.80887e-08 1.55639e-07 2.95561e-08
 3	  3.30829e-08 1.34217e-07 3.44973e-08 2.38277e-08 1.50605e-07 2.74130e-08

 4	  2.33293e-08 2.05858e-07 3.17519e-08 6.41452e-08 1.49282e-07 3.10401e-08
 4	  2.33293e-08 2.05858e-07 3.17519e-08 5.42481e-08 1.49805e-07 3.01563e-08

 5	  2.07074e-08 2.80619e-07 2.73631e-08 1.31847e-07 1.00938e-07 3.59604e-08
 5	  2.07074e-08 2.80619e-07 2.73631e-08 1.16856e-07 1.07586e-07 3.53894e-08

 6	  3.89211e-08 3.34572e-07 2.27715e-08 1.88619e-07 4.89071e-08 4.12963e-08
 6	  3.89211e-08 3.34572e-07 2.27715e-08 1.78702e-07 5.44744e-08 4.55962e-08

 7	  8.64566e-08 3.50643e-07 1.99738e-08 2.03184e-07 2.67207e-08 4.90510e-08
 7	  8.64566e-08 3.50643e-07 1.99738e-08 1.75663e-07 2.86229e-08 4.25401e-08

 8	  1.53444e-07 3.31398e-07 2.02114e-08 1.49158e-07 3.52893e-08 4.23563e-08
 8	  1.53444e-07 3.31398e-07 2.02114e-08 1.36956e-07 3.44023e-08 3.68454e-08

 9	  2.21985e-07 2.83898e-07 2.26580e-08 9.69554e-08 6.01837e-08 3.43657e-08
 9	  2.21985e-07 2.83898e-07 2.26580e-08 5.58218e-08 3.26468e-08 3.44915e-08

10	  2.57731e-07 2.45266e-07 2.71175e-08 4.35464e-08 4.72153e-08 3.02745e-08
10	  2.57731e-07 2.45266e-07 2.71175e-08 3.93716e-08 3.90237e-08 3.17783e-08

  4.37307e-07 6.62389e-08 2.65683e-08
  5.01521e-08 2.54110e-08 3.46104e-08

 0	      0.0000000000	      0.0000000000	      0.0000000000	
1	      0.0000103445	      0.0000341178	      0.0001051619	
2	      0.0000851237	      0.0000417673	      0.0002012002	
3	      0.0000043906	      0.0000225301	      0.0000670043	
4	      0.0011727493	      0.0000250488	      0.0012423631	
5	      0.0001987977	      0.0000285922	      0.0002782588	
6	      0.0000051473	      0.0000234578	      0.0000703394	
7	      0.0000077375	      0.0000582659	      0.0001696656	
8	      0.0000073624	      0.0000278502	      0.0000847614	
9	      0.0000087980	      0.0001133640	      0.0003238504	
10	      0.0000098197	      0.0000331298	      0.0001018914	

FLeg = 0.0026444964

F = 0.0462854758
