0	  5.00921e-08 4.99868e-08 4.03341e-08 4.74600e-08 6.73942e-08 2.32913e-08
 0	  5.00921e-08 4.99868e-08 4.03341e-08 4.74600e-08 6.73942e-08 2.32913e-08

 1	  4.67592e-08 5.71022e-08 3.59019e-08 4.87957e-08 8.26557e-08 2.85532e-08
 1	  4.67592e-08 5.71022e-08 3.59019e-08 4.49343e-08 7.43289e-08 2.62351e-08

 2	  4.23047e-08 8.66192e-08 2.94147e-08 3.13494e-08 1.18484e-07 3.43553e-08
 2	  4.23047e-08 8.66192e-08 2.94147e-08 2.93842e-08 1.10326e-07 3.01924e-08

 3	  3.41424e-08 1.39695e-07 2.27790e-08 2.90399e-08 1.48841e-07 3.87705e-08
 3	  3.41424e-08 1.39695e-07 2.27790e-08 2.58208e-08 1.44886e-07 3.53435e-08

 4	  2.31448e-08 2.11370e-07 1.74264e-08 6.99440e-08 1.40836e-07 4.23811e-08
 4	  2.31448e-08 2.11370e-07 1.74264e-08 6.07452e-08 1.38589e-07 3.89041e-08

 5	  1.92377e-08 2.83736e-07 1.44636e-08 1.40995e-07 8.99017e-08 4.28521e-08
 5	  1.92377e-08 2.83736e-07 1.44636e-08 1.31661e-07 9.43921e-08 4.37315e-08

 6	  3.71928e-08 3.33422e-07 1.45172e-08 2.05005e-07 4.02993e-08 4.38709e-08
 6	  3.71928e-08 3.33422e-07 1.45172e-08 1.91367e-07 4.18508e-08 3.80362e-08

 7	  8.54107e-08 3.41914e-07 1.72637e-08 2.14881e-07 2.39702e-08 3.49577e-08
 7	  8.54107e-08 3.41914e-07 1.72637e-08 1.48893e-07 5.08830e-08 3.06757e-08

 8	  1.41682e-07 3.32298e-07 2.09041e-08 1.19912e-07 4.38306e-08 2.66559e-08
 8	  1.41682e-07 3.32298e-07 2.09041e-08 1.17376e-07 4.37070e-08 2.73473e-08

 9	  1.98029e-07 2.94133e-07 2.51606e-08 7.64231e-08 5.72247e-08 2.29370e-08
 9	  1.98029e-07 2.94133e-07 2.51606e-08 6.65301e-08 4.75012e-08 2.22580e-08

10	  2.33356e-07 2.57113e-07 2.88961e-08 5.26343e-08 5.26645e-08 1.86697e-08
10	  2.33356e-07 2.57113e-07 2.88961e-08 4.80398e-08 4.70380e-08 1.82764e-08

  4.38456e-07 5.29492e-08 2.79594e-08
  5.00305e-08 4.62714e-08 1.70524e-08

 0	      0.0000000000	      0.0000000000	      0.0000000000	
1	      0.0000099567	      0.0000274187	      0.0000861567	
2	      0.0000045403	      0.0000269426	      0.0000794170	
3	      0.0008715252	      0.0000170158	      0.0009188142	
4	      0.0000044437	      0.0000220664	      0.0000657689	
5	      0.0006501984	      0.0000179406	      0.0007000574	
6	      0.0000088182	      0.0000210522	      0.0000673248	
7	      0.0000087597	      0.0001643016	      0.0004653737	
8	      0.0000083383	      0.0000058794	      0.0000246778	
9	      0.0000087597	      0.0000344838	      0.0001045944	
10	      0.0000103337	      0.0000171206	      0.0000579140	

FLeg = 0.0025700990

F = 0.0468121561
