0	  1.00000e-05 1.00000e-05 1.00000e-05 1.00000e-06 1.00000e-06 1.00000e-06
 0	  1.00000e-05 1.00000e-05 1.00000e-05 6.19269e-07 1.69973e-06 4.53112e-07

 1	  8.86770e-06 9.50808e-06 8.74017e-06 2.21098e-06 8.92911e-07 1.73662e-06
 1	  8.86770e-06 9.50808e-06 8.74017e-06 3.51446e-06 7.00657e-07 2.34758e-06

 2	  7.40210e-06 1.02611e-05 6.24945e-06 4.39124e-06 1.94771e-06 4.95208e-06
 2	  7.40210e-06 1.02611e-05 6.24945e-06 6.15368e-06 1.25083e-06 1.69830e-06

 3	  5.95572e-06 1.24150e-05 4.50895e-06 4.80110e-06 3.60267e-06 3.54369e-06
 3	  5.95572e-06 1.24150e-05 4.50895e-06 5.13013e-06 2.40471e-06 1.62221e-06

 4	  4.56708e-06 1.57452e-05 3.07746e-06 3.53900e-06 4.25630e-06 3.14981e-06
 4	  4.56708e-06 1.57452e-05 3.07746e-06 3.16341e-06 2.99814e-06 1.94919e-06

 5	  3.03640e-06 1.90797e-05 1.86563e-06 3.67885e-06 2.89987e-06 3.22422e-06
 5	  3.03640e-06 1.90797e-05 1.86563e-06 3.14598e-06 2.36759e-06 2.56610e-06

 6	  1.65672e-06 2.13030e-05 8.91399e-07 5.01049e-06 1.38621e-06 3.56495e-06
 6	  1.65672e-06 2.13030e-05 8.91399e-07 4.01636e-06 1.13379e-06 2.27868e-06

 7	  8.80351e-07 2.17455e-05 3.23043e-07 4.78527e-06 9.36297e-07 2.84041e-06
 7	  8.80351e-07 2.17455e-05 3.23043e-07 4.44587e-06 8.26376e-07 1.92955e-06

 8	  7.96413e-07 1.95294e-05 7.52120e-08 3.41974e-06 2.81446e-06 2.16424e-06
 8	  7.96413e-07 1.95294e-05 7.52120e-08 3.54185e-06 2.60736e-06 1.71851e-06

 9	  1.16633e-06 1.56235e-05 6.49788e-08 1.61722e-06 5.34638e-06 1.72895e-06
 9	  1.16633e-06 1.56235e-05 6.49788e-08 1.74556e-06 4.71409e-06 1.30168e-06

10	  1.54374e-06 1.13804e-05 2.20033e-07 3.01218e-07 6.42007e-06 1.16918e-06
10	  1.54374e-06 1.13804e-05 2.20033e-07 3.34954e-07 6.14253e-06 1.02220e-06

11	  1.62066e-06 7.60169e-06 4.69744e-07 1.70444e-07 6.20454e-06 8.18755e-07
11	  1.62066e-06 7.60169e-06 4.69744e-07 9.38044e-08 5.70843e-06 6.03013e-07

12	  1.37666e-06 4.83245e-06 7.20105e-07 8.55539e-07 4.51937e-06 4.06928e-07
12	  1.37666e-06 4.83245e-06 7.20105e-07 4.65073e-07 4.21726e-06 2.44505e-07

13	  1.05371e-06 3.05409e-06 8.73096e-07 1.26124e-06 2.64955e-06 1.28648e-07
13	  1.05371e-06 3.05409e-06 8.73096e-07 1.01691e-06 2.56012e-06 1.13111e-07

14	  7.37559e-07 2.02824e-06 9.49082e-07 1.51881e-06 1.27536e-06 5.63907e-08
14	  7.37559e-07 2.02824e-06 9.49082e-07 1.20982e-06 1.31697e-06 5.73758e-08

15	  5.32091e-07 1.48470e-06 9.13769e-07 1.28160e-06 5.27947e-07 8.18355e-08
15	  5.32091e-07 1.48470e-06 9.13769e-07 9.39947e-07 5.21027e-07 1.46524e-07

16	  4.36666e-07 1.22794e-06 7.55989e-07 7.59522e-07 1.63122e-07 2.57848e-07
16	  4.36666e-07 1.22794e-06 7.55989e-07 5.62886e-07 1.80126e-07 1.85163e-07

17	  3.83059e-07 1.11128e-06 5.80353e-07 3.68175e-07 5.84376e-08 3.09212e-07
17	  3.83059e-07 1.11128e-06 5.80353e-07 3.15582e-07 5.39011e-08 2.52398e-07

18	  3.28824e-07 1.06610e-06 4.08173e-07 2.07139e-07 4.06450e-08 3.75039e-07
18	  3.28824e-07 1.06610e-06 4.08173e-07 1.75692e-07 3.17151e-08 2.37667e-07

19	  2.56636e-07 1.00884e-06 2.70912e-07 1.66321e-07 6.27754e-08 3.36915e-07
19	  2.56636e-07 1.00884e-06 2.70912e-07 1.53568e-07 5.47748e-08 2.93448e-07

20	  1.78183e-07 9.10862e-07 1.59668e-07 1.83919e-07 1.32709e-07 3.75561e-07
20	  1.78183e-07 9.10862e-07 1.59668e-07 1.68891e-07 1.15362e-07 2.59166e-07

21	  1.12934e-07 7.60431e-07 8.74936e-08 1.78222e-07 2.43857e-07 3.13936e-07
21	  1.12934e-07 7.60431e-07 8.74936e-08 1.79551e-07 1.96091e-07 2.36210e-07

22	  7.23159e-08 5.85230e-07 4.74466e-08 1.50358e-07 3.42655e-07 2.67652e-07
22	  7.23159e-08 5.85230e-07 4.74466e-08 1.42145e-07 2.58201e-07 1.47499e-07

23	  5.40227e-08 4.16237e-07 3.44836e-08 8.84800e-08 3.77746e-07 1.57906e-07
23	  5.40227e-08 4.16237e-07 3.44836e-08 1.00214e-07 2.66020e-07 8.96904e-08

24	  5.00561e-08 2.78077e-07 3.42495e-08 5.13103e-08 3.30159e-07 8.96471e-08
24	  5.00561e-08 2.78077e-07 3.42495e-08 4.73128e-08 2.54618e-07 6.57554e-08

25	  5.29058e-08 1.72967e-07 3.86610e-08 2.90397e-08 2.66868e-07 6.15322e-08
25	  5.29058e-08 1.72967e-07 3.86610e-08 2.36519e-08 2.01386e-07 2.84786e-08

26	  5.44622e-08 1.04164e-07 4.09827e-08 2.85633e-08 1.75773e-07 2.61931e-08
26	  5.44622e-08 1.04164e-07 4.09827e-08 2.06091e-08 1.48844e-07 3.27653e-08

27	  5.29588e-08 6.46281e-08 4.20714e-08 4.59659e-08 1.13111e-07 3.16031e-08
27	  5.29588e-08 6.46281e-08 4.20714e-08 3.20560e-08 9.14170e-08 2.25998e-08

28	  5.00921e-08 4.99868e-08 4.03341e-08 5.17193e-08 7.17049e-08 2.45186e-08
28	  5.00921e-08 4.99868e-08 4.03341e-08 4.74600e-08 6.73942e-08 2.32913e-08

  5.01066e-08 4.01019e-08 5.02044e-08
  4.58193e-08 7.03499e-08 2.19763e-08

 0	      0.0000070769	      0.0012568430	      0.0034999960	
1	      0.0000071899	      0.0011360992	      0.0031645475	
2	      0.0000061975	      0.0010032051	      0.0027942262	
3	      0.0000057574	      0.0006639371	      0.0018509192	
4	      0.0000059685	      0.0004147278	      0.0011585473	
5	      0.0000070564	      0.0002236762	      0.0006286797	
6	      0.0000116014	      0.0003973951	      0.0011160107	
7	      0.0000236886	      0.0003245836	      0.0009257459	
8	      0.0000456116	      0.0001913812	      0.0005774832	
9	      0.0000887660	      0.0002703158	      0.0008400064	
10	      0.0001426146	      0.0000838504	      0.0003756450	
11	      0.0001714694	      0.0001390840	      0.0005580008	
12	      0.0000594639	      0.0002694146	      0.0008081996	
13	      0.0000346341	      0.0001187431	      0.0003646357	
14	      0.0000594999	      0.0001541736	      0.0004879671	
15	      0.0001516175	      0.0001965590	      0.0006978789	
16	      0.0003221469	      0.0001435856	      0.0007211887	
17	      0.0007762361	      0.0000852713	      0.0010132153	
18	      0.0013070271	      0.0001387077	      0.0016925127	
19	      0.0031139151	      0.0000900317	      0.0033641241	
20	      0.0031613800	      0.0001207218	      0.0034968806	
21	      0.0032585630	      0.0000866276	      0.0034993117	
22	      0.0030705236	      0.0001545276	      0.0034999746	
23	      0.0031087975	      0.0001263969	      0.0034600699	
24	      0.0019991480	      0.0000922636	      0.0022555598	
25	      0.0000181481	      0.0001393518	      0.0004054236	
26	      0.0000510611	      0.0000539797	      0.0002010773	
27	      0.0001258088	      0.0000532419	      0.0002737744	
28	      0.0004585607	      0.0000186730	      0.0005104553	

FLeg = 0.0442420571
