
    0.000000   -0.675072   -0.738058    0.000055    0.683906   -0.716303   -0.019636
    6.207596   -0.675072   -0.738058    0.000055    0.694796   -0.727788   -0.014997
    6.249323   -0.645503   -0.767777   -0.000571    0.722217   -0.696522   -0.014986
    6.291050   -0.614821   -0.796172   -0.001196    0.748164   -0.664326   -0.014950
    6.332776   -0.583087   -0.823206   -0.001818    0.772617   -0.631271   -0.014888
    6.374503   -0.550364   -0.848843   -0.002438    0.795559   -0.597431   -0.014802
    6.416229   -0.516716   -0.873053   -0.003053    0.816974   -0.562876   -0.014692
    6.457956   -0.482206   -0.895808   -0.003664    0.836854   -0.527676   -0.014559
    6.499683   -0.446899   -0.917081   -0.004268    0.855190   -0.491901   -0.014402
    6.541409   -0.410860   -0.936852   -0.004865    0.871978   -0.455618   -0.014223
    6.583136   -0.374152   -0.955098   -0.005455    0.887216   -0.418894   -0.014023
    6.624863   -0.336840   -0.971804   -0.006035    0.900907   -0.381794   -0.013802
    6.666589   -0.298989   -0.986956   -0.006606    0.913053   -0.344381   -0.013560
    6.708316   -0.260664   -1.000541   -0.007167    0.923659   -0.306718   -0.013299
    6.750043   -0.221928   -1.012550   -0.007716    0.932735   -0.268863   -0.013020
    6.791769   -0.182845   -1.022976   -0.008253    0.940289   -0.230878   -0.012722
    6.833496   -0.143479   -1.031816   -0.008777    0.946335   -0.192817   -0.012406
    6.875223   -0.103891   -1.039067   -0.009288    0.950884   -0.154738   -0.012074
    6.916949   -0.064145   -1.044730   -0.009784    0.953953   -0.116693   -0.011726
    6.958676   -0.024301   -1.048807   -0.010266    0.955558   -0.078735   -0.011362
    7.000403    0.015579   -1.051303   -0.010732    0.955715   -0.040914   -0.010984
    7.042129    0.055436   -1.052224   -0.011183    0.954446   -0.003280   -0.010592
    7.083856    0.095211   -1.051580   -0.011616    0.951768    0.034120   -0.010187
    7.125583    0.134845   -1.049380   -0.012033    0.947704    0.071240   -0.009769
    7.167309    0.174281   -1.045639   -0.012431    0.942276    0.108036   -0.009339
    7.209036    0.213463   -1.040370   -0.012812    0.935505    0.144464   -0.008898
    7.250763    0.252334   -1.033589   -0.013174    0.927416    0.180484   -0.008447
    7.292489    0.290841   -1.025314   -0.013517    0.918032    0.216055   -0.007986
    7.334216    0.328929   -1.015565   -0.013840    0.907379    0.251137   -0.007516
    7.375943    0.366547   -1.004363   -0.014144    0.895481    0.285694   -0.007037
    7.417669    0.403643   -0.991731   -0.014427    0.882365    0.319689   -0.006550
    7.459396    0.440167   -0.977692   -0.014690    0.868056    0.353086   -0.006057
    7.501122    0.476069   -0.962273   -0.014933    0.852582    0.385851   -0.005556
    7.542849    0.511302   -0.945501   -0.015154    0.835969    0.417952   -0.005050
    7.584576    0.545818   -0.927404   -0.015354    0.818244    0.449356   -0.004539
    7.626302    0.579572   -0.908011   -0.015533    0.799435    0.480032   -0.004022
    7.668029    0.612519   -0.887354   -0.015690    0.779571    0.509949   -0.003502
    7.709756    0.644615   -0.865465   -0.015825    0.758679    0.539079   -0.002978
    7.751482    0.675819   -0.842377   -0.015938    0.736789    0.567392   -0.002452
    7.793209    0.706089   -0.818126   -0.016029    0.713928    0.594862   -0.001923
    7.834936    0.735386   -0.792746   -0.016099    0.690127    0.621461   -0.001392
    7.876662    0.763670   -0.766275   -0.016146    0.665414    0.647163   -0.000861
    7.918389    0.790905   -0.738751   -0.016170    0.639819    0.671942   -0.000329
    7.960116    0.817053   -0.710213   -0.016173    0.613373    0.695773    0.000203
    8.001842    0.842081   -0.680700   -0.016153    0.586105    0.718633    0.000734
    8.043569    0.865955   -0.650254   -0.016112    0.558047    0.740497    0.001264
    8.085296    0.888641   -0.618917   -0.016048    0.529229    0.761342    0.001793
    8.127022    0.910110   -0.586732   -0.015962    0.499683    0.781146    0.002318
    8.168749    0.930332   -0.553743   -0.015855    0.469440    0.799886    0.002841
    8.210476    0.949277   -0.519994   -0.015725    0.438533    0.817542    0.003361
    8.252202    0.966920   -0.485532   -0.015574    0.406995    0.834091    0.003876
    8.293929    0.983234   -0.450402   -0.015402    0.374859    0.849514    0.004386
    8.335656    0.998195   -0.414653   -0.015208    0.342157    0.863791    0.004891
    8.377382    1.011781   -0.378332   -0.014994    0.308925    0.876902    0.005391
    8.419109    1.023969   -0.341489   -0.014758    0.275197    0.888827    0.005884
    8.460835    1.034741   -0.304173   -0.014503    0.241009    0.899549    0.006370
    8.502562    1.044076   -0.266436   -0.014227    0.206397    0.909050    0.006848
    8.544289    1.051960   -0.228327   -0.013931    0.171396    0.917311    0.007318
    8.586015    1.058375   -0.189900   -0.013616    0.136046    0.924317    0.007780
    8.627742    1.063309   -0.151208   -0.013282    0.100383    0.930050    0.008232
    8.669469    1.066749   -0.112303   -0.012930    0.064447    0.934495    0.008674
    8.711195    1.068684   -0.073239   -0.012559    0.028278    0.937637    0.009106
    8.752922    1.069106   -0.034072   -0.012170   -0.008083    0.939462    0.009526
    8.794649    1.068007    0.005143   -0.011764   -0.044596    0.939956    0.009935
    8.836375    1.065383    0.044352   -0.011341   -0.081217    0.939105    0.010332
    8.878102    1.061229    0.083496   -0.010902   -0.117902    0.936899    0.010715
    8.919829    1.055543    0.122520   -0.010447   -0.154609    0.933326    0.011086
    8.961555    1.048326    0.161366   -0.009977   -0.191290    0.928376    0.011442
    9.003282    1.039580    0.199977   -0.009492   -0.227899    0.922040    0.011783
    9.045009    1.029309    0.238294   -0.008994   -0.264388    0.914309    0.012109
    9.086735    1.017519    0.276259   -0.008482   -0.300709    0.905178    0.012419
    9.128462    1.004217    0.313814   -0.007957   -0.336812    0.894640    0.012713
    9.170189    0.989414    0.350900   -0.007421   -0.372646    0.882691    0.012989
    9.211915    0.973123    0.387458   -0.006874   -0.408158    0.869330    0.013248
    9.253642    0.955357    0.423429   -0.006316   -0.443295    0.854554    0.013488
    9.295369    0.936134    0.458754   -0.005748   -0.478003    0.838366    0.013709
    9.337095    0.915473    0.493374   -0.005172   -0.512227    0.820766    0.013911
    9.378822    0.893395    0.527230   -0.004588   -0.545909    0.801761    0.014093
    9.420549    0.869924    0.560264   -0.003996   -0.578992    0.781356    0.014254
    9.462275    0.845085    0.592418   -0.003398   -0.611419    0.759561    0.014394
    9.504002    0.818909    0.623633   -0.002795   -0.643128    0.736386    0.014512
    9.545728    0.791425    0.653852   -0.002188   -0.674061    0.711846    0.014608
    9.587455    0.762668    0.683020   -0.001577   -0.704155    0.685957    0.014680
    9.629182    0.732673    0.711079   -0.000963   -0.733349    0.658737    0.014730
    9.670908    0.701481    0.737975   -0.000348   -0.761582    0.630210    0.014756
    9.712635    0.669131    0.763654    0.000268   -0.788790    0.600399    0.014757
    9.754362    0.635669    0.788063    0.000884   -0.814910    0.569334    0.014734
    9.796088    0.601140    0.811150    0.001497   -0.839880    0.537046    0.014686
    9.837815    0.565595    0.832865    0.002109   -0.863636    0.503571    0.014613
    9.879542    0.529085    0.853159    0.002717   -0.886115    0.468945    0.014514
    9.921268    0.491664    0.871985    0.003320   -0.907256    0.433213    0.014389
    9.962995    0.453391    0.889297    0.003917   -0.926997    0.396420    0.014237
   10.004722    0.414324    0.905053    0.004507   -0.945277    0.358616    0.014060
   10.046448    0.374525    0.919212    0.005090   -0.962036    0.319855    0.013856
   10.088175    0.334060    0.931734    0.005663   -0.977218    0.280195    0.013626
   10.129902    0.292996    0.942583    0.006227   -0.990765    0.239698    0.013369
   10.171628    0.251401    0.951727    0.006779   -1.002623    0.198430    0.013085
   10.213355    0.209348    0.959133    0.007318   -1.012742    0.156460    0.012776
   10.255082    0.166910    0.964775    0.007844   -1.021071    0.113863    0.012440
   10.296808    0.124162    0.968628    0.008356   -1.027566    0.070716    0.012078
   10.338535    0.081182    0.970670    0.008852   -1.032183    0.027101    0.011691
   10.338535    0.081181    0.970670    0.008852   -1.000116    0.066445    0.011833
   10.344523    0.075190    0.971049    0.008923   -1.000622    0.060154    0.011775
   10.350512    0.069197    0.971390    0.008993   -1.001090    0.053859    0.011717
   10.356500    0.063201    0.971694    0.009063   -1.001519    0.047560    0.011659
   10.362488    0.057202    0.971960    0.009133   -1.001910    0.041256    0.011600
   10.368476    0.051201    0.972188    0.009202   -1.002261    0.034949    0.011540
   10.374465    0.045198    0.972379    0.009271   -1.002574    0.028639    0.011480
   10.380453    0.039194    0.972531    0.009340   -1.002848    0.022325    0.011420
   10.386441    0.033188    0.972646    0.009408   -1.003083    0.016009    0.011359
   10.392430    0.027180    0.972723    0.009476   -1.003279    0.009690    0.011297
   10.398418    0.021172    0.972762    0.009543   -1.003437    0.003368    0.011236
   10.404406    0.015163    0.972763    0.009610   -1.003555   -0.002956    0.011173
   10.410395    0.009153    0.972727    0.009677   -1.003634   -0.009282    0.011111
   10.416383    0.003143    0.972652    0.009743   -1.003674   -0.015610    0.011048
   10.422371   -0.002868    0.972540    0.009809   -1.003675   -0.021940    0.010984
   10.428359   -0.008878    0.972389    0.009875   -1.003636   -0.028271    0.010920
   10.434348   -0.014888    0.972201    0.009940   -1.003559   -0.034602    0.010855
   10.440336   -0.020897    0.971975    0.010005   -1.003442   -0.040935    0.010790
   10.446324   -0.026905    0.971711    0.010069   -1.003287   -0.047269    0.010725
   10.452313   -0.032913    0.971409    0.010133   -1.003092   -0.053603    0.010659
   10.458301   -0.038919    0.971069    0.010197   -1.002857   -0.059937    0.010593
   10.464289   -0.044924    0.970691    0.010260   -1.002584   -0.066271    0.010526
   10.470278   -0.050926    0.970275    0.010323   -1.002271   -0.072605    0.010459
   10.476266   -0.056927    0.969821    0.010385   -1.001919   -0.078938    0.010391
   10.482254   -0.062926    0.969330    0.010447   -1.001528   -0.085270    0.010323
   10.488242   -0.068922    0.968800    0.010509   -1.001097   -0.091602    0.010255
   10.494231   -0.074916    0.968233    0.010570   -1.000627   -0.097932    0.010186
   10.500219   -0.080906    0.967627    0.010631   -1.000117   -0.104261    0.010117
   10.506207   -0.086894    0.966984    0.010691   -0.999569   -0.110588    0.010047
   10.512196   -0.092877    0.966303    0.010751   -0.998980   -0.116914    0.009977
   10.518184   -0.098858    0.965584    0.010811   -0.998353   -0.123237    0.009906
   10.524172   -0.104834    0.964827    0.010870   -0.997686   -0.129557    0.009835
   10.530161   -0.110807    0.964032    0.010929   -0.996980   -0.135875    0.009764
   10.536149   -0.116775    0.963199    0.010987   -0.996234   -0.142191    0.009692
   10.542137   -0.122738    0.962329    0.011045   -0.995449   -0.148503    0.009620
   10.548125   -0.128697    0.961421    0.011102   -0.994624   -0.154811    0.009547
   10.554114   -0.134650    0.960475    0.011159   -0.993760   -0.161117    0.009474
   10.560102   -0.140598    0.959491    0.011216   -0.992857   -0.167418    0.009401
   10.566090   -0.146541    0.958470    0.011272   -0.991914   -0.173715    0.009327
   10.572079   -0.152478    0.957411    0.011327   -0.990932   -0.180008    0.009253
   10.578067   -0.158409    0.956314    0.011382   -0.989910   -0.186297    0.009178
   10.584055   -0.164334    0.955180    0.011437   -0.988849   -0.192580    0.009103
   10.590044   -0.170252    0.954008    0.011491   -0.987749   -0.198859    0.009027
   10.596032   -0.176164    0.952798    0.011545   -0.986609   -0.205132    0.008952
   10.602020   -0.182068    0.951551    0.011599   -0.985430   -0.211400    0.008876
   10.608008   -0.187966    0.950266    0.011652   -0.984212   -0.217662    0.008799
   10.613997   -0.193856    0.948944    0.011704   -0.982954   -0.223918    0.008722
   10.619985   -0.199738    0.947584    0.011756   -0.981657   -0.230168    0.008645
   10.625973   -0.205612    0.946187    0.011808   -0.980321   -0.236412    0.008567
   10.631962   -0.211479    0.944753    0.011859   -0.978945   -0.242648    0.008489
   10.637950   -0.217337    0.943281    0.011909   -0.977530   -0.248878    0.008411
   10.643938   -0.223186    0.941772    0.011959   -0.976076   -0.255101    0.008332
   10.649927   -0.229027    0.940226    0.012009   -0.974582   -0.261316    0.008253
   10.655915   -0.234858    0.938643    0.012058   -0.973050   -0.267524    0.008173
   10.661903   -0.240681    0.937022    0.012107   -0.971478   -0.273723    0.008093
   10.667891   -0.246493    0.935364    0.012155   -0.969867   -0.279915    0.008013
   10.673880   -0.252296    0.933670    0.012203   -0.968217   -0.286098    0.007932
   10.679868   -0.258089    0.931938    0.012250   -0.966528   -0.292272    0.007851
   10.685856   -0.263872    0.930169    0.012297   -0.964800   -0.298438    0.007770
   10.691845   -0.269644    0.928364    0.012343   -0.963032   -0.304594    0.007689
   10.697833   -0.275406    0.926521    0.012389   -0.961226   -0.310741    0.007607
   10.703821   -0.281156    0.924642    0.012434   -0.959381   -0.316879    0.007524
   10.709810   -0.286896    0.922726    0.012479   -0.957497   -0.323006    0.007442
   10.715798   -0.292624    0.920774    0.012523   -0.955574   -0.329124    0.007359
   10.721786   -0.298340    0.918784    0.012567   -0.953612   -0.335231    0.007275
   10.727774   -0.304045    0.916759    0.012611   -0.951611   -0.341327    0.007192
   10.733763   -0.309737    0.914696    0.012653   -0.949571   -0.347413    0.007108
   10.739751   -0.315417    0.912598    0.012696   -0.947493   -0.353488    0.007024
   10.745739   -0.321085    0.910463    0.012737   -0.945376   -0.359551    0.006939
   10.751728   -0.326740    0.908292    0.012779   -0.943221   -0.365603    0.006854
   10.757716   -0.332381    0.906084    0.012820   -0.941026   -0.371643    0.006769
   10.763704   -0.338010    0.903841    0.012860   -0.938794   -0.377671    0.006683
   10.769693   -0.343625    0.901561    0.012900   -0.936522   -0.383686    0.006598
   10.775681   -0.349226    0.899245    0.012939   -0.934213   -0.389690    0.006511
   10.781669   -0.354813    0.896894    0.012978   -0.931865   -0.395680    0.006425
   10.787657   -0.360387    0.894507    0.013016   -0.929478   -0.401657    0.006338
   10.793646   -0.365945    0.892083    0.013053   -0.927053   -0.407621    0.006251
   10.799634   -0.371489    0.889625    0.013091   -0.924591   -0.413572    0.006164
   10.805622   -0.377019    0.887130    0.013127   -0.922090   -0.419509    0.006076
   10.811611   -0.382533    0.884600    0.013163   -0.919550   -0.425432    0.005988
   10.817599   -0.388032    0.882035    0.013199   -0.916973   -0.431340    0.005900
   10.823587   -0.393515    0.879434    0.013234   -0.914358   -0.437234    0.005812
   10.829576   -0.398983    0.876799    0.013269   -0.911705   -0.443114    0.005723
   10.835564   -0.404434    0.874127    0.013303   -0.909014   -0.448978    0.005634
   10.841552   -0.409869    0.871421    0.013336   -0.906285   -0.454828    0.005545
   10.847540   -0.415288    0.868680    0.013369   -0.903519   -0.460661    0.005455
   10.853529   -0.420690    0.865904    0.013401   -0.900715   -0.466479    0.005365
   10.859517   -0.426076    0.863093    0.013433   -0.897873   -0.472282    0.005275
   10.865505   -0.431444    0.860248    0.013465   -0.894994   -0.478068    0.005185
   10.871494   -0.436795    0.857368    0.013495   -0.892078   -0.483837    0.005095
   10.877482   -0.442128    0.854453    0.013526   -0.889124   -0.489590    0.005004
   10.883470   -0.447443    0.851504    0.013555   -0.886133   -0.495326    0.004913
   10.889459   -0.452741    0.848521    0.013584   -0.883105   -0.501045    0.004821
   10.895447   -0.458020    0.845503    0.013613   -0.880040   -0.506746    0.004730
   10.901435   -0.463280    0.842452    0.013641   -0.876937   -0.512430    0.004638
   10.907424   -0.468522    0.839366    0.013669   -0.873798   -0.518096    0.004546
   10.913412   -0.473745    0.836247    0.013696   -0.870622   -0.523744    0.004454
   10.919400   -0.478949    0.833094    0.013722   -0.867409   -0.529373    0.004361
   10.925388   -0.484134    0.829907    0.013748   -0.864160   -0.534984    0.004269
   10.931377   -0.489299    0.826686    0.013773   -0.860874   -0.540576    0.004176
   10.931377   -0.489299    0.826686    0.013773   -0.860874   -0.540576    0.004176
