0	  5.00462e-08 5.14997e-08 3.45038e-08 4.85070e-08 8.62393e-08 4.74084e-08
 0	  5.00462e-08 5.14997e-08 3.45038e-08 4.85070e-08 8.62393e-08 4.74084e-08

 1	  4.70120e-08 5.92709e-08 3.60022e-08 4.95125e-08 1.02921e-07 4.56352e-08
 1	  4.70120e-08 5.92709e-08 3.60022e-08 4.63684e-08 9.43752e-08 4.26149e-08

 2	  4.27781e-08 9.26329e-08 3.73825e-08 3.25405e-08 1.46527e-07 4.07632e-08
 2	  4.27781e-08 9.26329e-08 3.73825e-08 3.05222e-08 1.34240e-07 3.30653e-08

 3	  3.53148e-08 1.52632e-07 3.74707e-08 2.98672e-08 1.82165e-07 3.28077e-08
 3	  3.53148e-08 1.52632e-07 3.74707e-08 2.50393e-08 1.78750e-07 3.13774e-08

 4	  2.53965e-08 2.36271e-07 3.53075e-08 7.36055e-08 1.78795e-07 3.41464e-08
 4	  2.53965e-08 2.36271e-07 3.53075e-08 5.83555e-08 1.82051e-07 3.58464e-08

 5	  2.32858e-08 3.25738e-07 3.21185e-08 1.47427e-07 1.23759e-07 4.00689e-08
 5	  2.32858e-08 3.25738e-07 3.21185e-08 1.26966e-07 1.28965e-07 3.77367e-08

 6	  4.42511e-08 3.90775e-07 2.83243e-08 2.08694e-07 5.80911e-08 4.26537e-08
 6	  4.42511e-08 3.90775e-07 2.83243e-08 1.91467e-07 6.48031e-08 4.35928e-08

 7	  9.66044e-08 4.11036e-07 2.56913e-08 2.16715e-07 3.05819e-08 4.68469e-08
 7	  9.66044e-08 4.11036e-07 2.56913e-08 1.86489e-07 3.40677e-08 4.17651e-08

 8	  1.68763e-07 3.87015e-07 2.50987e-08 1.54275e-07 4.26325e-08 4.24755e-08
 8	  1.68763e-07 3.87015e-07 2.50987e-08 1.41529e-07 4.15200e-08 3.70937e-08

 9	  2.40372e-07 3.30836e-07 2.61516e-08 9.89479e-08 6.90067e-08 3.60161e-08
 9	  2.40372e-07 3.30836e-07 2.61516e-08 6.06898e-08 3.72179e-08 3.57598e-08

10	  2.77666e-07 2.86822e-07 2.90753e-08 5.07688e-08 4.90391e-08 3.30129e-08
10	  2.77666e-07 2.86822e-07 2.90753e-08 4.30134e-08 4.10776e-08 3.11132e-08

  4.92425e-07 7.32668e-08 2.78726e-08
  5.00802e-08 2.73214e-08 3.78026e-08

 0	      0.0000000000	      0.0000000000	      0.0000000000	
1	      0.0000103457	      0.0000284359	      0.0000893726	
2	      0.0000046636	      0.0000408714	      0.0001182503	
3	      0.0000036574	      0.0000284662	      0.0000827684	
4	      0.0014013537	      0.0000401366	      0.0015128982	
5	      0.0000067565	      0.0000316722	      0.0000947774	
6	      0.0000084615	      0.0000309324	      0.0000944265	
7	      0.0000080968	      0.0000543557	      0.0001591578	
8	      0.0000080915	      0.0000271078	      0.0000834273	
9	      0.0000084361	      0.0001088971	      0.0003110744	
10	      0.0000100215	      0.0000359420	      0.0001099087	

FLeg = 0.0026560616

F = 0.0464848247
