0	  1.00000e-05 1.00000e-05 1.00000e-05 1.00000e-06 1.00000e-06 1.00000e-06
 0	  1.00000e-05 1.00000e-05 1.00000e-05 4.66089e-07 1.70095e-06 4.99855e-07

 1	  9.28084e-06 9.56689e-06 8.53244e-06 1.72992e-06 1.06531e-06 1.99616e-06
 1	  9.28084e-06 9.56689e-06 8.53244e-06 4.12056e-06 5.34757e-07 2.35380e-06

 2	  7.83006e-06 1.04728e-05 6.26448e-06 4.89864e-06 2.12409e-06 4.73119e-06
 2	  7.83006e-06 1.04728e-05 6.26448e-06 7.01648e-06 1.32182e-06 1.83368e-06

 3	  6.28525e-06 1.31858e-05 4.51083e-06 5.45573e-06 4.78262e-06 3.70344e-06
 3	  6.28525e-06 1.31858e-05 4.51083e-06 5.78128e-06 3.29352e-06 1.68065e-06

 4	  4.87778e-06 1.72211e-05 3.14549e-06 3.78513e-06 5.53555e-06 3.13689e-06
 4	  4.87778e-06 1.72211e-05 3.14549e-06 3.42703e-06 4.50945e-06 2.24882e-06

 5	  3.23118e-06 2.16533e-05 1.93246e-06 4.06330e-06 4.19919e-06 3.52484e-06
 5	  3.23118e-06 2.16533e-05 1.93246e-06 3.77763e-06 3.68622e-06 2.88883e-06

 6	  1.67111e-06 2.49541e-05 9.73666e-07 5.95837e-06 2.02098e-06 3.87275e-06
 6	  1.67111e-06 2.49541e-05 9.73666e-07 4.71838e-06 1.24074e-06 2.51436e-06

 7	  8.46927e-07 2.54173e-05 4.24731e-07 5.85707e-06 1.04706e-06 3.06030e-06
 7	  8.46927e-07 2.54173e-05 4.24731e-07 5.29516e-06 6.87490e-07 2.09562e-06

 8	  8.40056e-07 2.29470e-05 1.95155e-07 4.23849e-06 2.92240e-06 2.31499e-06
 8	  8.40056e-07 2.29470e-05 1.95155e-07 4.33974e-06 2.68572e-06 1.88877e-06

 9	  1.36600e-06 1.85027e-05 2.04009e-07 2.07764e-06 5.87896e-06 1.88276e-06
 9	  1.36600e-06 1.85027e-05 2.04009e-07 2.44089e-06 5.17612e-06 1.52350e-06

10	  1.94828e-06 1.36122e-05 3.80498e-07 5.39176e-07 7.25268e-06 1.37471e-06
10	  1.94828e-06 1.36122e-05 3.80498e-07 5.54767e-07 6.97925e-06 1.21532e-06

11	  2.15221e-06 9.17278e-06 6.47855e-07 1.36548e-07 7.20376e-06 9.99678e-07
11	  2.15221e-06 9.17278e-06 6.47855e-07 4.38118e-08 6.52553e-06 6.85478e-07

12	  1.92459e-06 5.89102e-06 8.96518e-07 6.98232e-07 5.26025e-06 4.91834e-07
12	  1.92459e-06 5.89102e-06 8.96518e-07 3.97669e-07 5.07519e-06 2.61071e-07

13	  1.48420e-06 3.71839e-06 1.03771e-06 1.31118e-06 3.26514e-06 1.54219e-07
13	  1.48420e-06 3.71839e-06 1.03771e-06 1.09993e-06 3.19207e-06 1.17963e-07

14	  9.94179e-07 2.43842e-06 1.07768e-06 1.76861e-06 1.62677e-06 8.74553e-08
14	  9.94179e-07 2.43842e-06 1.07768e-06 1.40194e-06 1.68008e-06 1.15842e-07

15	  6.40297e-07 1.74867e-06 1.00845e-06 1.56271e-06 6.71678e-07 1.63549e-07
15	  6.40297e-07 1.74867e-06 1.00845e-06 1.30403e-06 6.69250e-07 1.19528e-07

16	  4.39671e-07 1.43330e-06 9.08841e-07 1.10495e-06 2.04284e-07 1.87989e-07
16	  4.39671e-07 1.43330e-06 9.08841e-07 8.47514e-07 2.22312e-07 1.27810e-07

17	  3.48359e-07 1.30843e-06 7.72496e-07 5.58732e-07 6.39096e-08 2.22531e-07
17	  3.48359e-07 1.30843e-06 7.72496e-07 4.72559e-07 6.71294e-08 1.67558e-07

18	  2.91222e-07 1.26821e-06 6.19911e-07 2.71601e-07 3.71586e-08 2.74930e-07
18	  2.91222e-07 1.26821e-06 6.19911e-07 2.34430e-07 2.75185e-08 2.11136e-07

19	  2.31317e-07 1.23979e-06 4.64523e-07 1.66954e-07 4.28606e-08 3.22236e-07
19	  2.31317e-07 1.23979e-06 4.64523e-07 1.51445e-07 3.49998e-08 2.41774e-07

20	  1.62701e-07 1.16148e-06 3.22572e-07 1.69589e-07 9.20625e-08 3.45596e-07
20	  1.62701e-07 1.16148e-06 3.22572e-07 1.65087e-07 8.82139e-08 2.33187e-07

21	  1.00362e-07 1.00543e-06 2.11766e-07 1.86050e-07 2.13631e-07 3.16642e-07
21	  1.00362e-07 1.00543e-06 2.11766e-07 1.85498e-07 1.79079e-07 2.17284e-07

22	  5.99949e-08 7.96341e-07 1.31609e-07 1.60950e-07 3.49736e-07 2.79947e-07
22	  5.99949e-08 7.96341e-07 1.31609e-07 1.50824e-07 3.45004e-07 1.81916e-07

23	  4.50423e-08 5.53662e-07 8.12190e-08 9.57663e-08 5.22004e-07 2.23125e-07
23	  4.50423e-08 5.53662e-07 8.12190e-08 1.01623e-07 3.91909e-07 1.38864e-07

24	  4.49327e-08 3.50879e-07 5.25924e-08 4.96088e-08 4.95372e-07 1.63522e-07
24	  4.49327e-08 3.50879e-07 5.25924e-08 4.76440e-08 3.74624e-07 1.24245e-07

25	  4.99750e-08 2.04650e-07 3.87531e-08 2.84731e-08 3.94663e-07 1.36729e-07
25	  4.99750e-08 2.04650e-07 3.87531e-08 2.67782e-08 2.76400e-07 7.62603e-08

26	  5.29999e-08 1.16713e-07 3.48516e-08 3.08174e-08 2.42056e-07 7.99250e-08
26	  5.29999e-08 1.16713e-07 3.48516e-08 1.94439e-08 1.85403e-07 5.63826e-08

27	  5.26077e-08 6.95028e-08 3.39533e-08 4.15911e-08 1.38739e-07 5.73663e-08
27	  5.26077e-08 6.95028e-08 3.39533e-08 3.33680e-08 1.19546e-07 4.94845e-08

28	  5.00462e-08 5.14997e-08 3.45038e-08 5.31727e-08 9.30384e-08 4.89677e-08
28	  5.00462e-08 5.14997e-08 3.45038e-08 4.85070e-08 8.62393e-08 4.74084e-08

  5.00490e-08 5.15457e-08 3.44550e-08
  4.80780e-08 1.03042e-07 3.10342e-08

 0	      0.0000076463	      0.0012566779	      0.0035001067	
1	      0.0000075345	      0.0011976437	      0.0033359317	
2	      0.0000066497	      0.0008580434	      0.0023912564	
3	      0.0000061079	      0.0006707415	      0.0018701799	
4	      0.0000059276	      0.0002996083	      0.0008385754	
5	      0.0000071941	      0.0002084098	      0.0005863904	
6	      0.0000109997	      0.0004060127	      0.0011393582	
7	      0.0000213306	      0.0003089186	      0.0008798528	
8	      0.0000437512	      0.0001844639	      0.0005563989	
9	      0.0000920171	      0.0002468393	      0.0007780134	
10	      0.0001431901	      0.0001138486	      0.0004595893	
11	      0.0001343375	      0.0002068358	      0.0007091593	
12	      0.0001078737	      0.0002207662	      0.0007214096	
13	      0.0000412288	      0.0001167941	      0.0003658138	
14	      0.0000585081	      0.0001562428	      0.0004927257	
15	      0.0001509413	      0.0001260071	      0.0005011304	
16	      0.0002094466	      0.0001468403	      0.0006175336	
17	      0.0004152884	      0.0000814906	      0.0006417606	
18	      0.0021539242	      0.0000931384	      0.0024127671	
19	      0.0028249684	      0.0000932366	      0.0030840844	
20	      0.0031629785	      0.0001212808	      0.0035000326	
21	      0.0031627270	      0.0001213238	      0.0034999007	
22	      0.0031528235	      0.0001249374	      0.0035000397	
23	      0.0031165716	      0.0001379865	      0.0035000528	
24	      0.0017035671	      0.0001320917	      0.0020706659	
25	      0.0000153561	      0.0001569156	      0.0004514435	
26	      0.0002654687	      0.0001099516	      0.0005710375	
27	      0.0001740330	      0.0000446112	      0.0002980130	
28	      0.0005014218	      0.0000194730	      0.0005555397	

FLeg = 0.0438287631
