    0.292664	    0.956215	0.000000e+00	3.162278e-03	
    0.292664	    0.956215	9.771975e-04	3.007505e-03	
    0.292664	    0.956215	1.858740e-03	2.558336e-03	
    0.292664	    0.956215	2.558336e-03	1.858740e-03	
    0.292664	    0.956215	3.007505e-03	9.771975e-04	
    0.292664	    0.956215	3.162278e-03	1.936337e-19	
    0.292664	    0.956215	3.007505e-03	-9.771975e-04	
    0.292664	    0.956215	2.558336e-03	-1.858740e-03	
    0.292664	    0.956215	1.858740e-03	-2.558336e-03	
    0.292664	    0.956215	9.771975e-04	-3.007505e-03	
    0.292664	    0.956215	3.872673e-19	-3.162278e-03	
    0.292664	    0.956215	-9.771975e-04	-3.007505e-03	
    0.292664	    0.956215	-1.858740e-03	-2.558336e-03	
    0.292664	    0.956215	-2.558336e-03	-1.858740e-03	
    0.292664	    0.956215	-3.007505e-03	-9.771975e-04	
    0.292664	    0.956215	-3.162278e-03	-5.809010e-19	
    0.292664	    0.956215	-3.007505e-03	9.771975e-04	
    0.292664	    0.956215	-2.558336e-03	1.858740e-03	
    0.292664	    0.956215	-1.858740e-03	2.558336e-03	
    0.292664	    0.956215	-9.771975e-04	3.007505e-03	
    0.292664	    0.956215	-7.745346e-19	3.162278e-03	


    0.292664	    0.956215	0.000000e+00	3.162278e-03	
    0.292664	    0.956215	9.771975e-04	3.007505e-03	
    0.292664	    0.956215	1.858740e-03	2.558336e-03	
    0.292664	    0.956215	2.558336e-03	1.858740e-03	
    0.292664	    0.956215	3.007505e-03	9.771975e-04	
    0.292664	    0.956215	3.162278e-03	1.936337e-19	
    0.292664	    0.956215	3.007505e-03	-9.771975e-04	
    0.292664	    0.956215	2.558336e-03	-1.858740e-03	
    0.292664	    0.956215	1.858740e-03	-2.558336e-03	
    0.292664	    0.956215	9.771975e-04	-3.007505e-03	
    0.292664	    0.956215	3.872673e-19	-3.162278e-03	
    0.292664	    0.956215	-9.771975e-04	-3.007505e-03	
    0.292664	    0.956215	-1.858740e-03	-2.558336e-03	
    0.292664	    0.956215	-2.558336e-03	-1.858740e-03	
    0.292664	    0.956215	-3.007505e-03	-9.771975e-04	
    0.292664	    0.956215	-3.162278e-03	-5.809010e-19	
    0.292664	    0.956215	-3.007505e-03	9.771975e-04	
    0.292664	    0.956215	-2.558336e-03	1.858740e-03	
    0.292664	    0.956215	-1.858740e-03	2.558336e-03	
    0.292664	    0.956215	-9.771975e-04	3.007505e-03	
    0.292664	    0.956215	-7.745346e-19	3.162278e-03	


    0.040260	    0.988190	-7.070630e-04	-3.294038e-03	
    0.040260	    0.988190	-1.601664e-03	-2.933363e-03	
    0.040260	    0.988190	-2.339483e-03	-2.285550e-03	
    0.040260	    0.988190	-2.848296e-03	-1.414011e-03	
    0.040260	    0.988190	-3.078299e-03	-4.040587e-04	
    0.040260	    0.988190	-3.006977e-03	6.454454e-04	
    0.040260	    0.988190	-2.641310e-03	1.631769e-03	
    0.040260	    0.988190	-2.017094e-03	2.458364e-03	
    0.040260	    0.988190	-1.195430e-03	3.044316e-03	
    0.040260	    0.988190	-2.567500e-04	3.332270e-03	
    0.040260	    0.988190	7.070630e-04	3.294038e-03	
    0.040260	    0.988190	1.601664e-03	2.933363e-03	
    0.040260	    0.988190	2.339483e-03	2.285550e-03	
    0.040260	    0.988190	2.848296e-03	1.414011e-03	
    0.040260	    0.988190	3.078299e-03	4.040587e-04	
    0.040260	    0.988190	3.006977e-03	-6.454454e-04	
    0.040260	    0.988190	2.641310e-03	-1.631769e-03	
    0.040260	    0.988190	2.017094e-03	-2.458364e-03	
    0.040260	    0.988190	1.195430e-03	-3.044316e-03	
    0.040260	    0.988190	2.567500e-04	-3.332270e-03	
    0.040260	    0.988190	-7.070630e-04	-3.294038e-03	


    0.040260	    0.988190	-7.070630e-04	-3.294038e-03	
    0.040260	    0.988190	-1.601664e-03	-2.933363e-03	
    0.040260	    0.988190	-2.339483e-03	-2.285550e-03	
    0.040260	    0.988190	-2.848296e-03	-1.414011e-03	
    0.040260	    0.988190	-3.078299e-03	-4.040587e-04	
    0.040260	    0.988190	-3.006977e-03	6.454454e-04	
    0.040260	    0.988190	-2.641310e-03	1.631769e-03	
    0.040260	    0.988190	-2.017094e-03	2.458364e-03	
    0.040260	    0.988190	-1.195430e-03	3.044316e-03	
    0.040260	    0.988190	-2.567500e-04	3.332270e-03	
    0.040260	    0.988190	7.070630e-04	3.294038e-03	
    0.040260	    0.988190	1.601664e-03	2.933363e-03	
    0.040260	    0.988190	2.339483e-03	2.285550e-03	
    0.040260	    0.988190	2.848296e-03	1.414011e-03	
    0.040260	    0.988190	3.078299e-03	4.040587e-04	
    0.040260	    0.988190	3.006977e-03	-6.454454e-04	
    0.040260	    0.988190	2.641310e-03	-1.631769e-03	
    0.040260	    0.988190	2.017094e-03	-2.458364e-03	
    0.040260	    0.988190	1.195430e-03	-3.044316e-03	
    0.040260	    0.988190	2.567500e-04	-3.332270e-03	
    0.040260	    0.988190	-7.070630e-04	-3.294038e-03	


   -0.214605	    0.957876	-4.901361e-04	-3.975861e-03	
   -0.214605	    0.957876	-1.334175e-03	-3.674260e-03	
   -0.214605	    0.957876	-2.047616e-03	-3.012997e-03	
   -0.214605	    0.957876	-2.560622e-03	-2.056800e-03	
   -0.214605	    0.957876	-2.822977e-03	-8.992696e-04	
   -0.214605	    0.957876	-2.808998e-03	3.462876e-04	
   -0.214605	    0.957876	-2.520056e-03	1.557948e-03	
   -0.214605	    0.957876	-1.984433e-03	2.617105e-03	
   -0.214605	    0.957876	-1.254559e-03	3.420082e-03	
   -0.214605	    0.957876	-4.018811e-04	3.888278e-03	
   -0.214605	    0.957876	4.901361e-04	3.975861e-03	
   -0.214605	    0.957876	1.334175e-03	3.674260e-03	
   -0.214605	    0.957876	2.047616e-03	3.012997e-03	
   -0.214605	    0.957876	2.560622e-03	2.056800e-03	
   -0.214605	    0.957876	2.822977e-03	8.992696e-04	
   -0.214605	    0.957876	2.808998e-03	-3.462876e-04	
   -0.214605	    0.957876	2.520056e-03	-1.557948e-03	
   -0.214605	    0.957876	1.984433e-03	-2.617105e-03	
   -0.214605	    0.957876	1.254559e-03	-3.420082e-03	
   -0.214605	    0.957876	4.018811e-04	-3.888278e-03	
   -0.214605	    0.957876	-4.901361e-04	-3.975861e-03	


   -0.214605	    0.957876	-4.901361e-04	-3.975861e-03	
   -0.214605	    0.957876	-1.334175e-03	-3.674260e-03	
   -0.214605	    0.957876	-2.047616e-03	-3.012997e-03	
   -0.214605	    0.957876	-2.560622e-03	-2.056800e-03	
   -0.214605	    0.957876	-2.822977e-03	-8.992696e-04	
   -0.214605	    0.957876	-2.808998e-03	3.462876e-04	
   -0.214605	    0.957876	-2.520056e-03	1.557948e-03	
   -0.214605	    0.957876	-1.984433e-03	2.617105e-03	
   -0.214605	    0.957876	-1.254559e-03	3.420082e-03	
   -0.214605	    0.957876	-4.018811e-04	3.888278e-03	
   -0.214605	    0.957876	4.901361e-04	3.975861e-03	
   -0.214605	    0.957876	1.334175e-03	3.674260e-03	
   -0.214605	    0.957876	2.047616e-03	3.012997e-03	
   -0.214605	    0.957876	2.560622e-03	2.056800e-03	
   -0.214605	    0.957876	2.822977e-03	8.992696e-04	
   -0.214605	    0.957876	2.808998e-03	-3.462876e-04	
   -0.214605	    0.957876	2.520056e-03	-1.557948e-03	
   -0.214605	    0.957876	1.984433e-03	-2.617105e-03	
   -0.214605	    0.957876	1.254559e-03	-3.420082e-03	
   -0.214605	    0.957876	4.018811e-04	-3.888278e-03	
   -0.214605	    0.957876	-4.901361e-04	-3.975861e-03	


   -0.455596	    0.865847	-1.360793e-04	-5.099676e-03	
   -0.455596	    0.865847	-8.936100e-04	-4.829688e-03	
   -0.455596	    0.865847	-1.563668e-03	-4.086937e-03	
   -0.455596	    0.865847	-2.080663e-03	-2.944128e-03	
   -0.455596	    0.865847	-2.393989e-03	-1.513128e-03	
   -0.455596	    0.865847	-2.472974e-03	6.598860e-05	
   -0.455596	    0.865847	-2.309887e-03	1.638645e-03	
   -0.455596	    0.865847	-1.920692e-03	3.050900e-03	
   -0.455596	    0.865847	-1.343487e-03	4.164512e-03	
   -0.455596	    0.865847	-6.347719e-04	4.870472e-03	
   -0.455596	    0.865847	1.360793e-04	5.099676e-03	
   -0.455596	    0.865847	8.936100e-04	4.829688e-03	
   -0.455596	    0.865847	1.563668e-03	4.086937e-03	
   -0.455596	    0.865847	2.080663e-03	2.944128e-03	
   -0.455596	    0.865847	2.393989e-03	1.513128e-03	
   -0.455596	    0.865847	2.472974e-03	-6.598860e-05	
   -0.455596	    0.865847	2.309887e-03	-1.638645e-03	
   -0.455596	    0.865847	1.920692e-03	-3.050900e-03	
   -0.455596	    0.865847	1.343487e-03	-4.164512e-03	
   -0.455596	    0.865847	6.347719e-04	-4.870472e-03	
   -0.455596	    0.865847	-1.360793e-04	-5.099676e-03	


   -0.455596	    0.865847	-1.360793e-04	-5.099676e-03	
   -0.455596	    0.865847	-8.936100e-04	-4.829688e-03	
   -0.455596	    0.865847	-1.563668e-03	-4.086937e-03	
   -0.455596	    0.865847	-2.080663e-03	-2.944128e-03	
   -0.455596	    0.865847	-2.393989e-03	-1.513128e-03	
   -0.455596	    0.865847	-2.472974e-03	6.598860e-05	
   -0.455596	    0.865847	-2.309887e-03	1.638645e-03	
   -0.455596	    0.865847	-1.920692e-03	3.050900e-03	
   -0.455596	    0.865847	-1.343487e-03	4.164512e-03	
   -0.455596	    0.865847	-6.347719e-04	4.870472e-03	
   -0.455596	    0.865847	1.360793e-04	5.099676e-03	
   -0.455596	    0.865847	8.936100e-04	4.829688e-03	
   -0.455596	    0.865847	1.563668e-03	4.086937e-03	
   -0.455596	    0.865847	2.080663e-03	2.944128e-03	
   -0.455596	    0.865847	2.393989e-03	1.513128e-03	
   -0.455596	    0.865847	2.472974e-03	-6.598860e-05	
   -0.455596	    0.865847	2.309887e-03	-1.638645e-03	
   -0.455596	    0.865847	1.920692e-03	-3.050900e-03	
   -0.455596	    0.865847	1.343487e-03	-4.164512e-03	
   -0.455596	    0.865847	6.347719e-04	-4.870472e-03	
   -0.455596	    0.865847	-1.360793e-04	-5.099676e-03	


   -0.666937	    0.717490	5.515147e-04	-6.649418e-03	
   -0.666937	    0.717490	-1.132199e-04	-6.376868e-03	
   -0.666937	    0.717490	-7.668718e-04	-5.480105e-03	
   -0.666937	    0.717490	-1.345457e-03	-4.046912e-03	
   -0.666937	    0.717490	-1.792339e-03	-2.217579e-03	
   -0.666937	    0.717490	-2.063775e-03	-1.711732e-04	
   -0.666937	    0.717490	-2.133194e-03	1.891988e-03	
   -0.666937	    0.717490	-1.993801e-03	3.769948e-03	
   -0.666937	    0.717490	-1.659241e-03	5.278879e-03	
   -0.666937	    0.717490	-1.162263e-03	6.271077e-03	
   -0.666937	    0.717490	-5.515147e-04	6.649418e-03	
   -0.666937	    0.717490	1.132199e-04	6.376868e-03	
   -0.666937	    0.717490	7.668718e-04	5.480105e-03	
   -0.666937	    0.717490	1.345457e-03	4.046912e-03	
   -0.666937	    0.717490	1.792339e-03	2.217579e-03	
   -0.666937	    0.717490	2.063775e-03	1.711732e-04	
   -0.666937	    0.717490	2.133194e-03	-1.891988e-03	
   -0.666937	    0.717490	1.993801e-03	-3.769948e-03	
   -0.666937	    0.717490	1.659241e-03	-5.278879e-03	
   -0.666937	    0.717490	1.162263e-03	-6.271077e-03	
   -0.666937	    0.717490	5.515147e-04	-6.649418e-03	


   -0.666937	    0.717490	5.515147e-04	-6.649418e-03	
   -0.666937	    0.717490	-1.132199e-04	-6.376868e-03	
   -0.666937	    0.717490	-7.668718e-04	-5.480105e-03	
   -0.666937	    0.717490	-1.345457e-03	-4.046912e-03	
   -0.666937	    0.717490	-1.792339e-03	-2.217579e-03	
   -0.666937	    0.717490	-2.063775e-03	-1.711732e-04	
   -0.666937	    0.717490	-2.133194e-03	1.891988e-03	
   -0.666937	    0.717490	-1.993801e-03	3.769948e-03	
   -0.666937	    0.717490	-1.659241e-03	5.278879e-03	
   -0.666937	    0.717490	-1.162263e-03	6.271077e-03	
   -0.666937	    0.717490	-5.515147e-04	6.649418e-03	
   -0.666937	    0.717490	1.132199e-04	6.376868e-03	
   -0.666937	    0.717490	7.668718e-04	5.480105e-03	
   -0.666937	    0.717490	1.345457e-03	4.046912e-03	
   -0.666937	    0.717490	1.792339e-03	2.217579e-03	
   -0.666937	    0.717490	2.063775e-03	1.711732e-04	
   -0.666937	    0.717490	2.133194e-03	-1.891988e-03	
   -0.666937	    0.717490	1.993801e-03	-3.769948e-03	
   -0.666937	    0.717490	1.659241e-03	-5.278879e-03	
   -0.666937	    0.717490	1.162263e-03	-6.271077e-03	
   -0.666937	    0.717490	5.515147e-04	-6.649418e-03	


   -0.835070	    0.522612	1.815741e-03	-8.512304e-03	
   -0.835070	    0.522612	1.215999e-03	-8.204655e-03	
   -0.835070	    0.522612	4.972276e-04	-7.093878e-03	
   -0.835070	    0.522612	-2.702165e-04	-5.288702e-03	
   -0.835070	    0.522612	-1.011210e-03	-2.965831e-03	
   -0.835070	    0.522612	-1.653219e-03	-3.526445e-04	
   -0.835070	    0.522612	-2.133399e-03	2.295062e-03	
   -0.835070	    0.522612	-2.404748e-03	4.718111e-03	
   -0.835070	    0.522612	-2.440703e-03	6.679319e-03	
   -0.835070	    0.522612	-2.237745e-03	7.986709e-03	
   -0.835070	    0.522612	-1.815741e-03	8.512304e-03	
   -0.835070	    0.522612	-1.215999e-03	8.204655e-03	
   -0.835070	    0.522612	-4.972276e-04	7.093878e-03	
   -0.835070	    0.522612	2.702165e-04	5.288702e-03	
   -0.835070	    0.522612	1.011210e-03	2.965831e-03	
   -0.835070	    0.522612	1.653219e-03	3.526445e-04	
   -0.835070	    0.522612	2.133399e-03	-2.295062e-03	
   -0.835070	    0.522612	2.404748e-03	-4.718111e-03	
   -0.835070	    0.522612	2.440703e-03	-6.679319e-03	
   -0.835070	    0.522612	2.237745e-03	-7.986709e-03	
   -0.835070	    0.522612	1.815741e-03	-8.512304e-03	


   -0.835070	    0.522612	1.815741e-03	-8.512304e-03	
   -0.835070	    0.522612	1.215999e-03	-8.204655e-03	
   -0.835070	    0.522612	4.972276e-04	-7.093878e-03	
   -0.835070	    0.522612	-2.702165e-04	-5.288702e-03	
   -0.835070	    0.522612	-1.011210e-03	-2.965831e-03	
   -0.835070	    0.522612	-1.653219e-03	-3.526445e-04	
   -0.835070	    0.522612	-2.133399e-03	2.295062e-03	
   -0.835070	    0.522612	-2.404748e-03	4.718111e-03	
   -0.835070	    0.522612	-2.440703e-03	6.679319e-03	
   -0.835070	    0.522612	-2.237745e-03	7.986709e-03	
   -0.835070	    0.522612	-1.815741e-03	8.512304e-03	
   -0.835070	    0.522612	-1.215999e-03	8.204655e-03	
   -0.835070	    0.522612	-4.972276e-04	7.093878e-03	
   -0.835070	    0.522612	2.702165e-04	5.288702e-03	
   -0.835070	    0.522612	1.011210e-03	2.965831e-03	
   -0.835070	    0.522612	1.653219e-03	3.526445e-04	
   -0.835070	    0.522612	2.133399e-03	-2.295062e-03	
   -0.835070	    0.522612	2.404748e-03	-4.718111e-03	
   -0.835070	    0.522612	2.440703e-03	-6.679319e-03	
   -0.835070	    0.522612	2.237745e-03	-7.986709e-03	
   -0.835070	    0.522612	1.815741e-03	-8.512304e-03	


   -0.950009	    0.294377	3.883201e-03	-1.045036e-02	
   -0.950009	    0.294377	3.283874e-03	-1.009096e-02	
   -0.950009	    0.294377	2.363098e-03	-8.743792e-03	
   -0.950009	    0.294377	1.211006e-03	-6.540716e-03	
   -0.950009	    0.294377	-5.962831e-05	-3.697390e-03	
   -0.950009	    0.294377	-1.324426e-03	-4.921371e-04	
   -0.950009	    0.294377	-2.459579e-03	2.761289e-03	
   -0.950009	    0.294377	-3.353971e-03	5.744422e-03	
   -0.950009	    0.294377	-3.920054e-03	8.165250e-03	
   -0.950009	    0.294377	-4.102414e-03	9.786807e-03	
   -0.950009	    0.294377	-3.883201e-03	1.045036e-02	
   -0.950009	    0.294377	-3.283874e-03	1.009096e-02	
   -0.950009	    0.294377	-2.363098e-03	8.743792e-03	
   -0.950009	    0.294377	-1.211006e-03	6.540716e-03	
   -0.950009	    0.294377	5.962831e-05	3.697390e-03	
   -0.950009	    0.294377	1.324426e-03	4.921371e-04	
   -0.950009	    0.294377	2.459579e-03	-2.761289e-03	
   -0.950009	    0.294377	3.353971e-03	-5.744422e-03	
   -0.950009	    0.294377	3.920054e-03	-8.165250e-03	
   -0.950009	    0.294377	4.102414e-03	-9.786807e-03	
   -0.950009	    0.294377	3.883201e-03	-1.045036e-02	


   -0.950009	    0.294377	3.883201e-03	-1.045036e-02	
   -0.950009	    0.294377	3.283874e-03	-1.009096e-02	
   -0.950009	    0.294377	2.363098e-03	-8.743792e-03	
   -0.950009	    0.294377	1.211006e-03	-6.540716e-03	
   -0.950009	    0.294377	-5.962831e-05	-3.697390e-03	
   -0.950009	    0.294377	-1.324426e-03	-4.921371e-04	
   -0.950009	    0.294377	-2.459579e-03	2.761289e-03	
   -0.950009	    0.294377	-3.353971e-03	5.744422e-03	
   -0.950009	    0.294377	-3.920054e-03	8.165250e-03	
   -0.950009	    0.294377	-4.102414e-03	9.786807e-03	
   -0.950009	    0.294377	-3.883201e-03	1.045036e-02	
   -0.950009	    0.294377	-3.283874e-03	1.009096e-02	
   -0.950009	    0.294377	-2.363098e-03	8.743792e-03	
   -0.950009	    0.294377	-1.211006e-03	6.540716e-03	
   -0.950009	    0.294377	5.962831e-05	3.697390e-03	
   -0.950009	    0.294377	1.324426e-03	4.921371e-04	
   -0.950009	    0.294377	2.459579e-03	-2.761289e-03	
   -0.950009	    0.294377	3.353971e-03	-5.744422e-03	
   -0.950009	    0.294377	3.920054e-03	-8.165250e-03	
   -0.950009	    0.294377	4.102414e-03	-9.786807e-03	
   -0.950009	    0.294377	3.883201e-03	-1.045036e-02	


   -1.006115	    0.047830	6.882733e-03	-1.211935e-02	
   -1.006115	    0.047830	6.188249e-03	-1.172928e-02	
   -1.006115	    0.047830	4.888015e-03	-1.019107e-02	
   -1.006115	    0.047830	3.109309e-03	-7.655288e-03	
   -1.006115	    0.047830	1.026242e-03	-4.370152e-03	
   -1.006115	    0.047830	-1.157281e-03	-6.572344e-04	
   -1.006115	    0.047830	-3.227521e-03	3.120017e-03	
   -1.006115	    0.047830	-4.981829e-03	6.591860e-03	
   -1.006115	    0.047830	-6.248480e-03	9.418446e-03	
   -1.006115	    0.047830	-6.903487e-03	1.132309e-02	
   -1.006115	    0.047830	-6.882733e-03	1.211935e-02	
   -1.006115	    0.047830	-6.188249e-03	1.172928e-02	
   -1.006115	    0.047830	-4.888015e-03	1.019107e-02	
   -1.006115	    0.047830	-3.109309e-03	7.655288e-03	
   -1.006115	    0.047830	-1.026242e-03	4.370152e-03	
   -1.006115	    0.047830	1.157281e-03	6.572344e-04	
   -1.006115	    0.047830	3.227521e-03	-3.120017e-03	
   -1.006115	    0.047830	4.981829e-03	-6.591860e-03	
   -1.006115	    0.047830	6.248480e-03	-9.418446e-03	
   -1.006115	    0.047830	6.903487e-03	-1.132309e-02	
   -1.006115	    0.047830	6.882733e-03	-1.211935e-02	


   -1.006115	    0.047830	6.882733e-03	-1.211935e-02	
   -1.006115	    0.047830	6.188249e-03	-1.172928e-02	
   -1.006115	    0.047830	4.888015e-03	-1.019107e-02	
   -1.006115	    0.047830	3.109309e-03	-7.655288e-03	
   -1.006115	    0.047830	1.026242e-03	-4.370152e-03	
   -1.006115	    0.047830	-1.157281e-03	-6.572344e-04	
   -1.006115	    0.047830	-3.227521e-03	3.120017e-03	
   -1.006115	    0.047830	-4.981829e-03	6.591860e-03	
   -1.006115	    0.047830	-6.248480e-03	9.418446e-03	
   -1.006115	    0.047830	-6.903487e-03	1.132309e-02	
   -1.006115	    0.047830	-6.882733e-03	1.211935e-02	
   -1.006115	    0.047830	-6.188249e-03	1.172928e-02	
   -1.006115	    0.047830	-4.888015e-03	1.019107e-02	
   -1.006115	    0.047830	-3.109309e-03	7.655288e-03	
   -1.006115	    0.047830	-1.026242e-03	4.370152e-03	
   -1.006115	    0.047830	1.157281e-03	6.572344e-04	
   -1.006115	    0.047830	3.227521e-03	-3.120017e-03	
   -1.006115	    0.047830	4.981829e-03	-6.591860e-03	
   -1.006115	    0.047830	6.248480e-03	-9.418446e-03	
   -1.006115	    0.047830	6.903487e-03	-1.132309e-02	
   -1.006115	    0.047830	6.882733e-03	-1.211935e-02	


   -1.002193	   -0.201658	1.079199e-02	-1.312777e-02	
   -1.002193	   -0.201658	9.910099e-03	-1.277602e-02	
   -1.002193	   -0.201658	8.058136e-03	-1.117366e-02	
   -1.002193	   -0.201658	5.417386e-03	-8.477542e-03	
   -1.002193	   -0.201658	2.246345e-03	-4.951585e-03	
   -1.002193	   -0.201658	-1.144584e-03	-9.409323e-04	
   -1.002193	   -0.201658	-4.423474e-03	3.161826e-03	
   -1.002193	   -0.201658	-7.269362e-03	6.955082e-03	
   -1.002193	   -0.201658	-9.403675e-03	1.006753e-02	
   -1.002193	   -0.201658	-1.061749e-02	1.219449e-02	
   -1.002193	   -0.201658	-1.079199e-02	1.312777e-02	
   -1.002193	   -0.201658	-9.910099e-03	1.277602e-02	
   -1.002193	   -0.201658	-8.058136e-03	1.117366e-02	
   -1.002193	   -0.201658	-5.417386e-03	8.477542e-03	
   -1.002193	   -0.201658	-2.246345e-03	4.951585e-03	
   -1.002193	   -0.201658	1.144584e-03	9.409323e-04	
   -1.002193	   -0.201658	4.423474e-03	-3.161826e-03	
   -1.002193	   -0.201658	7.269362e-03	-6.955082e-03	
   -1.002193	   -0.201658	9.403675e-03	-1.006753e-02	
   -1.002193	   -0.201658	1.061749e-02	-1.219449e-02	
   -1.002193	   -0.201658	1.079199e-02	-1.312777e-02	


   -1.002193	   -0.201658	1.079199e-02	-1.312777e-02	
   -1.002193	   -0.201658	9.910099e-03	-1.277602e-02	
   -1.002193	   -0.201658	8.058136e-03	-1.117366e-02	
   -1.002193	   -0.201658	5.417386e-03	-8.477542e-03	
   -1.002193	   -0.201658	2.246345e-03	-4.951585e-03	
   -1.002193	   -0.201658	-1.144584e-03	-9.409323e-04	
   -1.002193	   -0.201658	-4.423474e-03	3.161826e-03	
   -1.002193	   -0.201658	-7.269362e-03	6.955082e-03	
   -1.002193	   -0.201658	-9.403675e-03	1.006753e-02	
   -1.002193	   -0.201658	-1.061749e-02	1.219449e-02	
   -1.002193	   -0.201658	-1.079199e-02	1.312777e-02	
   -1.002193	   -0.201658	-9.910099e-03	1.277602e-02	
   -1.002193	   -0.201658	-8.058136e-03	1.117366e-02	
   -1.002193	   -0.201658	-5.417386e-03	8.477542e-03	
   -1.002193	   -0.201658	-2.246345e-03	4.951585e-03	
   -1.002193	   -0.201658	1.144584e-03	9.409323e-04	
   -1.002193	   -0.201658	4.423474e-03	-3.161826e-03	
   -1.002193	   -0.201658	7.269362e-03	-6.955082e-03	
   -1.002193	   -0.201658	9.403675e-03	-1.006753e-02	
   -1.002193	   -0.201658	1.061749e-02	-1.219449e-02	
   -1.002193	   -0.201658	1.079199e-02	-1.312777e-02	


   -0.941025	   -0.439719	1.165952e-03	1.372430e-03	
   -0.941025	   -0.439719	5.876964e-03	-2.745474e-03	
   -0.941025	   -0.439719	1.001270e-02	-6.594633e-03	
   -0.941025	   -0.439719	1.316832e-02	-9.798263e-03	
   -0.941025	   -0.439719	1.503493e-02	-1.204277e-02	
   -0.941025	   -0.439719	1.542983e-02	-1.310845e-02	
   -0.941025	   -0.439719	1.431434e-02	-1.289098e-02	
   -0.941025	   -0.439719	1.179766e-02	-1.141165e-02	
   -0.941025	   -0.439719	8.126149e-03	-8.815272e-03	
   -0.941025	   -0.439719	3.659192e-03	-5.355992e-03	
   -0.941025	   -0.439719	-1.165952e-03	-1.372430e-03	
   -0.941025	   -0.439719	-5.876964e-03	2.745474e-03	
   -0.941025	   -0.439719	-1.001270e-02	6.594633e-03	
   -0.941025	   -0.439719	-1.316832e-02	9.798263e-03	
   -0.941025	   -0.439719	-1.503493e-02	1.204277e-02	
   -0.941025	   -0.439719	-1.542983e-02	1.310845e-02	
   -0.941025	   -0.439719	-1.431434e-02	1.289098e-02	
   -0.941025	   -0.439719	-1.179766e-02	1.141165e-02	
   -0.941025	   -0.439719	-8.126149e-03	8.815272e-03	
   -0.941025	   -0.439719	-3.659192e-03	5.355992e-03	
   -0.941025	   -0.439719	1.165952e-03	1.372430e-03	


   -0.941025	   -0.439719	1.165952e-03	1.372430e-03	
   -0.941025	   -0.439719	5.876964e-03	-2.745474e-03	
   -0.941025	   -0.439719	1.001270e-02	-6.594633e-03	
   -0.941025	   -0.439719	1.316832e-02	-9.798263e-03	
   -0.941025	   -0.439719	1.503493e-02	-1.204277e-02	
   -0.941025	   -0.439719	1.542983e-02	-1.310845e-02	
   -0.941025	   -0.439719	1.431434e-02	-1.289098e-02	
   -0.941025	   -0.439719	1.179766e-02	-1.141165e-02	
   -0.941025	   -0.439719	8.126149e-03	-8.815272e-03	
   -0.941025	   -0.439719	3.659192e-03	-5.355992e-03	
   -0.941025	   -0.439719	-1.165952e-03	-1.372430e-03	
   -0.941025	   -0.439719	-5.876964e-03	2.745474e-03	
   -0.941025	   -0.439719	-1.001270e-02	6.594633e-03	
   -0.941025	   -0.439719	-1.316832e-02	9.798263e-03	
   -0.941025	   -0.439719	-1.503493e-02	1.204277e-02	
   -0.941025	   -0.439719	-1.542983e-02	1.310845e-02	
   -0.941025	   -0.439719	-1.431434e-02	1.289098e-02	
   -0.941025	   -0.439719	-1.179766e-02	1.141165e-02	
   -0.941025	   -0.439719	-8.126149e-03	8.815272e-03	
   -0.941025	   -0.439719	-3.659192e-03	5.355992e-03	
   -0.941025	   -0.439719	1.165952e-03	1.372430e-03	


   -0.828570	   -0.653905	1.097481e-03	1.908904e-03	
   -0.828570	   -0.653905	7.373830e-03	-1.823852e-03	
   -0.828570	   -0.653905	1.292838e-02	-5.378076e-03	
   -0.828570	   -0.653905	1.721741e-02	-8.405857e-03	
   -0.828570	   -0.653905	1.982107e-02	-1.061081e-02	
   -0.828570	   -0.653905	2.048452e-02	-1.177711e-02	
   -0.828570	   -0.653905	1.914279e-02	-1.179058e-02	
   -0.828570	   -0.653905	1.592724e-02	-1.064991e-02	
   -0.828570	   -0.653905	1.115262e-02	-8.466748e-03	
   -0.828570	   -0.653905	5.286297e-03	-5.454803e-03	
   -0.828570	   -0.653905	-1.097481e-03	-1.908904e-03	
   -0.828570	   -0.653905	-7.373830e-03	1.823852e-03	
   -0.828570	   -0.653905	-1.292838e-02	5.378076e-03	
   -0.828570	   -0.653905	-1.721741e-02	8.405857e-03	
   -0.828570	   -0.653905	-1.982107e-02	1.061081e-02	
   -0.828570	   -0.653905	-2.048452e-02	1.177711e-02	
   -0.828570	   -0.653905	-1.914279e-02	1.179058e-02	
   -0.828570	   -0.653905	-1.592724e-02	1.064991e-02	
   -0.828570	   -0.653905	-1.115262e-02	8.466748e-03	
   -0.828570	   -0.653905	-5.286297e-03	5.454803e-03	
   -0.828570	   -0.653905	1.097481e-03	1.908904e-03	


   -0.828570	   -0.653905	1.097481e-03	1.908904e-03	
   -0.828570	   -0.653905	7.373830e-03	-1.823852e-03	
   -0.828570	   -0.653905	1.292838e-02	-5.378076e-03	
   -0.828570	   -0.653905	1.721741e-02	-8.405857e-03	
   -0.828570	   -0.653905	1.982107e-02	-1.061081e-02	
   -0.828570	   -0.653905	2.048452e-02	-1.177711e-02	
   -0.828570	   -0.653905	1.914279e-02	-1.179058e-02	
   -0.828570	   -0.653905	1.592724e-02	-1.064991e-02	
   -0.828570	   -0.653905	1.115262e-02	-8.466748e-03	
   -0.828570	   -0.653905	5.286297e-03	-5.454803e-03	
   -0.828570	   -0.653905	-1.097481e-03	-1.908904e-03	
   -0.828570	   -0.653905	-7.373830e-03	1.823852e-03	
   -0.828570	   -0.653905	-1.292838e-02	5.378076e-03	
   -0.828570	   -0.653905	-1.721741e-02	8.405857e-03	
   -0.828570	   -0.653905	-1.982107e-02	1.061081e-02	
   -0.828570	   -0.653905	-2.048452e-02	1.177711e-02	
   -0.828570	   -0.653905	-1.914279e-02	1.179058e-02	
   -0.828570	   -0.653905	-1.592724e-02	1.064991e-02	
   -0.828570	   -0.653905	-1.115262e-02	8.466748e-03	
   -0.828570	   -0.653905	-5.286297e-03	5.454803e-03	
   -0.828570	   -0.653905	1.097481e-03	1.908904e-03	


   -0.673051	   -0.834194	8.699862e-04	2.479694e-03	
   -0.673051	   -0.834194	8.725768e-03	-4.127647e-04	
   -0.673051	   -0.834194	1.572741e-02	-3.264819e-03	
   -0.673051	   -0.834194	2.118955e-02	-5.797291e-03	
   -0.673051	   -0.834194	2.457750e-02	-7.762283e-03	
   -0.673051	   -0.834194	2.555964e-02	-8.967449e-03	
   -0.673051	   -0.834194	2.403982e-02	-9.294818e-03	
   -0.673051	   -0.834194	2.016682e-02	-8.712346e-03	
   -0.673051	   -0.834194	1.431974e-02	-7.277049e-03	
   -0.673051	   -0.834194	7.070956e-03	-5.129423e-03	
   -0.673051	   -0.834194	-8.699862e-04	-2.479694e-03	
   -0.673051	   -0.834194	-8.725768e-03	4.127647e-04	
   -0.673051	   -0.834194	-1.572741e-02	3.264819e-03	
   -0.673051	   -0.834194	-2.118955e-02	5.797291e-03	
   -0.673051	   -0.834194	-2.457750e-02	7.762283e-03	
   -0.673051	   -0.834194	-2.555964e-02	8.967449e-03	
   -0.673051	   -0.834194	-2.403982e-02	9.294818e-03	
   -0.673051	   -0.834194	-2.016682e-02	8.712346e-03	
   -0.673051	   -0.834194	-1.431974e-02	7.277049e-03	
   -0.673051	   -0.834194	-7.070956e-03	5.129423e-03	
   -0.673051	   -0.834194	8.699862e-04	2.479694e-03	


   -0.673051	   -0.834194	8.699862e-04	2.479694e-03	
   -0.673051	   -0.834194	8.725768e-03	-4.127647e-04	
   -0.673051	   -0.834194	1.572741e-02	-3.264819e-03	
   -0.673051	   -0.834194	2.118955e-02	-5.797291e-03	
   -0.673051	   -0.834194	2.457750e-02	-7.762283e-03	
   -0.673051	   -0.834194	2.555964e-02	-8.967449e-03	
   -0.673051	   -0.834194	2.403982e-02	-9.294818e-03	
   -0.673051	   -0.834194	2.016682e-02	-8.712346e-03	
   -0.673051	   -0.834194	1.431974e-02	-7.277049e-03	
   -0.673051	   -0.834194	7.070956e-03	-5.129423e-03	
   -0.673051	   -0.834194	-8.699862e-04	-2.479694e-03	
   -0.673051	   -0.834194	-8.725768e-03	4.127647e-04	
   -0.673051	   -0.834194	-1.572741e-02	3.264819e-03	
   -0.673051	   -0.834194	-2.118955e-02	5.797291e-03	
   -0.673051	   -0.834194	-2.457750e-02	7.762283e-03	
   -0.673051	   -0.834194	-2.555964e-02	8.967449e-03	
   -0.673051	   -0.834194	-2.403982e-02	9.294818e-03	
   -0.673051	   -0.834194	-2.016682e-02	8.712346e-03	
   -0.673051	   -0.834194	-1.431974e-02	7.277049e-03	
   -0.673051	   -0.834194	-7.070956e-03	5.129423e-03	
   -0.673051	   -0.834194	8.699862e-04	2.479694e-03	


   -0.484110	   -0.973141	4.624243e-04	3.010007e-03	
   -0.484110	   -0.973141	9.778909e-03	1.427928e-03	
   -0.484110	   -0.973141	1.813817e-02	-2.939265e-04	
   -0.484110	   -0.973141	2.472193e-02	-1.987010e-03	
   -0.484110	   -0.973141	2.888574e-02	-3.485590e-03	
   -0.484110	   -0.973141	3.022202e-02	-4.642977e-03	
   -0.484110	   -0.973141	2.859995e-02	-5.345877e-03	
   -0.484110	   -0.973141	2.417832e-02	-5.525485e-03	
   -0.484110	   -0.973141	1.738995e-02	-5.164221e-03	
   -0.484110	   -0.973141	8.899326e-03	-4.297446e-03	
   -0.484110	   -0.973141	-4.624243e-04	-3.010007e-03	
   -0.484110	   -0.973141	-9.778909e-03	-1.427928e-03	
   -0.484110	   -0.973141	-1.813817e-02	2.939265e-04	
   -0.484110	   -0.973141	-2.472193e-02	1.987010e-03	
   -0.484110	   -0.973141	-2.888574e-02	3.485590e-03	
   -0.484110	   -0.973141	-3.022202e-02	4.642977e-03	
   -0.484110	   -0.973141	-2.859995e-02	5.345877e-03	
   -0.484110	   -0.973141	-2.417832e-02	5.525485e-03	
   -0.484110	   -0.973141	-1.738995e-02	5.164221e-03	
   -0.484110	   -0.973141	-8.899326e-03	4.297446e-03	
   -0.484110	   -0.973141	4.624243e-04	3.010007e-03	


   -0.484110	   -0.973141	4.624243e-04	3.010007e-03	
   -0.484110	   -0.973141	9.778909e-03	1.427928e-03	
   -0.484110	   -0.973141	1.813817e-02	-2.939265e-04	
   -0.484110	   -0.973141	2.472193e-02	-1.987010e-03	
   -0.484110	   -0.973141	2.888574e-02	-3.485590e-03	
   -0.484110	   -0.973141	3.022202e-02	-4.642977e-03	
   -0.484110	   -0.973141	2.859995e-02	-5.345877e-03	
   -0.484110	   -0.973141	2.417832e-02	-5.525485e-03	
   -0.484110	   -0.973141	1.738995e-02	-5.164221e-03	
   -0.484110	   -0.973141	8.899326e-03	-4.297446e-03	
   -0.484110	   -0.973141	-4.624243e-04	-3.010007e-03	
   -0.484110	   -0.973141	-9.778909e-03	-1.427928e-03	
   -0.484110	   -0.973141	-1.813817e-02	2.939265e-04	
   -0.484110	   -0.973141	-2.472193e-02	1.987010e-03	
   -0.484110	   -0.973141	-2.888574e-02	3.485590e-03	
   -0.484110	   -0.973141	-3.022202e-02	4.642977e-03	
   -0.484110	   -0.973141	-2.859995e-02	5.345877e-03	
   -0.484110	   -0.973141	-2.417832e-02	5.525485e-03	
   -0.484110	   -0.973141	-1.738995e-02	5.164221e-03	
   -0.484110	   -0.973141	-8.899326e-03	4.297446e-03	
   -0.484110	   -0.973141	4.624243e-04	3.010007e-03	


   -0.272106	   -1.065808	-1.116498e-04	3.431301e-03	
   -0.272106	   -1.065808	1.041360e-02	3.605660e-03	
   -0.272106	   -1.065808	1.991949e-02	3.427072e-03	
   -0.272106	   -1.065808	2.747552e-02	2.913018e-03	
   -0.272106	   -1.065808	3.234206e-02	2.113818e-03	
   -0.272106	   -1.065808	3.404273e-02	1.107703e-03	
   -0.272106	   -1.065808	3.241106e-02	-6.841884e-06	
   -0.272106	   -1.065808	2.760677e-02	-1.120717e-03	
   -0.272106	   -1.065808	2.010014e-02	-2.124889e-03	
   -0.272106	   -1.065808	1.062597e-02	-2.921062e-03	
   -0.272106	   -1.065808	1.116498e-04	-3.431301e-03	
   -0.272106	   -1.065808	-1.041360e-02	-3.605660e-03	
   -0.272106	   -1.065808	-1.991949e-02	-3.427072e-03	
   -0.272106	   -1.065808	-2.747552e-02	-2.913018e-03	
   -0.272106	   -1.065808	-3.234206e-02	-2.113818e-03	
   -0.272106	   -1.065808	-3.404273e-02	-1.107703e-03	
   -0.272106	   -1.065808	-3.241106e-02	6.841884e-06	
   -0.272106	   -1.065808	-2.760677e-02	1.120717e-03	
   -0.272106	   -1.065808	-2.010014e-02	2.124889e-03	
   -0.272106	   -1.065808	-1.062597e-02	2.921062e-03	
   -0.272106	   -1.065808	-1.116498e-04	3.431301e-03	


   -0.272106	   -1.065808	-1.116498e-04	3.431301e-03	
   -0.272106	   -1.065808	1.041360e-02	3.605660e-03	
   -0.272106	   -1.065808	1.991949e-02	3.427072e-03	
   -0.272106	   -1.065808	2.747552e-02	2.913018e-03	
   -0.272106	   -1.065808	3.234206e-02	2.113818e-03	
   -0.272106	   -1.065808	3.404273e-02	1.107703e-03	
   -0.272106	   -1.065808	3.241106e-02	-6.841884e-06	
   -0.272106	   -1.065808	2.760677e-02	-1.120717e-03	
   -0.272106	   -1.065808	2.010014e-02	-2.124889e-03	
   -0.272106	   -1.065808	1.062597e-02	-2.921062e-03	
   -0.272106	   -1.065808	1.116498e-04	-3.431301e-03	
   -0.272106	   -1.065808	-1.041360e-02	-3.605660e-03	
   -0.272106	   -1.065808	-1.991949e-02	-3.427072e-03	
   -0.272106	   -1.065808	-2.747552e-02	-2.913018e-03	
   -0.272106	   -1.065808	-3.234206e-02	-2.113818e-03	
   -0.272106	   -1.065808	-3.404273e-02	-1.107703e-03	
   -0.272106	   -1.065808	-3.241106e-02	6.841884e-06	
   -0.272106	   -1.065808	-2.760677e-02	1.120717e-03	
   -0.272106	   -1.065808	-2.010014e-02	2.124889e-03	
   -0.272106	   -1.065808	-1.062597e-02	2.921062e-03	
   -0.272106	   -1.065808	-1.116498e-04	3.431301e-03	


   -0.047598	   -1.109563	-8.140271e-04	3.687957e-03	
   -0.047598	   -1.109563	1.054448e-02	6.005776e-03	
   -0.047598	   -1.109563	2.087082e-02	7.735709e-03	
   -0.047598	   -1.109563	2.915418e-02	8.708416e-03	
   -0.047598	   -1.109563	3.458372e-02	8.828683e-03	
   -0.047598	   -1.109563	3.662797e-02	8.084737e-03	
   -0.047598	   -1.109563	3.508682e-02	6.549400e-03	
   -0.047598	   -1.109563	3.011112e-02	4.372963e-03	
   -0.047598	   -1.109563	2.218794e-02	1.768469e-03	
   -0.047598	   -1.109563	1.209285e-02	-1.009134e-03	
   -0.047598	   -1.109563	8.140271e-04	-3.687957e-03	
   -0.047598	   -1.109563	-1.054448e-02	-6.005776e-03	
   -0.047598	   -1.109563	-2.087082e-02	-7.735709e-03	
   -0.047598	   -1.109563	-2.915418e-02	-8.708416e-03	
   -0.047598	   -1.109563	-3.458372e-02	-8.828683e-03	
   -0.047598	   -1.109563	-3.662797e-02	-8.084737e-03	
   -0.047598	   -1.109563	-3.508682e-02	-6.549400e-03	
   -0.047598	   -1.109563	-3.011112e-02	-4.372963e-03	
   -0.047598	   -1.109563	-2.218794e-02	-1.768469e-03	
   -0.047598	   -1.109563	-1.209285e-02	1.009134e-03	
   -0.047598	   -1.109563	-8.140271e-04	3.687957e-03	


   -0.047598	   -1.109563	-8.140271e-04	3.687957e-03	
   -0.047598	   -1.109563	1.054448e-02	6.005776e-03	
   -0.047598	   -1.109563	2.087082e-02	7.735709e-03	
   -0.047598	   -1.109563	2.915418e-02	8.708416e-03	
   -0.047598	   -1.109563	3.458372e-02	8.828683e-03	
   -0.047598	   -1.109563	3.662797e-02	8.084737e-03	
   -0.047598	   -1.109563	3.508682e-02	6.549400e-03	
   -0.047598	   -1.109563	3.011112e-02	4.372963e-03	
   -0.047598	   -1.109563	2.218794e-02	1.768469e-03	
   -0.047598	   -1.109563	1.209285e-02	-1.009134e-03	
   -0.047598	   -1.109563	8.140271e-04	-3.687957e-03	
   -0.047598	   -1.109563	-1.054448e-02	-6.005776e-03	
   -0.047598	   -1.109563	-2.087082e-02	-7.735709e-03	
   -0.047598	   -1.109563	-2.915418e-02	-8.708416e-03	
   -0.047598	   -1.109563	-3.458372e-02	-8.828683e-03	
   -0.047598	   -1.109563	-3.662797e-02	-8.084737e-03	
   -0.047598	   -1.109563	-3.508682e-02	-6.549400e-03	
   -0.047598	   -1.109563	-3.011112e-02	-4.372963e-03	
   -0.047598	   -1.109563	-2.218794e-02	-1.768469e-03	
   -0.047598	   -1.109563	-1.209285e-02	1.009134e-03	
   -0.047598	   -1.109563	-8.140271e-04	3.687957e-03	


    0.179029	   -1.103843	-1.589994e-03	3.741928e-03	
    0.179029	   -1.103843	1.011946e-02	8.501221e-03	
    0.179029	   -1.103843	2.083836e-02	1.242836e-02	
    0.179029	   -1.103843	2.951745e-02	1.513892e-02	
    0.179029	   -1.103843	3.530717e-02	1.636757e-02	
    0.179029	   -1.103843	3.764077e-02	1.599406e-02	
    0.179029	   -1.103843	3.628984e-02	1.405494e-02	
    0.179029	   -1.103843	3.138660e-02	1.074002e-02	
    0.179029	   -1.103843	2.341102e-02	6.373789e-03	
    0.179029	   -1.103843	1.314381e-02	1.383652e-03	
    0.179029	   -1.103843	1.589994e-03	-3.741928e-03	
    0.179029	   -1.103843	-1.011946e-02	-8.501221e-03	
    0.179029	   -1.103843	-2.083836e-02	-1.242836e-02	
    0.179029	   -1.103843	-2.951745e-02	-1.513892e-02	
    0.179029	   -1.103843	-3.530717e-02	-1.636757e-02	
    0.179029	   -1.103843	-3.764077e-02	-1.599406e-02	
    0.179029	   -1.103843	-3.628984e-02	-1.405494e-02	
    0.179029	   -1.103843	-3.138660e-02	-1.074002e-02	
    0.179029	   -1.103843	-2.341102e-02	-6.373789e-03	
    0.179029	   -1.103843	-1.314381e-02	-1.383652e-03	
    0.179029	   -1.103843	-1.589994e-03	3.741928e-03	


    0.179029	   -1.103843	-1.589994e-03	3.741928e-03	
    0.179029	   -1.103843	1.011946e-02	8.501221e-03	
    0.179029	   -1.103843	2.083836e-02	1.242836e-02	
    0.179029	   -1.103843	2.951745e-02	1.513892e-02	
    0.179029	   -1.103843	3.530717e-02	1.636757e-02	
    0.179029	   -1.103843	3.764077e-02	1.599406e-02	
    0.179029	   -1.103843	3.628984e-02	1.405494e-02	
    0.179029	   -1.103843	3.138660e-02	1.074002e-02	
    0.179029	   -1.103843	2.341102e-02	6.373789e-03	
    0.179029	   -1.103843	1.314381e-02	1.383652e-03	
    0.179029	   -1.103843	1.589994e-03	-3.741928e-03	
    0.179029	   -1.103843	-1.011946e-02	-8.501221e-03	
    0.179029	   -1.103843	-2.083836e-02	-1.242836e-02	
    0.179029	   -1.103843	-2.951745e-02	-1.513892e-02	
    0.179029	   -1.103843	-3.530717e-02	-1.636757e-02	
    0.179029	   -1.103843	-3.764077e-02	-1.599406e-02	
    0.179029	   -1.103843	-3.628984e-02	-1.405494e-02	
    0.179029	   -1.103843	-3.138660e-02	-1.074002e-02	
    0.179029	   -1.103843	-2.341102e-02	-6.373789e-03	
    0.179029	   -1.103843	-1.314381e-02	-1.383652e-03	
    0.179029	   -1.103843	-1.589994e-03	3.741928e-03	


    0.397816	   -1.049926	-2.375877e-03	3.575446e-03	
    0.397816	   -1.049926	9.117213e-03	1.096032e-02	
    0.397816	   -1.049926	1.971785e-02	1.727231e-02	
    0.397816	   -1.049926	2.838836e-02	2.189358e-02	
    0.397816	   -1.049926	3.428002e-02	2.437175e-02	
    0.397816	   -1.049926	3.681612e-02	2.446424e-02	
    0.397816	   -1.049926	3.574840e-02	2.216200e-02	
    0.397816	   -1.049926	3.118137e-02	1.769039e-02	
    0.397816	   -1.049926	2.356210e-02	1.148712e-02	
    0.397816	   -1.049926	1.363640e-02	4.159414e-03	
    0.397816	   -1.049926	2.375877e-03	-3.575446e-03	
    0.397816	   -1.049926	-9.117213e-03	-1.096032e-02	
    0.397816	   -1.049926	-1.971785e-02	-1.727231e-02	
    0.397816	   -1.049926	-2.838836e-02	-2.189358e-02	
    0.397816	   -1.049926	-3.428002e-02	-2.437175e-02	
    0.397816	   -1.049926	-3.681612e-02	-2.446424e-02	
    0.397816	   -1.049926	-3.574840e-02	-2.216200e-02	
    0.397816	   -1.049926	-3.118137e-02	-1.769039e-02	
    0.397816	   -1.049926	-2.356210e-02	-1.148712e-02	
    0.397816	   -1.049926	-1.363640e-02	-4.159414e-03	
    0.397816	   -1.049926	-2.375877e-03	3.575446e-03	


    0.397816	   -1.049926	-2.375877e-03	3.575446e-03	
    0.397816	   -1.049926	9.117213e-03	1.096032e-02	
    0.397816	   -1.049926	1.971785e-02	1.727231e-02	
    0.397816	   -1.049926	2.838836e-02	2.189358e-02	
    0.397816	   -1.049926	3.428002e-02	2.437175e-02	
    0.397816	   -1.049926	3.681612e-02	2.446424e-02	
    0.397816	   -1.049926	3.574840e-02	2.216200e-02	
    0.397816	   -1.049926	3.118137e-02	1.769039e-02	
    0.397816	   -1.049926	2.356210e-02	1.148712e-02	
    0.397816	   -1.049926	1.363640e-02	4.159414e-03	
    0.397816	   -1.049926	2.375877e-03	-3.575446e-03	
    0.397816	   -1.049926	-9.117213e-03	-1.096032e-02	
    0.397816	   -1.049926	-1.971785e-02	-1.727231e-02	
    0.397816	   -1.049926	-2.838836e-02	-2.189358e-02	
    0.397816	   -1.049926	-3.428002e-02	-2.437175e-02	
    0.397816	   -1.049926	-3.681612e-02	-2.446424e-02	
    0.397816	   -1.049926	-3.574840e-02	-2.216200e-02	
    0.397816	   -1.049926	-3.118137e-02	-1.769039e-02	
    0.397816	   -1.049926	-2.356210e-02	-1.148712e-02	
    0.397816	   -1.049926	-1.363640e-02	-4.159414e-03	
    0.397816	   -1.049926	-2.375877e-03	3.575446e-03	


    0.599405	   -0.950745	-3.106291e-03	3.191846e-03	
    0.599405	   -0.950745	7.543785e-03	1.325228e-02	
    0.599405	   -0.950745	1.745542e-02	2.201548e-02	
    0.599405	   -0.950745	2.565840e-02	2.862366e-02	
    0.599405	   -0.950745	3.134976e-02	3.242995e-02	
    0.599405	   -0.950745	3.397238e-02	3.306178e-02	
    0.599405	   -0.950745	3.326955e-02	3.045728e-02	
    0.599405	   -0.950745	2.931006e-02	2.487142e-02	
    0.599405	   -0.950745	2.248151e-02	1.685097e-02	
    0.599405	   -0.950745	1.345230e-02	7.181025e-03	
    0.599405	   -0.950745	3.106291e-03	-3.191846e-03	
    0.599405	   -0.950745	-7.543785e-03	-1.325228e-02	
    0.599405	   -0.950745	-1.745542e-02	-2.201548e-02	
    0.599405	   -0.950745	-2.565840e-02	-2.862366e-02	
    0.599405	   -0.950745	-3.134976e-02	-3.242995e-02	
    0.599405	   -0.950745	-3.397238e-02	-3.306178e-02	
    0.599405	   -0.950745	-3.326955e-02	-3.045728e-02	
    0.599405	   -0.950745	-2.931006e-02	-2.487142e-02	
    0.599405	   -0.950745	-2.248151e-02	-1.685097e-02	
    0.599405	   -0.950745	-1.345230e-02	-7.181025e-03	
    0.599405	   -0.950745	-3.106291e-03	3.191846e-03	


    0.599405	   -0.950745	-3.106291e-03	3.191846e-03	
    0.599405	   -0.950745	7.543785e-03	1.325228e-02	
    0.599405	   -0.950745	1.745542e-02	2.201548e-02	
    0.599405	   -0.950745	2.565840e-02	2.862366e-02	
    0.599405	   -0.950745	3.134976e-02	3.242995e-02	
    0.599405	   -0.950745	3.397238e-02	3.306178e-02	
    0.599405	   -0.950745	3.326955e-02	3.045728e-02	
    0.599405	   -0.950745	2.931006e-02	2.487142e-02	
    0.599405	   -0.950745	2.248151e-02	1.685097e-02	
    0.599405	   -0.950745	1.345230e-02	7.181025e-03	
    0.599405	   -0.950745	3.106291e-03	-3.191846e-03	
    0.599405	   -0.950745	-7.543785e-03	-1.325228e-02	
    0.599405	   -0.950745	-1.745542e-02	-2.201548e-02	
    0.599405	   -0.950745	-2.565840e-02	-2.862366e-02	
    0.599405	   -0.950745	-3.134976e-02	-3.242995e-02	
    0.599405	   -0.950745	-3.397238e-02	-3.306178e-02	
    0.599405	   -0.950745	-3.326955e-02	-3.045728e-02	
    0.599405	   -0.950745	-2.931006e-02	-2.487142e-02	
    0.599405	   -0.950745	-2.248151e-02	-1.685097e-02	
    0.599405	   -0.950745	-1.345230e-02	-7.181025e-03	
    0.599405	   -0.950745	-3.106291e-03	3.191846e-03	


    0.775174	   -0.810742	-2.902161e-02	-4.130518e-02	
    0.775174	   -0.810742	-2.875108e-02	-3.847563e-02	
    0.775174	   -0.810742	-2.566620e-02	-3.187981e-02	
    0.775174	   -0.810742	-2.006893e-02	-2.216338e-02	
    0.775174	   -0.810742	-1.250718e-02	-1.027744e-02	
    0.775174	   -0.810742	-3.721133e-03	2.614521e-03	
    0.775174	   -0.810742	5.429163e-03	1.525056e-02	
    0.775174	   -0.810742	1.404801e-02	2.639377e-02	
    0.775174	   -0.810742	2.129175e-02	3.495337e-02	
    0.775174	   -0.810742	2.645130e-02	4.009149e-02	
    0.775174	   -0.810742	2.902161e-02	4.130518e-02	
    0.775174	   -0.810742	2.875108e-02	3.847563e-02	
    0.775174	   -0.810742	2.566620e-02	3.187981e-02	
    0.775174	   -0.810742	2.006893e-02	2.216338e-02	
    0.775174	   -0.810742	1.250718e-02	1.027744e-02	
    0.775174	   -0.810742	3.721133e-03	-2.614521e-03	
    0.775174	   -0.810742	-5.429163e-03	-1.525056e-02	
    0.775174	   -0.810742	-1.404801e-02	-2.639377e-02	
    0.775174	   -0.810742	-2.129175e-02	-3.495337e-02	
    0.775174	   -0.810742	-2.645130e-02	-4.009149e-02	
    0.775174	   -0.810742	-2.902161e-02	-4.130518e-02	


    0.775174	   -0.810742	-2.902161e-02	-4.130518e-02	
    0.775174	   -0.810742	-2.875108e-02	-3.847563e-02	
    0.775174	   -0.810742	-2.566620e-02	-3.187981e-02	
    0.775174	   -0.810742	-2.006893e-02	-2.216338e-02	
    0.775174	   -0.810742	-1.250718e-02	-1.027744e-02	
    0.775174	   -0.810742	-3.721133e-03	2.614521e-03	
    0.775174	   -0.810742	5.429163e-03	1.525056e-02	
    0.775174	   -0.810742	1.404801e-02	2.639377e-02	
    0.775174	   -0.810742	2.129175e-02	3.495337e-02	
    0.775174	   -0.810742	2.645130e-02	4.009149e-02	
    0.775174	   -0.810742	2.902161e-02	4.130518e-02	
    0.775174	   -0.810742	2.875108e-02	3.847563e-02	
    0.775174	   -0.810742	2.566620e-02	3.187981e-02	
    0.775174	   -0.810742	2.006893e-02	2.216338e-02	
    0.775174	   -0.810742	1.250718e-02	1.027744e-02	
    0.775174	   -0.810742	3.721133e-03	-2.614521e-03	
    0.775174	   -0.810742	-5.429163e-03	-1.525056e-02	
    0.775174	   -0.810742	-1.404801e-02	-2.639377e-02	
    0.775174	   -0.810742	-2.129175e-02	-3.495337e-02	
    0.775174	   -0.810742	-2.645130e-02	-4.009149e-02	
    0.775174	   -0.810742	-2.902161e-02	-4.130518e-02	


    0.917214	   -0.635949	-2.198019e-02	-4.867920e-02	
    0.917214	   -0.635949	-2.219369e-02	-4.571452e-02	
    0.917214	   -0.635949	-2.023471e-02	-3.827498e-02	
    0.917214	   -0.635949	-1.629502e-02	-2.708882e-02	
    0.917214	   -0.635949	-1.076026e-02	-1.325102e-02	
    0.917214	   -0.635949	-4.172212e-03	1.883885e-03	
    0.917214	   -0.635949	2.824243e-03	1.683438e-02	
    0.917214	   -0.635949	9.544241e-03	3.013701e-02	
    0.917214	   -0.635949	1.532998e-02	4.048962e-02	
    0.917214	   -0.635949	1.961512e-02	4.687882e-02	
    0.917214	   -0.635949	2.198019e-02	4.867920e-02	
    0.917214	   -0.635949	2.219369e-02	4.571452e-02	
    0.917214	   -0.635949	2.023471e-02	3.827498e-02	
    0.917214	   -0.635949	1.629502e-02	2.708882e-02	
    0.917214	   -0.635949	1.076026e-02	1.325102e-02	
    0.917214	   -0.635949	4.172212e-03	-1.883885e-03	
    0.917214	   -0.635949	-2.824243e-03	-1.683438e-02	
    0.917214	   -0.635949	-9.544241e-03	-3.013701e-02	
    0.917214	   -0.635949	-1.532998e-02	-4.048962e-02	
    0.917214	   -0.635949	-1.961512e-02	-4.687882e-02	
    0.917214	   -0.635949	-2.198019e-02	-4.867920e-02	


    0.917214	   -0.635949	-2.198019e-02	-4.867920e-02	
    0.917214	   -0.635949	-2.219369e-02	-4.571452e-02	
    0.917214	   -0.635949	-2.023471e-02	-3.827498e-02	
    0.917214	   -0.635949	-1.629502e-02	-2.708882e-02	
    0.917214	   -0.635949	-1.076026e-02	-1.325102e-02	
    0.917214	   -0.635949	-4.172212e-03	1.883885e-03	
    0.917214	   -0.635949	2.824243e-03	1.683438e-02	
    0.917214	   -0.635949	9.544241e-03	3.013701e-02	
    0.917214	   -0.635949	1.532998e-02	4.048962e-02	
    0.917214	   -0.635949	1.961512e-02	4.687882e-02	
    0.917214	   -0.635949	2.198019e-02	4.867920e-02	
    0.917214	   -0.635949	2.219369e-02	4.571452e-02	
    0.917214	   -0.635949	2.023471e-02	3.827498e-02	
    0.917214	   -0.635949	1.629502e-02	2.708882e-02	
    0.917214	   -0.635949	1.076026e-02	1.325102e-02	
    0.917214	   -0.635949	4.172212e-03	-1.883885e-03	
    0.917214	   -0.635949	-2.824243e-03	-1.683438e-02	
    0.917214	   -0.635949	-9.544241e-03	-3.013701e-02	
    0.917214	   -0.635949	-1.532998e-02	-4.048962e-02	
    0.917214	   -0.635949	-1.961512e-02	-4.687882e-02	
    0.917214	   -0.635949	-2.198019e-02	-4.867920e-02	


    1.018529	   -0.434059	-1.297921e-02	-5.465165e-02	
    1.018529	   -0.434059	-1.371265e-02	-5.165176e-02	
    1.018529	   -0.434059	-1.310380e-02	-4.359584e-02	
    1.018529	   -0.434059	-1.121225e-02	-3.127245e-02	
    1.018529	   -0.434059	-8.223179e-03	-1.588789e-02	
    1.018529	   -0.434059	-4.429162e-03	1.051881e-03	
    1.018529	   -0.434059	-2.015873e-04	1.788869e-02	
    1.018529	   -0.434059	4.045720e-03	3.297442e-02	
    1.018529	   -0.434059	7.897004e-03	4.483240e-02	
    1.018529	   -0.434059	1.097527e-02	5.230186e-02	
    1.018529	   -0.434059	1.297921e-02	5.465165e-02	
    1.018529	   -0.434059	1.371265e-02	5.165176e-02	
    1.018529	   -0.434059	1.310380e-02	4.359584e-02	
    1.018529	   -0.434059	1.121225e-02	3.127245e-02	
    1.018529	   -0.434059	8.223179e-03	1.588789e-02	
    1.018529	   -0.434059	4.429162e-03	-1.051881e-03	
    1.018529	   -0.434059	2.015873e-04	-1.788869e-02	
    1.018529	   -0.434059	-4.045720e-03	-3.297442e-02	
    1.018529	   -0.434059	-7.897004e-03	-4.483240e-02	
    1.018529	   -0.434059	-1.097527e-02	-5.230186e-02	
    1.018529	   -0.434059	-1.297921e-02	-5.465165e-02	


    1.018529	   -0.434059	-1.297921e-02	-5.465165e-02	
    1.018529	   -0.434059	-1.371265e-02	-5.165176e-02	
    1.018529	   -0.434059	-1.310380e-02	-4.359584e-02	
    1.018529	   -0.434059	-1.121225e-02	-3.127245e-02	
    1.018529	   -0.434059	-8.223179e-03	-1.588789e-02	
    1.018529	   -0.434059	-4.429162e-03	1.051881e-03	
    1.018529	   -0.434059	-2.015873e-04	1.788869e-02	
    1.018529	   -0.434059	4.045720e-03	3.297442e-02	
    1.018529	   -0.434059	7.897004e-03	4.483240e-02	
    1.018529	   -0.434059	1.097527e-02	5.230186e-02	
    1.018529	   -0.434059	1.297921e-02	5.465165e-02	
    1.018529	   -0.434059	1.371265e-02	5.165176e-02	
    1.018529	   -0.434059	1.310380e-02	4.359584e-02	
    1.018529	   -0.434059	1.121225e-02	3.127245e-02	
    1.018529	   -0.434059	8.223179e-03	1.588789e-02	
    1.018529	   -0.434059	4.429162e-03	-1.051881e-03	
    1.018529	   -0.434059	2.015873e-04	-1.788869e-02	
    1.018529	   -0.434059	-4.045720e-03	-3.297442e-02	
    1.018529	   -0.434059	-7.897004e-03	-4.483240e-02	
    1.018529	   -0.434059	-1.097527e-02	-5.230186e-02	
    1.018529	   -0.434059	-1.297921e-02	-5.465165e-02	


    1.073748	   -0.213558	-2.271924e-03	-5.869159e-02	
    1.073748	   -0.213558	-3.546018e-03	-5.576540e-02	
    1.073748	   -0.213558	-4.473004e-03	-4.738050e-02	
    1.073748	   -0.213558	-4.962141e-03	-3.435766e-02	
    1.073748	   -0.213558	-4.965549e-03	-1.797166e-02	
    1.073748	   -0.213558	-4.482894e-03	1.735307e-04	
    1.073748	   -0.213558	-3.561423e-03	1.830174e-02	
    1.073748	   -0.213558	-2.291335e-03	3.463844e-02	
    1.073748	   -0.213558	-7.969545e-04	4.758450e-02	
    1.073748	   -0.213558	7.754372e-04	5.587265e-02	
    1.073748	   -0.213558	2.271924e-03	5.869159e-02	
    1.073748	   -0.213558	3.546018e-03	5.576540e-02	
    1.073748	   -0.213558	4.473004e-03	4.738050e-02	
    1.073748	   -0.213558	4.962141e-03	3.435766e-02	
    1.073748	   -0.213558	4.965549e-03	1.797166e-02	
    1.073748	   -0.213558	4.482894e-03	-1.735307e-04	
    1.073748	   -0.213558	3.561423e-03	-1.830174e-02	
    1.073748	   -0.213558	2.291335e-03	-3.463844e-02	
    1.073748	   -0.213558	7.969545e-04	-4.758450e-02	
    1.073748	   -0.213558	-7.754372e-04	-5.587265e-02	
    1.073748	   -0.213558	-2.271924e-03	-5.869159e-02	


    1.073748	   -0.213558	-2.271924e-03	-5.869159e-02	
    1.073748	   -0.213558	-3.546018e-03	-5.576540e-02	
    1.073748	   -0.213558	-4.473004e-03	-4.738050e-02	
    1.073748	   -0.213558	-4.962141e-03	-3.435766e-02	
    1.073748	   -0.213558	-4.965549e-03	-1.797166e-02	
    1.073748	   -0.213558	-4.482894e-03	1.735307e-04	
    1.073748	   -0.213558	-3.561423e-03	1.830174e-02	
    1.073748	   -0.213558	-2.291335e-03	3.463844e-02	
    1.073748	   -0.213558	-7.969545e-04	4.758450e-02	
    1.073748	   -0.213558	7.754372e-04	5.587265e-02	
    1.073748	   -0.213558	2.271924e-03	5.869159e-02	
    1.073748	   -0.213558	3.546018e-03	5.576540e-02	
    1.073748	   -0.213558	4.473004e-03	4.738050e-02	
    1.073748	   -0.213558	4.962141e-03	3.435766e-02	
    1.073748	   -0.213558	4.965549e-03	1.797166e-02	
    1.073748	   -0.213558	4.482894e-03	-1.735307e-04	
    1.073748	   -0.213558	3.561423e-03	-1.830174e-02	
    1.073748	   -0.213558	2.291335e-03	-3.463844e-02	
    1.073748	   -0.213558	7.969545e-04	-4.758450e-02	
    1.073748	   -0.213558	-7.754372e-04	-5.587265e-02	
    1.073748	   -0.213558	-2.271924e-03	-5.869159e-02	


    1.078925	    0.015915	9.749769e-03	-6.028677e-02	
    1.078925	    0.015915	7.935363e-03	-5.755238e-02	
    1.078925	    0.015915	5.344188e-03	-4.918437e-02	
    1.078925	    0.015915	2.229887e-03	-3.600185e-02	
    1.078925	    0.015915	-1.102691e-03	-1.929521e-02	
    1.078925	    0.015915	-4.327330e-03	-6.998297e-04	
    1.078925	    0.015915	-7.128380e-03	1.796406e-02	
    1.078925	    0.015915	-9.231654e-03	3.486950e-02	
    1.078925	    0.015915	-1.043127e-02	4.836167e-02	
    1.078925	    0.015915	-1.060980e-02	5.711986e-02	
    1.078925	    0.015915	-9.749769e-03	6.028677e-02	
    1.078925	    0.015915	-7.935363e-03	5.755238e-02	
    1.078925	    0.015915	-5.344188e-03	4.918437e-02	
    1.078925	    0.015915	-2.229887e-03	3.600185e-02	
    1.078925	    0.015915	1.102691e-03	1.929521e-02	
    1.078925	    0.015915	4.327330e-03	6.998297e-04	
    1.078925	    0.015915	7.128380e-03	-1.796406e-02	
    1.078925	    0.015915	9.231654e-03	-3.486950e-02	
    1.078925	    0.015915	1.043127e-02	-4.836167e-02	
    1.078925	    0.015915	1.060980e-02	-5.711986e-02	
    1.078925	    0.015915	9.749769e-03	-6.028677e-02	


    1.078925	    0.015915	9.749769e-03	-6.028677e-02	
    1.078925	    0.015915	7.935363e-03	-5.755238e-02	
    1.078925	    0.015915	5.344188e-03	-4.918437e-02	
    1.078925	    0.015915	2.229887e-03	-3.600185e-02	
    1.078925	    0.015915	-1.102691e-03	-1.929521e-02	
    1.078925	    0.015915	-4.327330e-03	-6.998297e-04	
    1.078925	    0.015915	-7.128380e-03	1.796406e-02	
    1.078925	    0.015915	-9.231654e-03	3.486950e-02	
    1.078925	    0.015915	-1.043127e-02	4.836167e-02	
    1.078925	    0.015915	-1.060980e-02	5.711986e-02	
    1.078925	    0.015915	-9.749769e-03	6.028677e-02	
    1.078925	    0.015915	-7.935363e-03	5.755238e-02	
    1.078925	    0.015915	-5.344188e-03	4.918437e-02	
    1.078925	    0.015915	-2.229887e-03	3.600185e-02	
    1.078925	    0.015915	1.102691e-03	1.929521e-02	
    1.078925	    0.015915	4.327330e-03	6.998297e-04	
    1.078925	    0.015915	7.128380e-03	-1.796406e-02	
    1.078925	    0.015915	9.231654e-03	-3.486950e-02	
    1.078925	    0.015915	1.043127e-02	-4.836167e-02	
    1.078925	    0.015915	1.060980e-02	-5.711986e-02	
    1.078925	    0.015915	9.749769e-03	-6.028677e-02	


    1.031801	    0.243640	2.253505e-02	-5.898652e-02	
    1.031801	    0.243640	2.020732e-02	-5.656742e-02	
    1.031801	    0.243640	1.590156e-02	-4.861112e-02	
    1.031801	    0.243640	1.003924e-02	-3.589642e-02	
    1.031801	    0.243640	3.194208e-03	-1.966793e-02	
    1.031801	    0.243640	-3.963493e-03	-1.514202e-03	
    1.031801	    0.243640	-1.073322e-02	1.678774e-02	
    1.031801	    0.243640	-1.645230e-02	3.344639e-02	
    1.031801	    0.243640	-2.056092e-02	4.683107e-02	
    1.031801	    0.243640	-2.265689e-02	5.563160e-02	
    1.031801	    0.243640	-2.253505e-02	5.898652e-02	
    1.031801	    0.243640	-2.020732e-02	5.656742e-02	
    1.031801	    0.243640	-1.590156e-02	4.861112e-02	
    1.031801	    0.243640	-1.003924e-02	3.589642e-02	
    1.031801	    0.243640	-3.194208e-03	1.966793e-02	
    1.031801	    0.243640	3.963493e-03	1.514202e-03	
    1.031801	    0.243640	1.073322e-02	-1.678774e-02	
    1.031801	    0.243640	1.645230e-02	-3.344639e-02	
    1.031801	    0.243640	2.056092e-02	-4.683107e-02	
    1.031801	    0.243640	2.265689e-02	-5.563160e-02	
    1.031801	    0.243640	2.253505e-02	-5.898652e-02	


    1.031801	    0.243640	2.253505e-02	-5.898652e-02	
    1.031801	    0.243640	2.020732e-02	-5.656742e-02	
    1.031801	    0.243640	1.590156e-02	-4.861112e-02	
    1.031801	    0.243640	1.003924e-02	-3.589642e-02	
    1.031801	    0.243640	3.194208e-03	-1.966793e-02	
    1.031801	    0.243640	-3.963493e-03	-1.514202e-03	
    1.031801	    0.243640	-1.073322e-02	1.678774e-02	
    1.031801	    0.243640	-1.645230e-02	3.344639e-02	
    1.031801	    0.243640	-2.056092e-02	4.683107e-02	
    1.031801	    0.243640	-2.265689e-02	5.563160e-02	
    1.031801	    0.243640	-2.253505e-02	5.898652e-02	
    1.031801	    0.243640	-2.020732e-02	5.656742e-02	
    1.031801	    0.243640	-1.590156e-02	4.861112e-02	
    1.031801	    0.243640	-1.003924e-02	3.589642e-02	
    1.031801	    0.243640	-3.194208e-03	1.966793e-02	
    1.031801	    0.243640	3.963493e-03	1.514202e-03	
    1.031801	    0.243640	1.073322e-02	-1.678774e-02	
    1.031801	    0.243640	1.645230e-02	-3.344639e-02	
    1.031801	    0.243640	2.056092e-02	-4.683107e-02	
    1.031801	    0.243640	2.265689e-02	-5.563160e-02	
    1.031801	    0.243640	2.253505e-02	-5.898652e-02	


    0.932160	    0.457944	3.537252e-02	-5.446103e-02	
    0.932160	    0.457944	3.257924e-02	-5.248530e-02	
    0.932160	    0.457944	2.659688e-02	-4.537194e-02	
    0.932160	    0.457944	1.801104e-02	-3.381726e-02	
    0.932160	    0.457944	7.662147e-03	-1.895232e-02	
    0.932160	    0.457944	-3.436769e-03	-2.232186e-03	
    0.932160	    0.457944	-1.419927e-02	1.470645e-02	
    0.932160	    0.457944	-2.357185e-02	3.020551e-02	
    0.932160	    0.457944	-3.063705e-02	4.274785e-02	
    0.932160	    0.457944	-3.470328e-02	5.110573e-02	
    0.932160	    0.457944	-3.537252e-02	5.446103e-02	
    0.932160	    0.457944	-3.257924e-02	5.248530e-02	
    0.932160	    0.457944	-2.659688e-02	4.537194e-02	
    0.932160	    0.457944	-1.801104e-02	3.381726e-02	
    0.932160	    0.457944	-7.662147e-03	1.895232e-02	
    0.932160	    0.457944	3.436769e-03	2.232186e-03	
    0.932160	    0.457944	1.419927e-02	-1.470645e-02	
    0.932160	    0.457944	2.357185e-02	-3.020551e-02	
    0.932160	    0.457944	3.063705e-02	-4.274785e-02	
    0.932160	    0.457944	3.470328e-02	-5.110573e-02	
    0.932160	    0.457944	3.537252e-02	-5.446103e-02	


    0.932160	    0.457944	3.537252e-02	-5.446103e-02	
    0.932160	    0.457944	3.257924e-02	-5.248530e-02	
    0.932160	    0.457944	2.659688e-02	-4.537194e-02	
    0.932160	    0.457944	1.801104e-02	-3.381726e-02	
    0.932160	    0.457944	7.662147e-03	-1.895232e-02	
    0.932160	    0.457944	-3.436769e-03	-2.232186e-03	
    0.932160	    0.457944	-1.419927e-02	1.470645e-02	
    0.932160	    0.457944	-2.357185e-02	3.020551e-02	
    0.932160	    0.457944	-3.063705e-02	4.274785e-02	
    0.932160	    0.457944	-3.470328e-02	5.110573e-02	
    0.932160	    0.457944	-3.537252e-02	5.446103e-02	
    0.932160	    0.457944	-3.257924e-02	5.248530e-02	
    0.932160	    0.457944	-2.659688e-02	4.537194e-02	
    0.932160	    0.457944	-1.801104e-02	3.381726e-02	
    0.932160	    0.457944	-7.662147e-03	1.895232e-02	
    0.932160	    0.457944	3.436769e-03	2.232186e-03	
    0.932160	    0.457944	1.419927e-02	-1.470645e-02	
    0.932160	    0.457944	2.357185e-02	-3.020551e-02	
    0.932160	    0.457944	3.063705e-02	-4.274785e-02	
    0.932160	    0.457944	3.470328e-02	-5.110573e-02	
    0.932160	    0.457944	3.537252e-02	-5.446103e-02	


    0.782141	    0.646918	2.819245e-03	2.871049e-03	
    0.782141	    0.646918	1.732875e-02	-1.165266e-02	
    0.782141	    0.646918	3.014199e-02	-2.503573e-02	
    0.782141	    0.646918	4.000472e-02	-3.596813e-02	
    0.782141	    0.646918	4.595152e-02	-4.337971e-02	
    0.782141	    0.646918	4.740025e-02	-4.654499e-02	
    0.782141	    0.646918	4.420913e-02	-4.515412e-02	
    0.782141	    0.646918	3.669050e-02	-3.934325e-02	
    0.782141	    0.646918	2.558035e-02	-2.968118e-02	
    0.782141	    0.646918	1.196622e-02	-1.711372e-02	
    0.782141	    0.646918	-2.819245e-03	-2.871049e-03	
    0.782141	    0.646918	-1.732875e-02	1.165266e-02	
    0.782141	    0.646918	-3.014199e-02	2.503573e-02	
    0.782141	    0.646918	-4.000472e-02	3.596813e-02	
    0.782141	    0.646918	-4.595152e-02	4.337971e-02	
    0.782141	    0.646918	-4.740025e-02	4.654499e-02	
    0.782141	    0.646918	-4.420913e-02	4.515412e-02	
    0.782141	    0.646918	-3.669050e-02	3.934325e-02	
    0.782141	    0.646918	-2.558035e-02	2.968118e-02	
    0.782141	    0.646918	-1.196622e-02	1.711372e-02	
    0.782141	    0.646918	2.819245e-03	2.871049e-03	


    0.782141	    0.646918	2.819245e-03	2.871049e-03	
    0.782141	    0.646918	1.732875e-02	-1.165266e-02	
    0.782141	    0.646918	3.014199e-02	-2.503573e-02	
    0.782141	    0.646918	4.000472e-02	-3.596813e-02	
    0.782141	    0.646918	4.595152e-02	-4.337971e-02	
    0.782141	    0.646918	4.740025e-02	-4.654499e-02	
    0.782141	    0.646918	4.420913e-02	-4.515412e-02	
    0.782141	    0.646918	3.669050e-02	-3.934325e-02	
    0.782141	    0.646918	2.558035e-02	-2.968118e-02	
    0.782141	    0.646918	1.196622e-02	-1.711372e-02	
    0.782141	    0.646918	-2.819245e-03	-2.871049e-03	
    0.782141	    0.646918	-1.732875e-02	1.165266e-02	
    0.782141	    0.646918	-3.014199e-02	2.503573e-02	
    0.782141	    0.646918	-4.000472e-02	3.596813e-02	
    0.782141	    0.646918	-4.595152e-02	4.337971e-02	
    0.782141	    0.646918	-4.740025e-02	4.654499e-02	
    0.782141	    0.646918	-4.420913e-02	4.515412e-02	
    0.782141	    0.646918	-3.669050e-02	3.934325e-02	
    0.782141	    0.646918	-2.558035e-02	2.968118e-02	
    0.782141	    0.646918	-1.196622e-02	1.711372e-02	
    0.782141	    0.646918	2.819245e-03	2.871049e-03	


    0.586866	    0.798147	2.149382e-03	3.508447e-03	
    0.586866	    0.798147	1.985119e-02	-7.572388e-03	
    0.586866	    0.798147	3.560983e-02	-1.791198e-02	
    0.586866	    0.798147	4.788274e-02	-2.649823e-02	
    0.586866	    0.798147	5.546854e-02	-3.249065e-02	
    0.586866	    0.798147	5.762470e-02	-3.530265e-02	
    0.586866	    0.798147	5.414015e-02	-3.465899e-02	
    0.586866	    0.798147	4.535599e-02	-3.062266e-02	
    0.586866	    0.798147	3.213206e-02	-2.358877e-02	
    0.586866	    0.798147	1.576283e-02	-1.424585e-02	
    0.586866	    0.798147	-2.149382e-03	-3.508447e-03	
    0.586866	    0.798147	-1.985119e-02	7.572388e-03	
    0.586866	    0.798147	-3.560983e-02	1.791198e-02	
    0.586866	    0.798147	-4.788274e-02	2.649823e-02	
    0.586866	    0.798147	-5.546854e-02	3.249065e-02	
    0.586866	    0.798147	-5.762470e-02	3.530265e-02	
    0.586866	    0.798147	-5.414015e-02	3.465899e-02	
    0.586866	    0.798147	-4.535599e-02	3.062266e-02	
    0.586866	    0.798147	-3.213206e-02	2.358877e-02	
    0.586866	    0.798147	-1.576283e-02	1.424585e-02	
    0.586866	    0.798147	2.149382e-03	3.508447e-03	


    0.586866	    0.798147	2.149382e-03	3.508447e-03	
    0.586866	    0.798147	1.985119e-02	-7.572388e-03	
    0.586866	    0.798147	3.560983e-02	-1.791198e-02	
    0.586866	    0.798147	4.788274e-02	-2.649823e-02	
    0.586866	    0.798147	5.546854e-02	-3.249065e-02	
    0.586866	    0.798147	5.762470e-02	-3.530265e-02	
    0.586866	    0.798147	5.414015e-02	-3.465899e-02	
    0.586866	    0.798147	4.535599e-02	-3.062266e-02	
    0.586866	    0.798147	3.213206e-02	-2.358877e-02	
    0.586866	    0.798147	1.576283e-02	-1.424585e-02	
    0.586866	    0.798147	-2.149382e-03	-3.508447e-03	
    0.586866	    0.798147	-1.985119e-02	7.572388e-03	
    0.586866	    0.798147	-3.560983e-02	1.791198e-02	
    0.586866	    0.798147	-4.788274e-02	2.649823e-02	
    0.586866	    0.798147	-5.546854e-02	3.249065e-02	
    0.586866	    0.798147	-5.762470e-02	3.530265e-02	
    0.586866	    0.798147	-5.414015e-02	3.465899e-02	
    0.586866	    0.798147	-4.535599e-02	3.062266e-02	
    0.586866	    0.798147	-3.213206e-02	2.358877e-02	
    0.586866	    0.798147	-1.576283e-02	1.424585e-02	
    0.586866	    0.798147	2.149382e-03	3.508447e-03	


    0.355196	    0.899447	1.377719e-03	4.236931e-03	
    0.355196	    0.899447	2.139040e-02	-2.499871e-03	
    0.355196	    0.899447	3.930923e-02	-8.991967e-03	
    0.355196	    0.899447	5.338021e-02	-1.460387e-02	
    0.355196	    0.899447	6.222595e-02	-1.878624e-02	
    0.355196	    0.899447	6.498059e-02	-2.112968e-02	
    0.355196	    0.899447	6.137448e-02	-2.140481e-02	
    0.355196	    0.899447	5.176060e-02	-1.958468e-02	
    0.355196	    0.899447	3.708004e-02	-1.584747e-02	
    0.355196	    0.899447	1.876982e-02	-1.055899e-02	
    0.355196	    0.899447	-1.377719e-03	-4.236931e-03	
    0.355196	    0.899447	-2.139040e-02	2.499871e-03	
    0.355196	    0.899447	-3.930923e-02	8.991967e-03	
    0.355196	    0.899447	-5.338021e-02	1.460387e-02	
    0.355196	    0.899447	-6.222595e-02	1.878624e-02	
    0.355196	    0.899447	-6.498059e-02	2.112968e-02	
    0.355196	    0.899447	-6.137448e-02	2.140481e-02	
    0.355196	    0.899447	-5.176060e-02	1.958468e-02	
    0.355196	    0.899447	-3.708004e-02	1.584747e-02	
    0.355196	    0.899447	-1.876982e-02	1.055899e-02	
    0.355196	    0.899447	1.377719e-03	4.236931e-03	


    0.355196	    0.899447	1.377719e-03	4.236931e-03	
    0.355196	    0.899447	2.139040e-02	-2.499871e-03	
    0.355196	    0.899447	3.930923e-02	-8.991967e-03	
    0.355196	    0.899447	5.338021e-02	-1.460387e-02	
    0.355196	    0.899447	6.222595e-02	-1.878624e-02	
    0.355196	    0.899447	6.498059e-02	-2.112968e-02	
    0.355196	    0.899447	6.137448e-02	-2.140481e-02	
    0.355196	    0.899447	5.176060e-02	-1.958468e-02	
    0.355196	    0.899447	3.708004e-02	-1.584747e-02	
    0.355196	    0.899447	1.876982e-02	-1.055899e-02	
    0.355196	    0.899447	-1.377719e-03	-4.236931e-03	
    0.355196	    0.899447	-2.139040e-02	2.499871e-03	
    0.355196	    0.899447	-3.930923e-02	8.991967e-03	
    0.355196	    0.899447	-5.338021e-02	1.460387e-02	
    0.355196	    0.899447	-6.222595e-02	1.878624e-02	
    0.355196	    0.899447	-6.498059e-02	2.112968e-02	
    0.355196	    0.899447	-6.137448e-02	2.140481e-02	
    0.355196	    0.899447	-5.176060e-02	1.958468e-02	
    0.355196	    0.899447	-3.708004e-02	1.584747e-02	
    0.355196	    0.899447	-1.876982e-02	1.055899e-02	
    0.355196	    0.899447	1.377719e-03	4.236931e-03	


    0.099977	    0.940423	3.584829e-04	5.076220e-03	
    0.099977	    0.940423	2.149690e-02	3.333737e-03	
    0.099977	    0.940423	4.053105e-02	1.264925e-03	
    0.099977	    0.940423	5.559774e-02	-9.277075e-04	
    0.099977	    0.940423	6.522213e-02	-3.029529e-03	
    0.099977	    0.940423	6.846213e-02	-4.834799e-03	
    0.099977	    0.940423	6.500058e-02	-6.166805e-03	
    0.099977	    0.940423	5.517631e-02	-6.895162e-03	
    0.099977	    0.940423	3.995101e-02	-6.948572e-03	
    0.099977	    0.940423	2.081502e-02	-6.321807e-03	
    0.099977	    0.940423	-3.584829e-04	-5.076220e-03	
    0.099977	    0.940423	-2.149690e-02	-3.333737e-03	
    0.099977	    0.940423	-4.053105e-02	-1.264925e-03	
    0.099977	    0.940423	-5.559774e-02	9.277075e-04	
    0.099977	    0.940423	-6.522213e-02	3.029529e-03	
    0.099977	    0.940423	-6.846213e-02	4.834799e-03	
    0.099977	    0.940423	-6.500058e-02	6.166805e-03	
    0.099977	    0.940423	-5.517631e-02	6.895162e-03	
    0.099977	    0.940423	-3.995101e-02	6.948572e-03	
    0.099977	    0.940423	-2.081502e-02	6.321807e-03	
    0.099977	    0.940423	3.584829e-04	5.076220e-03	


    0.099977	    0.940423	3.584829e-04	5.076220e-03	
    0.099977	    0.940423	2.149690e-02	3.333737e-03	
    0.099977	    0.940423	4.053105e-02	1.264925e-03	
    0.099977	    0.940423	5.559774e-02	-9.277075e-04	
    0.099977	    0.940423	6.522213e-02	-3.029529e-03	
    0.099977	    0.940423	6.846213e-02	-4.834799e-03	
    0.099977	    0.940423	6.500058e-02	-6.166805e-03	
    0.099977	    0.940423	5.517631e-02	-6.895162e-03	
    0.099977	    0.940423	3.995101e-02	-6.948572e-03	
    0.099977	    0.940423	2.081502e-02	-6.321807e-03	
    0.099977	    0.940423	-3.584829e-04	-5.076220e-03	
    0.099977	    0.940423	-2.149690e-02	-3.333737e-03	
    0.099977	    0.940423	-4.053105e-02	-1.264925e-03	
    0.099977	    0.940423	-5.559774e-02	9.277075e-04	
    0.099977	    0.940423	-6.522213e-02	3.029529e-03	
    0.099977	    0.940423	-6.846213e-02	4.834799e-03	
    0.099977	    0.940423	-6.500058e-02	6.166805e-03	
    0.099977	    0.940423	-5.517631e-02	6.895162e-03	
    0.099977	    0.940423	-3.995101e-02	6.948572e-03	
    0.099977	    0.940423	-2.081502e-02	6.321807e-03	
    0.099977	    0.940423	3.584829e-04	5.076220e-03	


