
    0.000000    0.292664    0.956215   -0.000059   -0.993372    0.251207    0.021357
    0.000000    0.292664    0.956215   -0.000059   -0.992826    0.250909    0.021498
    0.027522    0.265232    0.962757    0.000533   -1.000520    0.224446    0.021491
    0.055043    0.237599    0.968567    0.001124   -1.007482    0.197704    0.021468
    0.082565    0.209784    0.973637    0.001714   -1.013701    0.170704    0.021429
    0.110087    0.181808    0.977961    0.002303   -1.019166    0.143468    0.021373
    0.137608    0.153693    0.981532    0.002891   -1.023865    0.116019    0.021300
    0.165130    0.125459    0.984345    0.003476   -1.027789    0.088381    0.021211
    0.192651    0.097127    0.986395    0.004058   -1.030930    0.060577    0.021104
    0.220173    0.068720    0.987678    0.004637   -1.033277    0.032632    0.020981
    0.247695    0.040260    0.988190    0.005213   -1.034825    0.004569    0.020841
    0.247695    0.040260    0.988190    0.005213   -1.034817    0.004562    0.020838
    0.275216    0.011768    0.987929    0.005784   -1.035558   -0.023592    0.020681
    0.302738   -0.016733    0.986891    0.006351   -1.035487   -0.051811    0.020508
    0.330260   -0.045221    0.985077    0.006913   -1.034599   -0.080071    0.020318
    0.357781   -0.073674    0.982484    0.007469   -1.032890   -0.108343    0.020111
    0.385303   -0.102067    0.979113    0.008020   -1.030358   -0.136603    0.019888
    0.412824   -0.130380    0.974965    0.008564   -1.027001   -0.164822    0.019649
    0.440346   -0.158589    0.970041    0.009101   -1.022819   -0.192974    0.019393
    0.467868   -0.186672    0.964344    0.009631   -1.017810   -0.221032    0.019121
    0.495389   -0.214605    0.957876    0.010153   -1.011978   -0.248968    0.018834
    0.495389   -0.214605    0.957876    0.010153   -1.011973   -0.248977    0.018830
    0.522911   -0.242367    0.950641    0.010668   -1.005319   -0.276765    0.018526
    0.550433   -0.269934    0.942643    0.011173   -0.997848   -0.304376    0.018208
    0.577954   -0.297284    0.933889    0.011670   -0.989563   -0.331784    0.017874
    0.605476   -0.324395    0.924383    0.012157   -0.980471   -0.358961    0.017526
    0.632998   -0.351245    0.914133    0.012634   -0.970578   -0.385880    0.017163
    0.660519   -0.377812    0.903146    0.013101   -0.959893   -0.412515    0.016786
    0.688041   -0.404074    0.891429    0.013558   -0.948423   -0.438840    0.016395
    0.715562   -0.430009    0.878993    0.014004   -0.936180   -0.464827    0.015990
    0.743084   -0.455597    0.865847    0.014438   -0.923174   -0.490452    0.015572
    0.743084   -0.455596    0.865847    0.014438   -0.923166   -0.490461    0.015568
    0.770606   -0.480816    0.852000    0.014861   -0.909409   -0.515698    0.015137
    0.798127   -0.505646    0.837465    0.015271   -0.894915   -0.540522    0.014694
    0.825649   -0.530068    0.822252    0.015669   -0.879697   -0.564908    0.014240
    0.853171   -0.554061    0.806374    0.016055   -0.863770   -0.588834    0.013774
    0.880692   -0.577607    0.789845    0.016427   -0.847151   -0.612275    0.013297
    0.908214   -0.600685    0.772677    0.016787   -0.829856   -0.635210    0.012809
    0.935735   -0.623279    0.754886    0.017132   -0.811903   -0.657617    0.012312
    0.963257   -0.645369    0.736485    0.017464   -0.793310   -0.679474    0.011805
    0.990779   -0.666939    0.717491    0.017782   -0.774097   -0.700761    0.011289
    0.990779   -0.666937    0.717490    0.017782   -0.774082   -0.700769    0.011282
    1.018300   -0.687970    0.697918    0.018085   -0.754268   -0.721467    0.010758
    1.045822   -0.708449    0.677784    0.018374   -0.733875   -0.741558    0.010225
    1.073344   -0.728360    0.657105    0.018648   -0.712923   -0.761024    0.009685
    1.100865   -0.747686    0.635900    0.018907   -0.691435   -0.779848    0.009139
    1.128387   -0.766414    0.614186    0.019151   -0.669432   -0.798014    0.008585
    1.155909   -0.784529    0.591981    0.019380   -0.646939   -0.815507    0.008027
    1.183430   -0.802019    0.569304    0.019593   -0.623979   -0.832313    0.007463
    1.210952   -0.818871    0.546174    0.019790   -0.600575   -0.848419    0.006894
    1.238473   -0.835073    0.522611    0.019972   -0.576752   -0.863814    0.006321
    1.238473   -0.835070    0.522612    0.019972   -0.576728   -0.863808    0.006316
    1.265995   -0.850610    0.498635    0.020138   -0.552510   -0.878481    0.005739
    1.293517   -0.865479    0.474264    0.020288   -0.527922   -0.892420    0.005160
    1.321038   -0.879666    0.449520    0.020422   -0.502989   -0.905619    0.004579
    1.348560   -0.893162    0.424423    0.020540   -0.477737   -0.918067    0.003995
    1.376082   -0.905959    0.398993    0.020642   -0.452190   -0.929760    0.003410
    1.403603   -0.918049    0.373253    0.020728   -0.426374   -0.940690    0.002825
    1.431125   -0.929426    0.347222    0.020797   -0.400315   -0.950853    0.002239
    1.458646   -0.940082    0.320922    0.020851   -0.374037   -0.960244    0.001654
    1.486168   -0.950012    0.294374    0.020888   -0.347567   -0.968862    0.001069
    1.486168   -0.950009    0.294377    0.020888   -0.347545   -0.968834    0.001063
    1.513690   -0.959208    0.267603    0.020910   -0.320907   -0.976675    0.000480
    1.541211   -0.967672    0.240625    0.020915   -0.294126   -0.983739   -0.000102
    1.568733   -0.975397    0.213462    0.020904   -0.267227   -0.990026   -0.000681
    1.596255   -0.982380    0.186137    0.020877   -0.240235   -0.995535   -0.001257
    1.623776   -0.988619    0.158672    0.020835   -0.213174   -1.000270   -0.001829
    1.651298   -0.994113    0.131086    0.020777   -0.186068   -1.004231   -0.002398
    1.678820   -0.998861    0.103403    0.020703   -0.158941   -1.007423   -0.002963
    1.706341   -1.002862    0.075642    0.020614   -0.131817   -1.009850   -0.003523
    1.733863   -1.006117    0.047824    0.020509   -0.104717   -1.011515   -0.004077
    1.733863   -1.006115    0.047830    0.020509   -0.104714   -1.011463   -0.004084
    1.761384   -1.008625    0.019979    0.020389   -0.077662   -1.012373   -0.004633
    1.788906   -1.010391   -0.007887    0.020254   -0.050680   -1.012535   -0.005176
    1.816428   -1.011415   -0.035747    0.020104   -0.023790   -1.011955   -0.005713
    1.843949   -1.011701   -0.063582    0.019940    0.002988   -1.010641   -0.006243
    1.871471   -1.011252   -0.091370    0.019761    0.029633   -1.008600   -0.006766
    1.898993   -1.010071   -0.119092    0.019567    0.056124   -1.005842   -0.007281
    1.926514   -1.008164   -0.146728    0.019360    0.082442   -1.002376   -0.007789
    1.954036   -1.005535   -0.174259    0.019139    0.108568   -0.998212   -0.008289
    1.981557   -1.002190   -0.201667    0.018904    0.134484   -0.993360   -0.008780
    1.981557   -1.002193   -0.201658    0.018904    0.134452   -0.993292   -0.008787
    2.009079   -0.998138   -0.228921    0.018655    0.160140   -0.987763   -0.009269
    2.036601   -0.993380   -0.256022    0.018394    0.185581   -0.981568   -0.009743
    2.064122   -0.987926   -0.282944    0.018119    0.210760   -0.974719   -0.010207
    2.091644   -0.981782   -0.309668    0.017832    0.235659   -0.967228   -0.010661
    2.119166   -0.974957   -0.336177    0.017532    0.260265   -0.959107   -0.011106
    2.146687   -0.967459   -0.362454    0.017221    0.284560   -0.950369   -0.011540
    2.174209   -0.959297   -0.388483    0.016897    0.308532   -0.941026   -0.011965
    2.201731   -0.950479   -0.414246    0.016562    0.332166   -0.931093   -0.012379
    2.229252   -0.941017   -0.439728    0.016216    0.355448   -0.920582   -0.012782
    2.229252   -0.941025   -0.439719    0.016216    0.355367   -0.920513   -0.012789
    2.256774   -0.930928   -0.464902    0.015859    0.378285   -0.909438   -0.013182
    2.284295   -0.920206   -0.489773    0.015491    0.400827   -0.897813   -0.013564
    2.311817   -0.908869   -0.514316    0.015112    0.422981   -0.885651   -0.013934
    2.339339   -0.896927   -0.538517    0.014724    0.444736   -0.872968   -0.014294
    2.366860   -0.884393   -0.562362    0.014326    0.466082   -0.859776   -0.014642
    2.394382   -0.871277   -0.585837    0.013918    0.487008   -0.846091   -0.014979
    2.421904   -0.857590   -0.608929    0.013501    0.507506   -0.831926   -0.015304
    2.449425   -0.843346   -0.631625    0.013076    0.527565   -0.817296   -0.015617
    2.476947   -0.828555   -0.653912    0.012642    0.547178   -0.802216   -0.015919
    2.476947   -0.828570   -0.653905    0.012642    0.547045   -0.802170   -0.015925
    2.504468   -0.813249   -0.675770    0.012200    0.566204   -0.786654   -0.016215
    2.531990   -0.797408   -0.697202    0.011750    0.584900   -0.770716   -0.016493
    2.559512   -0.781059   -0.718189    0.011292    0.603128   -0.754372   -0.016759
    2.587033   -0.764214   -0.738721    0.010827    0.620881   -0.737635   -0.017013
    2.614555   -0.746888   -0.758787    0.010356    0.638152   -0.720519   -0.017255
    2.642077   -0.729093   -0.778377    0.009878    0.654936   -0.703040   -0.017485
    2.669598   -0.710843   -0.797482    0.009393    0.671228   -0.685211   -0.017703
    2.697120   -0.692151   -0.816091    0.008903    0.687023   -0.667046   -0.017909
    2.724642   -0.673031   -0.834195    0.008408    0.702316   -0.648559   -0.018103
    2.724642   -0.673051   -0.834194    0.008408    0.702137   -0.648558   -0.018108
    2.752163   -0.653523   -0.851785    0.007907    0.716924   -0.629765   -0.018290
    2.779685   -0.633594   -0.868855    0.007402    0.731203   -0.610678   -0.018460
    2.807206   -0.613280   -0.885396    0.006891    0.744968   -0.591311   -0.018618
    2.834728   -0.592593   -0.901401    0.006377    0.758218   -0.571679   -0.018764
    2.862250   -0.571550   -0.916861    0.005859    0.770950   -0.551793   -0.018897
    2.889771   -0.550163   -0.931771    0.005337    0.783161   -0.531669   -0.019019
    2.917293   -0.528447   -0.946124    0.004812    0.794850   -0.511319   -0.019129
    2.944815   -0.506416   -0.959914    0.004284    0.806015   -0.490756   -0.019227
    2.972336   -0.484086   -0.973135    0.003754    0.816654   -0.469993   -0.019314
    2.972336   -0.484110   -0.973141    0.003754    0.816444   -0.470057   -0.019320
    2.999858   -0.461500   -0.985790    0.003221    0.826557   -0.449108   -0.019395
    3.027379   -0.438618   -0.997860    0.002687    0.836142   -0.427985   -0.019458
    3.054901   -0.415480   -1.009346    0.002150    0.845199   -0.406700   -0.019509
    3.082423   -0.392101   -1.020244    0.001613    0.853728   -0.385267   -0.019549
    3.109944   -0.368493   -1.030551    0.001074    0.861728   -0.363696   -0.019577
    3.137466   -0.344673   -1.040262    0.000535    0.869200   -0.342001   -0.019594
    3.164988   -0.320655   -1.049375   -0.000004    0.876144   -0.320193   -0.019600
    3.192509   -0.296452   -1.057886   -0.000543    0.882560   -0.298284   -0.019594
    3.220031   -0.272080   -1.065792   -0.001082    0.888449   -0.276285   -0.019577
    3.220031   -0.272106   -1.065808   -0.001082    0.888227   -0.276429   -0.019582
    3.247553   -0.247586   -1.073112   -0.001621    0.893590   -0.254354   -0.019554
    3.275074   -0.222925   -1.079808   -0.002158    0.898429   -0.232212   -0.019516
    3.302596   -0.198138   -1.085893   -0.002695    0.902745   -0.210015   -0.019466
    3.330117   -0.173240   -1.091367   -0.003230    0.906539   -0.187774   -0.019405
    3.357639   -0.148244   -1.096229   -0.003763    0.909813   -0.165499   -0.019334
    3.385161   -0.123165   -1.100477   -0.004294    0.912568   -0.143203   -0.019252
    3.412682   -0.098018   -1.104111   -0.004822    0.914806   -0.120894   -0.019160
    3.440204   -0.072816   -1.107131   -0.005348    0.916530   -0.098584   -0.019058
    3.467726   -0.047574   -1.109537   -0.005871    0.917741   -0.076282   -0.018945
    3.467726   -0.047598   -1.109563   -0.005871    0.917529   -0.076513   -0.018951
    3.495247   -0.022336   -1.111362   -0.006391    0.918231   -0.054232   -0.018828
    3.522769    0.002940   -1.112548   -0.006907    0.918425   -0.031980   -0.018695
    3.550290    0.028213   -1.113123   -0.007420    0.918115   -0.009768   -0.018552
    3.577812    0.053471   -1.113087   -0.007928    0.917301    0.012395   -0.018399
    3.605334    0.078700   -1.112441   -0.008432    0.915989    0.034499   -0.018237
    3.632855    0.103885   -1.111188   -0.008932    0.914180    0.056534   -0.018065
    3.660377    0.129015   -1.109330   -0.009427    0.911877    0.078492   -0.017883
    3.687899    0.154074   -1.106869   -0.009916    0.909083    0.100363   -0.017692
    3.715420    0.179049   -1.103807   -0.010400    0.905802    0.122136   -0.017492
    3.715420    0.179029   -1.103843   -0.010400    0.905625    0.121815   -0.017499
    3.742942    0.203903   -1.100192   -0.010879    0.901861    0.143482   -0.017290
    3.770464    0.228666   -1.095946   -0.011352    0.897616    0.165034   -0.017072
    3.797985    0.253306   -1.091109   -0.011819    0.892893    0.186462   -0.016845
    3.825507    0.277809   -1.085684   -0.012279    0.887698    0.207758   -0.016609
    3.853028    0.302163   -1.079675   -0.012733    0.882032    0.228912   -0.016365
    3.880550    0.326355   -1.073085   -0.013180    0.875900    0.249916   -0.016112
    3.908072    0.350371   -1.065920   -0.013620    0.869305    0.270761   -0.015851
    3.935593    0.374200   -1.058183   -0.014052    0.862251    0.291439   -0.015581
    3.963115    0.397828   -1.049880   -0.014477    0.854742    0.311942   -0.015304
    3.963115    0.397816   -1.049926   -0.014477    0.854622    0.311531   -0.015311
    3.990637    0.421228   -1.041073   -0.014895    0.846664    0.331848   -0.015026
    4.018158    0.444415   -1.031662   -0.015304    0.838259    0.351973   -0.014733
    4.045680    0.467365   -1.021701   -0.015706    0.829412    0.371897   -0.014432
    4.073201    0.490065   -1.011194   -0.016098    0.820127    0.391612   -0.014123
    4.100723    0.512503   -1.000147   -0.016483    0.810408    0.411110   -0.013807
    4.128245    0.534668   -0.988567   -0.016858    0.800259    0.430384   -0.013484
    4.155766    0.556548   -0.976459   -0.017225    0.789685    0.449425   -0.013154
    4.183288    0.578131   -0.963831   -0.017582    0.778691    0.468224   -0.012817
    4.210810    0.599406   -0.950689   -0.017930    0.767281    0.486776   -0.012473
    4.210810    0.599405   -0.950745   -0.017931    0.767231    0.486268   -0.012479
    4.238331    0.620359   -0.937109   -0.018269    0.755412    0.504561   -0.012128
    4.265853    0.640981   -0.922974   -0.018598    0.743186    0.522591   -0.011771
    4.293375    0.661262   -0.908347   -0.018917    0.730559    0.540348   -0.011407
    4.320896    0.681190   -0.893234   -0.019226    0.717536    0.557825   -0.011037
    4.348418    0.700754   -0.877645   -0.019525    0.704121    0.575015   -0.010661
    4.375939    0.719944   -0.861586   -0.019813    0.690321    0.591909   -0.010279
    4.403461    0.738748   -0.845067   -0.020090    0.676139    0.608501   -0.009891
    4.430983    0.757157   -0.828095   -0.020357    0.661582    0.624784   -0.009497
    4.458504    0.775160   -0.810680   -0.020613    0.646655    0.640748   -0.009098
    4.458504    0.775174   -0.810742   -0.020614    0.646051    0.639448   -0.008998
    4.486026    0.792745   -0.792928   -0.020856    0.630761    0.655086   -0.008594
    4.513548    0.809890   -0.774687   -0.021087    0.615113    0.670393   -0.008184
    4.541069    0.826599   -0.756030   -0.021306    0.599112    0.685359   -0.007770
    4.568591    0.842864   -0.736966   -0.021514    0.582764    0.699978   -0.007350
    4.596112    0.858673   -0.717504   -0.021711    0.566076    0.714244   -0.006926
    4.623634    0.874019   -0.697655   -0.021896    0.549052    0.728147   -0.006498
    4.651156    0.888892   -0.677428   -0.022069    0.531700    0.741682   -0.006065
    4.678677    0.903283   -0.656834   -0.022229    0.514025    0.754841   -0.005628
    4.706199    0.917183   -0.635883   -0.022378    0.496033    0.767617   -0.005188
    4.706199    0.917214   -0.635949   -0.022379    0.494432    0.764189   -0.004619
    4.733721    0.930570   -0.614745   -0.022500    0.476134    0.776574   -0.004175
    4.761242    0.943419   -0.593207   -0.022609    0.457535    0.788563   -0.003727
    4.788764    0.955752   -0.571344   -0.022705    0.438640    0.800149   -0.003276
    4.816285    0.967561   -0.549168   -0.022789    0.419457    0.811325   -0.002822
    4.843807    0.978838   -0.526690   -0.022861    0.399992    0.822084   -0.002366
    4.871329    0.989575   -0.503922   -0.022920    0.380252    0.832419   -0.001907
    4.898850    0.999765   -0.480875   -0.022966    0.360245    0.842323   -0.001445
    4.926372    1.009402   -0.457561   -0.022999    0.339978    0.851789   -0.000982
    4.953894    1.018477   -0.433994   -0.023020    0.319457    0.860811   -0.000516
    4.953894    1.018529   -0.434059   -0.023021    0.318569    0.857148    0.000237
    4.981415    1.027011   -0.410350   -0.023008    0.297808    0.865718    0.000704
    5.008937    1.034919   -0.386411   -0.022982    0.276810    0.873832    0.001173
    5.036459    1.042246   -0.362256   -0.022944    0.255583    0.881482    0.001642
    5.063980    1.048985   -0.337896   -0.022892    0.234136    0.888663    0.002112
    5.091502    1.055131   -0.313345   -0.022827    0.212477    0.895366    0.002583
    5.119023    1.060679   -0.288616   -0.022750    0.190613    0.901587    0.003054
    5.146545    1.065621   -0.263723   -0.022659    0.168553    0.907317    0.003525
    5.174067    1.069955   -0.238679   -0.022556    0.146306    0.912550    0.003996
    5.201588    1.073673   -0.213498   -0.022439    0.123881    0.917280    0.004466
    5.201588    1.073748   -0.213558   -0.022441    0.123759    0.913527    0.005373
    5.229110    1.076844   -0.188357   -0.022287    0.101169    0.917748    0.005843
    5.256632    1.079316   -0.163047   -0.022120    0.078421    0.921455    0.006311
    5.284153    1.081159   -0.137642   -0.021940    0.055523    0.924642    0.006778
    5.311675    1.082370   -0.112156   -0.021747    0.032484    0.927302    0.007244
    5.339196    1.082946   -0.086605   -0.021541    0.009316    0.929428    0.007707
    5.366718    1.082882   -0.061002   -0.021322   -0.013972    0.931015    0.008168
    5.394240    1.082176   -0.035364   -0.021091   -0.037371    0.932056    0.008626
    5.421761    1.080824   -0.009704   -0.020848   -0.060868    0.932546    0.009082
    5.449283    1.078825    0.015962   -0.020591   -0.084454    0.932477    0.009534
    5.449283    1.078925    0.015915   -0.020594   -0.083779    0.928796    0.010565
    5.476805    1.076294    0.041470   -0.020297   -0.107437    0.928166    0.011014
    5.504326    1.073011    0.066999   -0.019987   -0.131160    0.926968    0.011459
    5.531848    1.069074    0.092488   -0.019666   -0.154937    0.925198    0.011899
    5.559370    1.064482    0.117920   -0.019333   -0.178757    0.922848    0.012335
    5.586891    1.059235    0.143279   -0.018987   -0.202606    0.919915    0.012765
    5.614413    1.053330    0.168550   -0.018630   -0.226473    0.916392    0.013190
    5.641934    1.046769    0.193715   -0.018261   -0.250344    0.912274    0.013609
    5.669456    1.039550    0.218759   -0.017881   -0.274207    0.907555    0.014023
    5.696978    1.031676    0.243664   -0.017489   -0.298049    0.902232    0.014430
    5.696978    1.031801    0.243640   -0.017492   -0.296581    0.898799    0.015558
    5.724499    1.023311    0.268296   -0.017058   -0.320382    0.892870    0.015958
    5.752021    1.014166    0.292781   -0.016614   -0.344133    0.886329    0.016351
    5.779543    1.004369    0.317077   -0.016158   -0.367821    0.879172    0.016735
    5.807064    0.993921    0.341168   -0.015693   -0.391430    0.871395    0.017111
    5.834586    0.982824    0.365036   -0.015217   -0.414945    0.862993    0.017479
    5.862107    0.971082    0.388664   -0.014731   -0.438352    0.853964    0.017838
    5.889629    0.958697    0.412035   -0.014235   -0.461635    0.844303    0.018187
    5.917151    0.945673    0.435131   -0.013730   -0.484777    0.834008    0.018527
    5.944672    0.932015    0.457936   -0.013215   -0.507762    0.823075    0.018857
    5.944672    0.932160    0.457944   -0.013218   -0.506170    0.821996    0.019302
    5.972194    0.917915    0.480409   -0.012682   -0.528975    0.810429    0.019621
    5.999716    0.903046    0.502547   -0.012138   -0.551589    0.798222    0.019929
    6.027237    0.887556    0.524340   -0.011585   -0.573993    0.785373    0.020226
    6.054759    0.871453    0.545770   -0.011025   -0.596170    0.771881    0.020511
    6.082281    0.854743    0.566821   -0.010456   -0.618101    0.757745    0.020784
    6.109802    0.837433    0.587473   -0.009881   -0.639768    0.742965    0.021044
    6.137324    0.819531    0.607710   -0.009298   -0.661151    0.727540    0.021292
    6.164845    0.801044    0.627513   -0.008709   -0.682231    0.711473    0.021526
    6.192367    0.781982    0.646866   -0.008113   -0.702987    0.694762    0.021746
    6.192367    0.782141    0.646918   -0.008116   -0.701685    0.695249    0.021726
    6.219889    0.762548    0.665815   -0.007515   -0.722092    0.677906    0.021932
    6.247410    0.742398    0.684226   -0.006909   -0.742134    0.659926    0.022125
    6.274932    0.721702    0.702133   -0.006297   -0.761790    0.641313    0.022302
    6.302454    0.700470    0.719520   -0.005681   -0.781038    0.622071    0.022464
    6.329975    0.678715    0.736369   -0.005061   -0.799858    0.602204    0.022610
    6.357497    0.656448    0.752662   -0.004437   -0.818227    0.581718    0.022741
    6.385018    0.633682    0.768383   -0.003809   -0.836123    0.560618    0.022856
    6.412540    0.610429    0.783514   -0.003179   -0.853523    0.538912    0.022953
    6.440062    0.586706    0.798041   -0.002546   -0.870406    0.516607    0.023034
    6.440062    0.586866    0.798147   -0.002548   -0.869122    0.517552    0.023019
    6.467583    0.562720    0.812077   -0.001913   -0.885459    0.494668    0.023083
    6.495105    0.538132    0.825370   -0.001278   -0.901231    0.471206    0.023128
    6.522627    0.513119    0.838009   -0.000641   -0.916417    0.447177    0.023156
    6.550148    0.487695    0.849979   -0.000003   -0.930992    0.422593    0.023165
    6.577670    0.461880    0.861265    0.000634   -0.944935    0.397466    0.023156
    6.605192    0.435689    0.871852    0.001271   -0.958221    0.371810    0.023128
    6.632713    0.409142    0.881726    0.001907   -0.970829    0.345640    0.023080
    6.660235    0.382258    0.890872    0.002542   -0.982735    0.318971    0.023014
    6.687756    0.355056    0.899278    0.003174   -0.993917    0.291821    0.022927
    6.687756    0.355196    0.899447    0.003173   -0.992833    0.293270    0.022920
    6.715278    0.327726    0.907139    0.003802   -1.003265    0.265671    0.022814
    6.742800    0.299980    0.914066    0.004429   -1.012929    0.237632    0.022687
    6.770321    0.271978    0.920215    0.005051   -1.021803    0.209172    0.022540
    6.797843    0.243744    0.925576    0.005669   -1.029865    0.180313    0.022372
    6.825365    0.215299    0.930137    0.006282   -1.037096    0.151079    0.022184
    6.852886    0.186666    0.933888    0.006890   -1.043476    0.121494    0.021975
    6.880408    0.157870    0.936821    0.007492   -1.048984    0.091582    0.021745
    6.907929    0.128935    0.938927    0.008087   -1.053603    0.061370    0.021494
    6.935451    0.099885    0.940197    0.008675   -1.057314    0.030886    0.021222
    6.935451    0.099977    0.940423    0.008675   -1.056662    0.032796    0.021227

    0.000000    0.099977    0.940423    0.008675   -1.056662    0.032796    0.021227
    0.000000    0.099977    0.940423    0.008675   -1.056662    0.032796    0.021227
    0.027388    0.070997    0.940904    0.009253   -1.059439    0.002235    0.020936
    0.054776    0.041953    0.940544    0.009822   -1.061285   -0.028534    0.020624
    0.082164    0.012872    0.939339    0.010382   -1.062187   -0.059480    0.020291
    0.109552   -0.016220    0.937284    0.010933   -1.062131   -0.090574    0.019938
    0.136940   -0.045298    0.934377    0.011474   -1.061105   -0.121780    0.019565
    0.164328   -0.074335    0.930613    0.012005   -1.059098   -0.153068    0.019171
    0.191716   -0.103302    0.925992    0.012524   -1.056099   -0.184402    0.018757
    0.219104   -0.132174    0.920512    0.013032   -1.052101   -0.215747    0.018323
    0.246492   -0.160923    0.914174    0.013528   -1.047097   -0.247067    0.017869
    0.246492   -0.160908    0.914437    0.013530   -1.047095   -0.244890    0.017893
    0.273881   -0.189505    0.907302    0.014014   -1.041085   -0.276130    0.017421
    0.301269   -0.217925    0.899313    0.014484   -1.034062   -0.307269    0.016930
    0.328657   -0.246138    0.890473    0.014941   -1.026025   -0.338267    0.016420
    0.356045   -0.274117    0.880786    0.015384   -1.016971   -0.369088    0.015892
    0.383433   -0.301835    0.870257    0.015811   -1.006904   -0.399694    0.015347
    0.410821   -0.329262    0.858894    0.016224   -0.995827   -0.430044    0.014785
    0.438209   -0.356373    0.846704    0.016621   -0.983744   -0.460101    0.014206
    0.465597   -0.383139    0.833695    0.017002   -0.970662   -0.489826    0.013611
    0.492985   -0.409533    0.819877    0.017367   -0.956590   -0.519180    0.013001
    0.492985   -0.409610    0.820143    0.017371   -0.957353   -0.517035    0.013039
    0.520373   -0.435626    0.805585    0.017720   -0.942313   -0.545961    0.012415
    0.547761   -0.461217    0.790242    0.018051   -0.926310   -0.574437    0.011776
    0.575149   -0.486357    0.774124    0.018365   -0.909358   -0.602423    0.011125
    0.602537   -0.511020    0.757248    0.018660   -0.891472   -0.629884    0.010461
    0.629925   -0.535180    0.739627    0.018938   -0.872673   -0.656782    0.009785
    0.657313   -0.558813    0.721277    0.019196   -0.852978   -0.683082    0.009099
    0.684701   -0.581895    0.702216    0.019436   -0.832410   -0.708749    0.008402
    0.712089   -0.604402    0.682461    0.019656   -0.810992   -0.733748    0.007697
    0.739477   -0.626310    0.662031    0.019857   -0.788750   -0.758046    0.006982
    0.739477   -0.626475    0.662256    0.019863   -0.790204   -0.756293    0.007032
    0.766866   -0.647804    0.641218    0.020046   -0.767180   -0.779845    0.006311
    0.794254   -0.668491    0.619546    0.020209   -0.743390   -0.802631    0.005584
    0.821642   -0.688517    0.597261    0.020352   -0.718864   -0.824624    0.004851
    0.849030   -0.707862    0.574384    0.020475   -0.693632   -0.845794    0.004113
    0.876418   -0.726506    0.550939    0.020577   -0.667728   -0.866118    0.003371
    0.903806   -0.744431    0.526949    0.020659   -0.641184   -0.885569    0.002627
    0.931194   -0.761622    0.502439    0.020721   -0.614035   -0.904125    0.001881
    0.958582   -0.778060    0.477433    0.020762   -0.586316   -0.921766    0.001135
    0.985970   -0.793733    0.451957    0.020783   -0.558065   -0.938471    0.000388
    0.985970   -0.793956    0.452104    0.020789   -0.559943   -0.937386    0.000439
    1.013358   -0.808900    0.426213    0.020791   -0.531215   -0.953129   -0.000306
    1.040746   -0.823050    0.399904    0.020773   -0.502032   -0.967902   -0.001050
    1.068134   -0.836395    0.373204    0.020734   -0.472434   -0.981691   -0.001790
    1.095522   -0.848925    0.346140    0.020675   -0.442458   -0.994486   -0.002526
    1.122910   -0.860628    0.318740    0.020595   -0.412144   -1.006276   -0.003258
    1.150298   -0.871498    0.291030    0.020496   -0.381532   -1.017053   -0.003984
    1.177686   -0.881525    0.263039    0.020377   -0.350660   -1.026811   -0.004704
    1.205074   -0.890703    0.234794    0.020238   -0.319567   -1.035545   -0.005417
    1.232462   -0.899028    0.206325    0.020080   -0.288292   -1.043254   -0.006121
    1.232462   -0.899267    0.206381    0.020086   -0.289788   -1.042352   -0.005146
    1.259851   -0.906774    0.177739    0.019936   -0.258389   -1.049031   -0.005842
    1.287239   -0.913419    0.148928    0.019766   -0.226889   -1.054684   -0.006529
    1.314627   -0.919201    0.119977    0.019578   -0.195326   -1.059316   -0.007207
    1.342015   -0.924118    0.090912    0.019371   -0.163737   -1.062931   -0.007874
    1.369403   -0.928170    0.061763    0.019147   -0.132158   -1.065534   -0.008531
    1.396791   -0.931358    0.032556    0.018904   -0.100627   -1.067134   -0.009176
    1.424179   -0.933683    0.003318    0.018644   -0.069177   -1.067739   -0.009810
    1.451567   -0.935148   -0.025922    0.018367   -0.037843   -1.067361   -0.010430
    1.478955   -0.935757   -0.055139    0.018073   -0.006659   -1.066010   -0.011037
    1.478955   -0.935971   -0.055163    0.018077   -0.008361   -1.066296   -0.011003
    1.506343   -0.935776   -0.084338    0.017768    0.022624   -1.063987   -0.011596
    1.533731   -0.934734   -0.113436    0.017442    0.053393   -1.060735   -0.012176
    1.561119   -0.932853   -0.142432    0.017101    0.083915   -1.056553   -0.012740
    1.588507   -0.930140   -0.171301    0.016744    0.114161   -1.051461   -0.013290
    1.615895   -0.926603   -0.200019    0.016373    0.144101   -1.045473   -0.013824
    1.643283   -0.922250   -0.228560    0.015987    0.173710   -1.038610   -0.014342
    1.670671   -0.917091   -0.256902    0.015588    0.202961   -1.030891   -0.014844
    1.698059   -0.911136   -0.285021    0.015174    0.231829   -1.022334   -0.015330
    1.725447   -0.904396   -0.312894    0.014748    0.260291   -1.012961   -0.015799
    1.725447   -0.904556   -0.312972    0.014751    0.259047   -1.013632   -0.015778
    1.752835   -0.897077   -0.340596    0.014312    0.287069   -1.003468   -0.016230
    1.780224   -0.888836   -0.367931    0.013862    0.314639   -0.992530   -0.016665
    1.807612   -0.879846   -0.394956    0.013400    0.341736   -0.980843   -0.017083
    1.835000   -0.870121   -0.421651    0.012926    0.368344   -0.968428   -0.017483
    1.862388   -0.859675   -0.447996    0.012442    0.394442   -0.955307   -0.017866
    1.889776   -0.848520   -0.473972    0.011948    0.420016   -0.941505   -0.018231
    1.917164   -0.836673   -0.499562    0.011444    0.445050   -0.927043   -0.018579
    1.944552   -0.824147   -0.524746    0.010930    0.469529   -0.911947   -0.018908
    1.971940   -0.810959   -0.549509    0.010408    0.493440   -0.896238   -0.019221
    1.971940   -0.811069   -0.549609    0.010410    0.492597   -0.897059   -0.019207
    1.999328   -0.797257   -0.573955    0.009880    0.515921   -0.880766   -0.019502
    2.026716   -0.782814   -0.597848    0.009342    0.538652   -0.863910   -0.019778
    2.054104   -0.767757   -0.621272    0.008796    0.560780   -0.846512   -0.020037
    2.081492   -0.752103   -0.644212    0.008244    0.582297   -0.828597   -0.020278
    2.108880   -0.735867   -0.666655    0.007686    0.603195   -0.810187   -0.020502
    2.136268   -0.719068   -0.688587    0.007121    0.623465   -0.791306   -0.020708
    2.163656   -0.701722   -0.709996    0.006552    0.643102   -0.771977   -0.020897
    2.191044   -0.683847   -0.730869    0.005977    0.662101   -0.752221   -0.021069
    2.218432   -0.665460   -0.751196    0.005398    0.680456   -0.732061   -0.021224
    2.218432   -0.665525   -0.751296    0.005398    0.679972   -0.732869   -0.021224
    2.245820   -0.646658   -0.771087    0.004815    0.697674   -0.712332   -0.021361
    2.273209   -0.627315   -0.790311    0.004228    0.714725   -0.691435   -0.021482
    2.300597   -0.607514   -0.808958    0.003638    0.731122   -0.670200   -0.021587
    2.327985   -0.587273   -0.827019    0.003046    0.746862   -0.648648   -0.021675
    2.355373   -0.566610   -0.