    0.099977	    0.940423	0.000000e+00	0.000000e+00	
    0.099977	    0.940423	0.000000e+00	0.000000e+00	
    0.099977	    0.940423	0.000000e+00	0.000000e+00	
    0.099977	    0.940423	0.000000e+00	0.000000e+00	
    0.099977	    0.940423	0.000000e+00	0.000000e+00	
    0.099977	    0.940423	0.000000e+00	0.000000e+00	
    0.099977	    0.940423	0.000000e+00	0.000000e+00	
    0.099977	    0.940423	0.000000e+00	0.000000e+00	
    0.099977	    0.940423	0.000000e+00	0.000000e+00	
    0.099977	    0.940423	0.000000e+00	0.000000e+00	
    0.099977	    0.940423	0.000000e+00	0.000000e+00	
    0.099977	    0.940423	0.000000e+00	0.000000e+00	
    0.099977	    0.940423	0.000000e+00	0.000000e+00	
    0.099977	    0.940423	0.000000e+00	0.000000e+00	
    0.099977	    0.940423	0.000000e+00	0.000000e+00	
    0.099977	    0.940423	0.000000e+00	0.000000e+00	
    0.099977	    0.940423	0.000000e+00	0.000000e+00	
    0.099977	    0.940423	0.000000e+00	0.000000e+00	
    0.099977	    0.940423	0.000000e+00	0.000000e+00	
    0.099977	    0.940423	0.000000e+00	0.000000e+00	
    0.099977	    0.940423	0.000000e+00	0.000000e+00	


    0.099977	    0.940423	0.000000e+00	0.000000e+00	
    0.099977	    0.940423	0.000000e+00	0.000000e+00	
    0.099977	    0.940423	0.000000e+00	0.000000e+00	
    0.099977	    0.940423	0.000000e+00	0.000000e+00	
    0.099977	    0.940423	0.000000e+00	0.000000e+00	
    0.099977	    0.940423	0.000000e+00	0.000000e+00	
    0.099977	    0.940423	0.000000e+00	0.000000e+00	
    0.099977	    0.940423	0.000000e+00	0.000000e+00	
    0.099977	    0.940423	0.000000e+00	0.000000e+00	
    0.099977	    0.940423	0.000000e+00	0.000000e+00	
    0.099977	    0.940423	0.000000e+00	0.000000e+00	
    0.099977	    0.940423	0.000000e+00	0.000000e+00	
    0.099977	    0.940423	0.000000e+00	0.000000e+00	
    0.099977	    0.940423	0.000000e+00	0.000000e+00	
    0.099977	    0.940423	0.000000e+00	0.000000e+00	
    0.099977	    0.940423	0.000000e+00	0.000000e+00	
    0.099977	    0.940423	0.000000e+00	0.000000e+00	
    0.099977	    0.940423	0.000000e+00	0.000000e+00	
    0.099977	    0.940423	0.000000e+00	0.000000e+00	
    0.099977	    0.940423	0.000000e+00	0.000000e+00	
    0.099977	    0.940423	0.000000e+00	0.000000e+00	


   -0.754437	    0.516359	0.000000e+00	0.000000e+00	
   -0.754437	    0.516359	0.000000e+00	0.000000e+00	
   -0.754437	    0.516359	0.000000e+00	0.000000e+00	
   -0.754437	    0.516359	0.000000e+00	0.000000e+00	
   -0.754437	    0.516359	0.000000e+00	0.000000e+00	
   -0.754437	    0.516359	0.000000e+00	0.000000e+00	
   -0.754437	    0.516359	0.000000e+00	0.000000e+00	
   -0.754437	    0.516359	0.000000e+00	0.000000e+00	
   -0.754437	    0.516359	0.000000e+00	0.000000e+00	
   -0.754437	    0.516359	0.000000e+00	0.000000e+00	
   -0.754437	    0.516359	0.000000e+00	0.000000e+00	
   -0.754437	    0.516359	0.000000e+00	0.000000e+00	
   -0.754437	    0.516359	0.000000e+00	0.000000e+00	
   -0.754437	    0.516359	0.000000e+00	0.000000e+00	
   -0.754437	    0.516359	0.000000e+00	0.000000e+00	
   -0.754437	    0.516359	0.000000e+00	0.000000e+00	
   -0.754437	    0.516359	0.000000e+00	0.000000e+00	
   -0.754437	    0.516359	0.000000e+00	0.000000e+00	
   -0.754437	    0.516359	0.000000e+00	0.000000e+00	
   -0.754437	    0.516359	0.000000e+00	0.000000e+00	
   -0.754437	    0.516359	0.000000e+00	0.000000e+00	


   -0.754437	    0.516359	0.000000e+00	0.000000e+00	
   -0.754437	    0.516359	0.000000e+00	0.000000e+00	
   -0.754437	    0.516359	0.000000e+00	0.000000e+00	
   -0.754437	    0.516359	0.000000e+00	0.000000e+00	
   -0.754437	    0.516359	0.000000e+00	0.000000e+00	
   -0.754437	    0.516359	0.000000e+00	0.000000e+00	
   -0.754437	    0.516359	0.000000e+00	0.000000e+00	
   -0.754437	    0.516359	0.000000e+00	0.000000e+00	
   -0.754437	    0.516359	0.000000e+00	0.000000e+00	
   -0.754437	    0.516359	0.000000e+00	0.000000e+00	
   -0.754437	    0.516359	0.000000e+00	0.000000e+00	
   -0.754437	    0.516359	0.000000e+00	0.000000e+00	
   -0.754437	    0.516359	0.000000e+00	0.000000e+00	
   -0.754437	    0.516359	0.000000e+00	0.000000e+00	
   -0.754437	    0.516359	0.000000e+00	0.000000e+00	
   -0.754437	    0.516359	0.000000e+00	0.000000e+00	
   -0.754437	    0.516359	0.000000e+00	0.000000e+00	
   -0.754437	    0.516359	0.000000e+00	0.000000e+00	
   -0.754437	    0.516359	0.000000e+00	0.000000e+00	
   -0.754437	    0.516359	0.000000e+00	0.000000e+00	
   -0.754437	    0.516359	0.000000e+00	0.000000e+00	


   -0.936566	   -0.111660	0.000000e+00	0.000000e+00	
   -0.936566	   -0.111660	0.000000e+00	0.000000e+00	
   -0.936566	   -0.111660	0.000000e+00	0.000000e+00	
   -0.936566	   -0.111660	0.000000e+00	0.000000e+00	
   -0.936566	   -0.111660	0.000000e+00	0.000000e+00	
   -0.936566	   -0.111660	0.000000e+00	0.000000e+00	
   -0.936566	   -0.111660	0.000000e+00	0.000000e+00	
   -0.936566	   -0.111660	0.000000e+00	0.000000e+00	
   -0.936566	   -0.111660	0.000000e+00	0.000000e+00	
   -0.936566	   -0.111660	0.000000e+00	0.000000e+00	
   -0.936566	   -0.111660	0.000000e+00	0.000000e+00	
   -0.936566	   -0.111660	0.000000e+00	0.000000e+00	
   -0.936566	   -0.111660	0.000000e+00	0.000000e+00	
   -0.936566	   -0.111660	0.000000e+00	0.000000e+00	
   -0.936566	   -0.111660	0.000000e+00	0.000000e+00	
   -0.936566	   -0.111660	0.000000e+00	0.000000e+00	
   -0.936566	   -0.111660	0.000000e+00	0.000000e+00	
   -0.936566	   -0.111660	0.000000e+00	0.000000e+00	
   -0.936566	   -0.111660	0.000000e+00	0.000000e+00	
   -0.936566	   -0.111660	0.000000e+00	0.000000e+00	
   -0.936566	   -0.111660	0.000000e+00	0.000000e+00	


   -0.936566	   -0.111660	0.000000e+00	0.000000e+00	
   -0.936566	   -0.111660	0.000000e+00	0.000000e+00	
   -0.936566	   -0.111660	0.000000e+00	0.000000e+00	
   -0.936566	   -0.111660	0.000000e+00	0.000000e+00	
   -0.936566	   -0.111660	0.000000e+00	0.000000e+00	
   -0.936566	   -0.111660	0.000000e+00	0.000000e+00	
   -0.936566	   -0.111660	0.000000e+00	0.000000e+00	
   -0.936566	   -0.111660	0.000000e+00	0.000000e+00	
   -0.936566	   -0.111660	0.000000e+00	0.000000e+00	
   -0.936566	   -0.111660	0.000000e+00	0.000000e+00	
   -0.936566	   -0.111660	0.000000e+00	0.000000e+00	
   -0.936566	   -0.111660	0.000000e+00	0.000000e+00	
   -0.936566	   -0.111660	0.000000e+00	0.000000e+00	
   -0.936566	   -0.111660	0.000000e+00	0.000000e+00	
   -0.936566	   -0.111660	0.000000e+00	0.000000e+00	
   -0.936566	   -0.111660	0.000000e+00	0.000000e+00	
   -0.936566	   -0.111660	0.000000e+00	0.000000e+00	
   -0.936566	   -0.111660	0.000000e+00	0.000000e+00	
   -0.936566	   -0.111660	0.000000e+00	0.000000e+00	
   -0.936566	   -0.111660	0.000000e+00	0.000000e+00	
   -0.936566	   -0.111660	0.000000e+00	0.000000e+00	


   -0.480131	   -0.908350	0.000000e+00	0.000000e+00	
   -0.480131	   -0.908350	0.000000e+00	0.000000e+00	
   -0.480131	   -0.908350	0.000000e+00	0.000000e+00	
   -0.480131	   -0.908350	0.000000e+00	0.000000e+00	
   -0.480131	   -0.908350	0.000000e+00	0.000000e+00	
   -0.480131	   -0.908350	0.000000e+00	0.000000e+00	
   -0.480131	   -0.908350	0.000000e+00	0.000000e+00	
   -0.480131	   -0.908350	0.000000e+00	0.000000e+00	
   -0.480131	   -0.908350	0.000000e+00	0.000000e+00	
   -0.480131	   -0.908350	0.000000e+00	0.000000e+00	
   -0.480131	   -0.908350	0.000000e+00	0.000000e+00	
   -0.480131	   -0.908350	0.000000e+00	0.000000e+00	
   -0.480131	   -0.908350	0.000000e+00	0.000000e+00	
   -0.480131	   -0.908350	0.000000e+00	0.000000e+00	
   -0.480131	   -0.908350	0.000000e+00	0.000000e+00	
   -0.480131	   -0.908350	0.000000e+00	0.000000e+00	
   -0.480131	   -0.908350	0.000000e+00	0.000000e+00	
   -0.480131	   -0.908350	0.000000e+00	0.000000e+00	
   -0.480131	   -0.908350	0.000000e+00	0.000000e+00	
   -0.480131	   -0.908350	0.000000e+00	0.000000e+00	
   -0.480131	   -0.908350	0.000000e+00	0.000000e+00	


   -0.480131	   -0.908350	0.000000e+00	0.000000e+00	
   -0.480131	   -0.908350	0.000000e+00	0.000000e+00	
   -0.480131	   -0.908350	0.000000e+00	0.000000e+00	
   -0.480131	   -0.908350	0.000000e+00	0.000000e+00	
   -0.480131	   -0.908350	0.000000e+00	0.000000e+00	
   -0.480131	   -0.908350	0.000000e+00	0.000000e+00	
   -0.480131	   -0.908350	0.000000e+00	0.000000e+00	
   -0.480131	   -0.908350	0.000000e+00	0.000000e+00	
   -0.480131	   -0.908350	0.000000e+00	0.000000e+00	
   -0.480131	   -0.908350	0.000000e+00	0.000000e+00	
   -0.480131	   -0.908350	0.000000e+00	0.000000e+00	
   -0.480131	   -0.908350	0.000000e+00	0.000000e+00	
   -0.480131	   -0.908350	0.000000e+00	0.000000e+00	
   -0.480131	   -0.908350	0.000000e+00	0.000000e+00	
   -0.480131	   -0.908350	0.000000e+00	0.000000e+00	
   -0.480131	   -0.908350	0.000000e+00	0.000000e+00	
   -0.480131	   -0.908350	0.000000e+00	0.000000e+00	
   -0.480131	   -0.908350	0.000000e+00	0.000000e+00	
   -0.480131	   -0.908350	0.000000e+00	0.000000e+00	
   -0.480131	   -0.908350	0.000000e+00	0.000000e+00	
   -0.480131	   -0.908350	0.000000e+00	0.000000e+00	


