
    0.000000   -0.686889   -0.726762    0.000054    0.713600   -0.693462    0.000043
    0.000000   -0.686889   -0.726762    0.000054    0.711776   -0.728375    0.007676
    0.009992   -0.679743   -0.734004    0.000131    0.718600   -0.721082    0.007675
    0.019984   -0.672529   -0.741172    0.000207    0.725343   -0.713725    0.007673
    0.029976   -0.665248   -0.748267    0.000284    0.732007   -0.706307    0.007671
    0.039968   -0.657901   -0.755287    0.000361    0.738589   -0.698827    0.007667
    0.049960   -0.650488   -0.762232    0.000437    0.745089   -0.691287    0.007663
    0.059953   -0.643011   -0.769101    0.000514    0.751508   -0.683689    0.007659
    0.069945   -0.635470   -0.775895    0.000590    0.757844   -0.676032    0.007653
    0.079937   -0.627866   -0.782611    0.000667    0.764097   -0.668318    0.007647
    0.089929   -0.620201   -0.789250    0.000743    0.770266   -0.660548    0.007640
    0.099921   -0.612474   -0.795811    0.000819    0.776352   -0.652723    0.007632
    0.109913   -0.604686   -0.802294    0.000896    0.782352   -0.644844    0.007624
    0.119905   -0.596839   -0.808698    0.000972    0.788269   -0.636912    0.007615
    0.129897   -0.588934   -0.815022    0.001048    0.794099   -0.628928    0.007605
    0.139889   -0.580970   -0.821266    0.001124    0.799844   -0.620892    0.007594
    0.149881   -0.572950   -0.827430    0.001200    0.805503   -0.612807    0.007583
    0.159873   -0.564873   -0.833513    0.001275    0.811076   -0.604672    0.007571
    0.169865   -0.556741   -0.839514    0.001351    0.816562   -0.596490    0.007558
    0.179858   -0.548555   -0.845433    0.001426    0.821960   -0.588260    0.007544
    0.189850   -0.540315   -0.851269    0.001502    0.827271   -0.579984    0.007530
    0.199842   -0.532023   -0.857023    0.001577    0.832494   -0.571664    0.007515
    0.209834   -0.523679   -0.862693    0.001652    0.837629   -0.563299    0.007499
    0.219826   -0.515284   -0.868280    0.001727    0.842676   -0.554891    0.007483
    0.229818   -0.506839   -0.873782    0.001801    0.847634   -0.546441    0.007466
    0.239810   -0.498345   -0.879200    0.001876    0.852503   -0.537950    0.007448
    0.249802   -0.489803   -0.884533    0.001950    0.857282   -0.529419    0.007429
    0.259794   -0.481213   -0.889780    0.002024    0.861972   -0.520849    0.007410
    0.269786   -0.472577   -0.894941    0.002098    0.866573   -0.512241    0.007390
    0.279778   -0.463896   -0.900017    0.002172    0.871083   -0.503596    0.007370
    0.289770   -0.455170   -0.905005    0.002246    0.875503   -0.494915    0.007348
    0.299763   -0.446400   -0.909907    0.002319    0.879833   -0.486199    0.007327
    0.309755   -0.437587   -0.914721    0.002392    0.884072   -0.477450    0.007304
    0.319747   -0.428733   -0.919448    0.002465    0.888220   -0.468667    0.007281
    0.329739   -0.419837   -0.924087    0.002537    0.892277   -0.459852    0.007257
    0.339731   -0.410902   -0.928638    0.002610    0.896244   -0.451006    0.007232
    0.349723   -0.401927   -0.933100    0.002682    0.900119   -0.442131    0.007207
    0.359715   -0.392914   -0.937473    0.002754    0.903903   -0.433226    0.007181
    0.369707   -0.383863   -0.941758    0.002825    0.907595   -0.424293    0.007155
    0.379699   -0.374777   -0.945952    0.002897    0.911196   -0.415333    0.007127
    0.389691   -0.365654   -0.950058    0.002968    0.914705   -0.406348    0.007100
    0.399683   -0.356497   -0.954073    0.003039    0.918122   -0.397337    0.007071
    0.409675   -0.347307   -0.957998    0.003109    0.921448   -0.388302    0.007042
    0.419668   -0.338083   -0.961833    0.003179    0.924682   -0.379244    0.007012
    0.429660   -0.328828   -0.965577    0.003249    0.927823   -0.370164    0.006982
    0.439652   -0.319542   -0.969230    0.003319    0.930873   -0.361063    0.006951
    0.449644   -0.310226   -0.972792    0.003388    0.933831   -0.351942    0.006920
    0.459636   -0.300880   -0.976263    0.003457    0.936697   -0.342802    0.006888
    0.469628   -0.291507   -0.979643    0.003526    0.939471   -0.333643    0.006855
    0.479620   -0.282106   -0.982931    0.003594    0.942153   -0.324468    0.006822
    0.489612   -0.272679   -0.986127    0.003662    0.944743   -0.315275    0.006788
    0.499604   -0.263226   -0.989231    0.003730    0.947241   -0.306068    0.006753
    0.509596   -0.253749   -0.992243    0.003797    0.949647   -0.296846    0.006718
    0.519588   -0.244249   -0.995163    0.003864    0.951961   -0.287611    0.006683
    0.529580   -0.234726   -0.997991    0.003931    0.954183   -0.278363    0.006647
    0.539573   -0.225181   -1.000726    0.003997    0.956314   -0.269104    0.006610
    0.549565   -0.215615   -1.003369    0.004063    0.958353   -0.259834    0.006573
    0.559557   -0.206029   -1.005919    0.004128    0.960300   -0.250554    0.006535
    0.569549   -0.196424   -1.008376    0.004193    0.962156   -0.241265    0.006496
    0.579541   -0.186801   -1.010740    0.004258    0.963920   -0.231969    0.006457
    0.589533   -0.177161   -1.013012    0.004322    0.965593   -0.222666    0.006418
    0.599525   -0.167505   -1.015190    0.004386    0.967175   -0.213356    0.006378
    0.609517   -0.157834   -1.017275    0.004450    0.968666   -0.204041    0.006338
    0.619509   -0.148147   -1.019268    0.004513    0.970067   -0.194723    0.006297
    0.629501   -0.138448   -1.021167    0.004576    0.971376   -0.185400    0.006255
    0.639493   -0.128736   -1.022973    0.004638    0.972595   -0.176076    0.006213
    0.649485   -0.119012   -1.024685    0.004700    0.973723   -0.166749    0.006170
    0.659478   -0.109277   -1.026305    0.004761    0.974761   -0.157422    0.006127
    0.669470   -0.099532   -1.027831    0.004822    0.975709   -0.148095    0.006084
    0.679462   -0.089778   -1.029265    0.004883    0.976568   -0.138770    0.006040
    0.689454   -0.080017   -1.030605    0.004943    0.977336   -0.129446    0.005995
    0.699446   -0.070248   -1.031851    0.005003    0.978015   -0.120125    0.005950
    0.709438   -0.060472   -1.033005    0.005062    0.978605   -0.110807    0.005905
    0.719430   -0.050691   -1.034066    0.005121    0.979106   -0.101494    0.005859
    0.729422   -0.040906   -1.035033    0.005179    0.979518   -0.092186    0.005813
    0.739414   -0.031117   -1.035908    0.005237    0.979842   -0.082884    0.005766
    0.749406   -0.021325   -1.036690    0.005294    0.980077   -0.073589    0.005719
    0.759398   -0.011531   -1.037379    0.005351    0.980224   -0.064302    0.005671
    0.769390   -0.001736   -1.037975    0.005408    0.980283   -0.055024    0.005623
    0.779383    0.008059   -1.038478    0.005464    0.980255   -0.045755    0.005575
    0.789375    0.017853   -1.038889    0.005519    0.980140   -0.036496    0.005526
    0.799367    0.027646   -1.039208    0.005574    0.979937   -0.027248    0.005476
    0.809359    0.037436   -1.039434    0.005628    0.979648   -0.018012    0.005426
    0.819351    0.047223   -1.039568    0.005682    0.979272   -0.008788    0.005376
    0.829343    0.057006   -1.039610    0.005736    0.978811    0.000422    0.005326
    0.839335    0.066784   -1.039559    0.005789    0.978263    0.009618    0.005275
    0.849327    0.076555   -1.039417    0.005841    0.977630    0.018799    0.005223
    0.859319    0.086320   -1.039184    0.005893    0.976912    0.027964    0.005172
    0.869311    0.096078   -1.038859    0.005945    0.976109    0.037113    0.005120
    0.879303    0.105827   -1.038442    0.005996    0.975222    0.046245    0.005067
    0.889295    0.115567   -1.037935    0.006046    0.974250    0.055359    0.005014
    0.899288    0.125296   -1.037336    0.006096    0.973194    0.064455    0.004961
    0.909280    0.135015   -1.036646    0.006145    0.972055    0.073530    0.004907
    0.919272    0.144722   -1.035867    0.006194    0.970833    0.082586    0.004853
    0.929264    0.154416   -1.034996    0.006242    0.969528    0.091621    0.004799
    0.939256    0.164096   -1.034036    0.006290    0.968140    0.100635    0.004745
    0.949248    0.173763   -1.032985    0.006337    0.966670    0.109626    0.004690
    0.959240    0.183414   -1.031845    0.006383    0.965119    0.118594    0.004634
    0.969232    0.193050   -1.030615    0.006429    0.963486    0.127539    0.004579
    0.979224    0.202669   -1.029296    0.006475    0.961773    0.136459    0.004523
    0.989216    0.212270   -1.027888    0.006520    0.959979    0.145354    0.004467
    0.989216    0.212270   -1.027888    0.006520    0.959976    0.145348    0.004464
    0.999208    0.221853   -1.026392    0.006564    0.958102    0.154218    0.004407
    1.009200    0.231416   -1.024806    0.006608    0.956148    0.163061    0.004351
    1.019193    0.240960   -1.023133    0.006651    0.954114    0.171877    0.004294
    1.029185    0.250483   -1.021372    0.006694    0.952002    0.180666    0.004236
    1.039177    0.259985   -1.019523    0.006736    0.949811    0.189426    0.004179
    1.049169    0.269464   -1.017586    0.006777    0.947541    0.198157    0.004121
    1.059161    0.278920   -1.015563    0.006818    0.945194    0.206858    0.004062
    1.069153    0.288353   -1.013452    0.006858    0.942770    0.215529    0.004004
    1.079145    0.297761   -1.011256    0.006898    0.940269    0.224170    0.003945
    1.089137    0.307143   -1.008973    0.006937    0.937691    0.232779    0.003886
    1.099129    0.316499   -1.006604    0.006976    0.935038    0.241355    0.003827
    1.109121    0.325829   -1.004150    0.007014    0.932308    0.249899    0.003768
    1.119113    0.335131   -1.001610    0.007051    0.929504    0.258410    0.003708
    1.129105    0.344404   -0.998986    0.007088    0.926625    0.266887    0.003648
    1.139098    0.353648   -0.996277    0.007124    0.923671    0.275329    0.003588
    1.149090    0.362862   -0.993483    0.007160    0.920644    0.283736    0.003528
    1.159082    0.372046   -0.990607    0.007195    0.917543    0.292107    0.003467
    1.169074    0.381199   -0.987646    0.007229    0.914369    0.300443    0.003406
    1.179066    0.390319   -0.984603    0.007263    0.911123    0.308741    0.003345
    1.189058    0.399406   -0.981476    0.007296    0.907805    0.317002    0.003284
    1.199050    0.408460   -0.978268    0.007328    0.904415    0.325225    0.003223
    1.209042    0.417480   -0.974977    0.007360    0.900954    0.333410    0.003161
    1.219034    0.426465   -0.971605    0.007391    0.897422    0.341555    0.003100
    1.229026    0.435414   -0.968151    0.007422    0.893821    0.349661    0.003038
    1.239018    0.444327   -0.964617    0.007452    0.890149    0.357727    0.002976
    1.249010    0.453203   -0.961003    0.007482    0.886409    0.365752    0.002913
    1.259003    0.462041   -0.957308    0.007510    0.882599    0.373737    0.002851
    1.268995    0.470841   -0.953534    0.007538    0.878722    0.381679    0.002788
    1.278987    0.479601   -0.949681    0.007566    0.874777    0.389580    0.002726
    1.288979    0.488322   -0.945749    0.007593    0.870764    0.397437    0.002663
    1.298971    0.497002   -0.941738    0.007619    0.866684    0.405252    0.002600
    1.308963    0.505642   -0.937650    0.007645    0.862539    0.413023    0.002537
    1.318955    0.514239   -0.933485    0.007670    0.858327    0.420750    0.002473
    1.328947    0.522794   -0.929242    0.007694    0.854050    0.428432    0.002410
    1.338939    0.531307   -0.924923    0.007718    0.849708    0.436070    0.002347
    1.348931    0.539775   -0.920528    0.007741    0.845302    0.443661    0.002283
    1.358923    0.548199   -0.916057    0.007764    0.840832    0.451207    0.002219
    1.368915    0.556578   -0.911511    0.007786    0.836299    0.458707    0.002156
    1.378908    0.564911   -0.906890    0.007807    0.831702    0.466159    0.002092
    1.388900    0.573199   -0.902195    0.007827    0.827044    0.473564    0.002028
    1.398892    0.581439   -0.897427    0.007847    0.822323    0.480921    0.001964
    1.408884    0.589632   -0.892585    0.007867    0.817542    0.488230    0.001899
    1.418876    0.597777   -0.887670    0.007885    0.812699    0.495491    0.001835
    1.428868    0.605873   -0.882683    0.007903    0.807796    0.502702    0.001771
    1.438860    0.613920   -0.877624    0.007921    0.802833    0.509864    0.001706
    1.448852    0.621917   -0.872494    0.007937    0.797811    0.516976    0.001642
    1.458844    0.629863   -0.867293    0.007953    0.792730    0.524038    0.001577
    1.468836    0.637758   -0.862022    0.007969    0.787591    0.531049    0.001513
    1.478828    0.645602   -0.856680    0.007984    0.782394    0.538008    0.001448
    1.488820    0.653394   -0.851270    0.007998    0.777140    0.544917    0.001384
    1.498813    0.661133   -0.845791    0.008011    0.771829    0.551773    0.001319
    1.508805    0.668818   -0.840243    0.008024    0.766462    0.558577    0.001254
    1.518797    0.676449   -0.834628    0.008036    0.761039    0.565329    0.001190
    1.528789    0.684027   -0.828946    0.008048    0.755561    0.572027    0.001125
    1.538781    0.691549   -0.823197    0.008059    0.750028    0.578673    0.001060
    1.548773    0.699015   -0.817382    0.008069    0.744441    0.585264    0.000995
    1.558765    0.706425   -0.811501    0.008079    0.738801    0.591801    0.000930
    1.568757    0.713779   -0.805555    0.008088    0.733107    0.598284    0.000866
    1.578749    0.721076   -0.799545    0.008096    0.727361    0.604712    0.000801
    1.588741    0.728315   -0.793471    0.008104    0.721563    0.611085    0.000736
    1.598733    0.735495   -0.787333    0.008111    0.715713    0.617402    0.000671
    1.608725    0.742617   -0.781133    0.008117    0.709812    0.623664    0.000606
    1.618718    0.749680   -0.774870    0.008123    0.703861    0.629869    0.000542
    1.628710    0.756683   -0.768546    0.008128    0.697860    0.636018    0.000477
    1.638702    0.763626   -0.762160    0.008132    0.691809    0.642110    0.000412
    1.648694    0.770508   -0.755714    0.008136    0.685709    0.648145    0.000347
    1.658686    0.777329   -0.749208    0.008139    0.679561    0.654122    0.000283
    1.668678    0.784089   -0.742642    0.008142    0.673366    0.660042    0.000218
    1.678670    0.790786   -0.736017    0.008144    0.667122    0.665904    0.000154
    1.688662    0.797420   -0.729335    0.008145    0.660833    0.671707    0.000089
    1.698654    0.803992   -0.722594    0.008146    0.654496    0.677452    0.000025
    1.708646    0.810500   -0.715796    0.008145    0.648114    0.683138   -0.000040
    1.718638    0.816944   -0.708942    0.008145    0.641687    0.688765   -0.000104
    1.728630    0.823323   -0.702032    0.008143    0.635215    0.694332   -0.000168
    1.738623    0.829638   -0.695067    0.008141    0.628699    0.699839   -0.000232
    1.748615    0.835887   -0.688047    0.008139    0.622140    0.705287   -0.000297
    1.758607    0.842071   -0.680972    0.008135    0.615537    0.710674   -0.000361
    1.768599    0.848188   -0.673845    0.008132    0.608891    0.716000   -0.000425
    1.778591    0.854239   -0.666664    0.008127    0.602204    0.721266   -0.000488
    1.788583    0.860222   -0.659431    0.008122    0.595475    0.726471   -0.000552
    1.798575    0.866139   -0.652146    0.008116    0.588705    0.731614   -0.000616
    1.808567    0.871987   -0.644811    0.008109    0.581895    0.736696   -0.000679
    1.818559    0.877767   -0.637424    0.008102    0.575045    0.741716   -0.000743
    1.828551    0.883479   -0.629988    0.008095    0.568155    0.746673   -0.000806
    1.838543    0.889121   -0.622503    0.008086    0.561227    0.751569   -0.000870
    1.848535    0.894694   -0.614969    0.008077    0.554260    0.756402   -0.000933
    1.858528    0.900198   -0.607387    0.008068    0.547256    0.761172   -0.000996
    1.868520    0.905631   -0.599758    0.008057    0.540214    0.765879   -0.001059
    1.878512    0.910993   -0.592082    0.008046    0.533136    0.770523   -0.001121
    1.888504    0.916285   -0.584360    0.008035    0.526021    0.775104   -0.001184
    1.898496    0.921505   -0.576592    0.008023    0.518871    0.779621   -0.001246
    1.908488    0.926654   -0.568780    0.008010    0.511685    0.784074   -0.001309
    1.918480    0.931731   -0.560923    0.007997    0.504465    0.788463   -0.001371
    1.928472    0.936735   -0.553023    0.007983    0.497211    0.792788   -0.001433
    1.938464    0.941667   -0.545080    0.007968    0.489923    0.797048   -0.001495
    1.948456    0.946526   -0.537095    0.007953    0.482603    0.801244   -0.001557
    1.958448    0.951311   -0.529068    0.007937    0.475250    0.805374   -0.001618
    1.968440    0.956023   -0.521001    0.007920    0.467865    0.809440   -0.001680
    1.978433    0.960661   -0.512893    0.007903    0.460448    0.813441   -0.001741
    1.978433    0.960661   -0.512893    0.007903    0.460340    0.813340   -0.001701
    1.988425    0.965224   -0.504746    0.007886    0.452893    0.817275   -0.001762
    1.998417    0.969712   -0.496560    0.007868    0.445415    0.821144   -0.001823
    2.008409    0.974125   -0.488336    0.007850    0.437908    0.824948   -0.001884
    2.018401    0.978463   -0.480075    0.007830    0.430371    0.828686   -0.001944
    2.028393    0.982725   -0.471776    0.007811    0.422806    0.832358   -0.002005
    2.038385    0.986912   -0.463441    0.007790    0.415212    0.835964   -0.002065
    2.048377    0.991023   -0.455070    0.007769    0.407590    0.839503   -0.002125
    2.058369    0.995057   -0.446664    0.007748    0.399942    0.842976   -0.002185
    2.068361    0.999015   -0.438224    0.007726    0.392267    0.846382   -0.002244
    2.078353    1.002896   -0.429750    0.007703    0.384565    0.849721   -0.002303
    2.088345    1.006700   -0.421243    0.007680    0.376838    0.852993   -0.002363
    2.098338    1.010427   -0.412704    0.007656    0.369086    0.856198   -0.002422
    2.108330    1.014076   -0.404133    0.007631    0.361310    0.859335   -0.002480
    2.118322    1.017647   -0.395531    0.007606    0.353509    0.862406   -0.002539
    2.128314    1.021141   -0.386899    0.007581    0.345685    0.865408   -0.002597
    2.138306    1.024556   -0.378237    0.007554    0.337838    0.868343   -0.002655
    2.148298    1.027892   -0.369546    0.007528    0.329969    0.871210   -0.002713
    2.158290    1.031150   -0.360827    0.007500    0.322078    0.874009   -0.002771
    2.168282    1.034328   -0.352080    0.007472    0.314165    0.876740   -0.002828
    2.178274    1.037428   -0.343306    0.007444    0.306232    0.879403   -0.002885
    2.188266    1.040448   -0.334506    0.007415    0.298279    0.881998   -0.002942
    2.198258    1.043389   -0.325680    0.007385    0.290305    0.884524   -0.002999
    2.208250    1.046250   -0.316830    0.007355    0.282313    0.886981   -0.003055
    2.218243    1.049030   -0.307955    0.007324    0.274301    0.889370   -0.003111
    2.228235    1.051731   -0.299057    0.007292    0.266272    0.891690   -0.003167
    2.238227    1.054352   -0.290136    0.007261    0.258225    0.893941   -0.003222
    2.248219    1.056892   -0.281192    0.007228    0.250161    0.896124   -0.003278
    2.258211    1.059351   -0.272228    0.007195    0.242080    0.898237   -0.003333
    2.268203    1.061729   -0.263242    0.007161    0.233983    0.900281   -0.003388
    2.278195    1.064027   -0.254236    0.007127    0.225871    0.902256   -0.003442
    2.288187    1.066243   -0.245211    0.007093    0.217743    0.904161   -0.003496
    2.298179    1.068378   -0.236168    0.007057    0.209601    0.905997   -0.003550
    2.308171    1.070432   -0.227106    0.007022    0.201446    0.907764   -0.003604
    2.318163    1.072404   -0.218027    0.006985    0.193276    0.909461   -0.003658
    2.328155    1.074294   -0.208931    0.006949    0.185094    0.911088   -0.003711
    2.338148    1.076103   -0.199820    0.006911    0.176900    0.912646   -0.003763
    2.348140    1.077829   -0.190693    0.006873    0.168693    0.914134   -0.003816
    2.358132    1.079474   -0.181552    0.006835    0.160476    0.915552   -0.003868
    2.368124    1.081036   -0.172397    0.006796    0.152247    0.916900   -0.003920
    2.378116    1.082516   -0.163229    0.006757    0.144009    0.918178   -0.003972
    2.388108    1.083914   -0.154048    0.006717    0.135760    0.919386   -0.004023
    2.398100    1.085229   -0.144856    0.006676    0.127503    0.920524   -0.004074
    2.408092    1.086462   -0.135652    0.006635    0.119237    0.921591   -0.004125
    2.418084    1.087612   -0.126439    0.006594    0.110962    0.922589   -0.004175
    2.428076    1.088680   -0.117216    0.006552    0.102680    0.923516   -0.004225
    2.438068    1.089664   -0.107983    0.006509    0.094391    0.924373   -0.004275
    2.448060    1.090566   -0.098743    0.006467    0.086096    0.925160   -0.004324
    2.458053    1.091385   -0.089495    0.006423    0.077794    0.925876   -0.004373
    2.468045    1.092120   -0.080240    0.006379    0.069487    0.926521   -0.004422
    2.478037    1.092773   -0.070979    0.006335    0.061175    0.927097   -0.004470
    2.488029    1.093343   -0.061713    0.006290    0.052858    0.927602   -0.004518
    2.498021    1.093830   -0.052442    0.006244    0.044538    0.928036   -0.004566
    2.508013    1.094233   -0.043167    0.006199    0.036214    0.928400   -0.004613
    2.518005    1.094553   -0.033889    0.006152    0.027887    0.928693   -0.004660
    2.527997    1.094790   -0.024609    0.006105    0.019558    0.928915   -0.004707
    2.537989    1.094944   -0.015326    0.006058    0.011227    0.929067   -0.004753
    2.547981    1.095015   -0.006042    0.006010    0.002895    0.929148   -0.004799
    2.557973    1.095002    0.003242    0.005962   -0.005438    0.929159   -0.004845
    2.567965    1.094906    0.012526    0.005914   -0.013771    0.929099   -0.004890
    2.577958    1.094727    0.021809    0.005865   -0.022103    0.928968   -0.004935
    2.587950    1.094464    0.031090    0.005815   -0.030435    0.928767   -0.004979
    2.597942    1.094119    0.040370    0.005765   -0.038766    0.928495   -0.005023
    2.607934    1.093690    0.049645    0.005715   -0.047094    0.928152   -0.005067
    2.617926    1.093177    0.058918    0.005664   -0.055420    0.927739   -0.005110
    2.627918    1.092582    0.068185    0.005612   -0.063743    0.927255   -0.005153
    2.637910    1.091904    0.077448    0.005561   -0.072063    0.926700   -0.005196
    2.647902    1.091142    0.086704    0.005509   -0.080378    0.926075   -0.005238
    2.657894    1.090297    0.095954    0.005456   -0.088689    0.925379   -0.005280
    2.667886    1.089370    0.105197    0.005403   -0.096995    0.924613   -0.005321
    2.677878    1.088359    0.114432    0.005350   -0.105295    0.923776   -0.005362
    2.687870    1.087265    0.123658    0.005296   -0.113590    0.922868   -0.005403
    2.697863    1.086089    0.132874    0.005242   -0.121877    0.921890   -0.005443
    2.707855    1.084830    0.142081    0.005187   -0.130157    0.920841   -0.005483
    2.717847    1.083488    0.151276    0.005132   -0.138429    0.919722   -0.005522
    2.727839    1.082063    0.160460    0.005077   -0.146694    0.918532   -0.005561
    2.737831    1.080556    0.169632    0.005021   -0.154949    0.917272   -0.005599
    2.747823    1.078967    0.178791    0.004965   -0.163195    0.915942   -0.005638
    2.757815    1.077295    0.187936    0.004908   -0.171431    0.914541   -0.005675
    2.767807    1.075541    0.197067    0.004852   -0.179656    0.913070   -0.005713
    2.777799    1.073705    0.206183    0.004794   -0.187871    0.911529   -0.005749
    2.787791    1.071787    0.215283    0.004737   -0.196074    0.909917   -0.005786
    2.797783    1.069787    0.224367    0.004679   -0.204265    0.908236   -0.005822
    2.807775    1.067705    0.233433    0.004620   -0.212443    0.906484   -0.005857
    2.817768    1.065541    0.242482    0.004562   -0.220608    0.904663   -0.005893
    2.827760    1.063296    0.251512    0.004503   -0.228760    0.902771   -0.005927
    2.837752    1.060970    0.260523    0.004443   -0.236897    0.900810   -0.005962
    2.847744    1.058562    0.269514    0.004383   -0.245020    0.898778   -0.005995
    2.857736    1.056073    0.278484    0.004323   -0.253128    0.896677   -0.006029
    2.867728    1.053503    0.287433    0.004263   -0.261219    0.894507   -0.006062
    2.877720    1.050853    0.296360    0.004202   -0.269294    0.892266   -0.006094
    2.887712    1.048122    0.305264    0.004141   -0.277353    0.889957   -0.006126
    2.897704    1.045310    0.314144    0.004080   -0.285394    0.887577   -0.006158
    2.907696    1.042419    0.323001    0.004018   -0.293417    0.885129   -0.006189
    2.917688    1.039447    0.331833    0.003956   -0.301421    0.882611   -0.006220
    2.927680    1.036395    0.340639    0.003894   -0.309407    0.880024   -0.006250
    2.937673    1.033264    0.349419    0.003831   -0.317373    0.877368   -0.006280
    2.947665    1.030053    0.358172    0.003768   -0.325318    0.874643   -0.006309
    2.957657    1.026762    0.366898    0.003705   -0.333243    0.871850   -0.006338
    2.967649    1.023393    0.375595    0.003642   -0.341147    0.868987   -0.006366
    2.967649    1.023393    0.375595    0.003642   -0.459519    0.817759    0.009868
    2.977641    1.018762    0.383752    0.003740   -0.467411    0.814825    0.009840
    2.987633    1.014052    0.391878    0.003838   -0.475299    0.811815    0.009810
    2.997625    1.009264    0.399975    0.003936   -0.483183    0.808729    0.009780
    3.007617    1.004396    0.408040    0.004034   -0.491062    0.805568    0.009749
    3.017609    0.999450    0.416073    0.004131   -0.498935    0.802330    0.009717
    3.027601    0.994425    0.424074    0.004228   -0.506802    0.799015    0.009684
    3.037593    0.989322    0.432041    0.004325   -0.514663    0.795622    0.009650
    3.047585    0.984140    0.439973    0.004421   -0.522516    0.792152    0.009615
    3.057578    0.978880    0.447871    0.004517   -0.530362    0.788604    0.009579
    3.067570    0.973542    0.455733    0.004612   -0.538198    0.784977    0.009543
    3.077562    0.968125    0.463558    0.004707   -0.546025    0.781271    0.009505
    3.087554    0.962630    0.471345    0.004802   -0.553841    0.777486    0.009466
    3.097546    0.957057    0.479095    0.004897   -0.561647    0.773622    0.009427
    3.107538    0.951406    0.486805    0.004991   -0.569441    0.769677    0.009387
    3.117530    0.945677    0.494476    0.005084   -0.577223    0.765652    0.009345
    3.127522    0.939871    0.502106    0.005177   -0.584991    0.761546    0.009303
    3.137514    0.933986    0.509694    0.005270   -0.592745    0.757359    0.009260
    3.147506    0.928025    0.517241    0.005362   -0.600485    0.753090    0.009216
    3.157498    0.921986    0.524744    0.005454   -0.608209    0.748740    0.009170
    3.167490    0.915871    0.532204    0.005546   -0.615917    0.744307    0.009124
    3.177483    0.909678    0.539618    0.005637   -0.623607    0.739792    0.009077
    3.187475    0.903408    0.546987    0.005727   -0.631280    0.735194    0.009029
    3.197467    0.897062    0.554310    0.005817   -0.638933    0.730512    0.008980
    3.207459    0.890640    0.561586    0.005906   -0.646567    0.725747    0.008930
    3.217451    0.884141    0.568813    0.005995   -0.654181    0.720898    0.008879
    3.227443    0.877567    0.575992    0.006084   -0.661772    0.715964    0.008827
    3.237435    0.870916    0.583121    0.006172   -0.669342    0.710947    0.008774
    3.247427    0.864190    0.590199    0.006259   -0.676888    0.705844    0.008720
    3.257419    0.857389    0.597226    0.006346   -0.684409    0.700656    0.008665
    3.267411    0.850513    0.604201    0.006432   -0.691906    0.695382    0.008609
    3.277403    0.843562    0.611123    0.006518   -0.699376    0.690023    0.008552
    3.287395    0.836537    0.617990    0.006603   -0.706819    0.684578    0.008493
    3.297388    0.829437    0.624803    0.006688   -0.714235    0.679046    0.008434
    3.307380    0.822264    0.631560    0.006772   -0.721621    0.673428    0.008374
    3.317372    0.815016    0.638261    0.006855   -0.728976    0.667723    0.008313
    3.327364    0.807696    0.644904    0.006938   -0.736301    0.661931    0.008251
    3.337356    0.800302    0.651489    0.007020   -0.743594    0.656051    0.008187
    3.347348    0.792836    0.658014    0.007102   -0.750853    0.650084    0.008123
    3.357340    0.785297    0.664480    0.007182   -0.758078    0.644029    0.008058
    3.367332    0.777686    0.670884    0.007263   -0.765268    0.637887    0.007991
    3.377324    0.770004    0.677227    0.007342   -0.772421    0.631656    0.007924
    3.387316    0.762250    0.683507    0.007421   -0.779537    0.625336    0.007855
    3.397308    0.754426    0.689724    0.007499   -0.786614    0.618929    0.007785
    3.407300    0.746530    0.695876    0.007576   -0.793651    0.612432    0.007715
    3.417293    0.738565    0.701962    0.007653   -0.800648    0.605847    0.007643
    3.427285    0.730530    0.707983    0.007729   -0.807602    0.599173    0.007570
    3.437277    0.722426    0.713936    0.007804   -0.814513    0.592410    0.007496
    3.447269    0.714253    0.719821    0.007879   -0.821379    0.585557    0.007421
    3.457261    0.706012    0.725637    0.007953   -0.828200    0.578616    0.007345
    3.467253    0.697702    0.731384    0.008026   -0.834973    0.571585    0.007268
    3.477245    0.689326    0.737060    0.008098   -0.841699    0.564464    0.007190
    3.487237    0.680882    0.742664    0.008169   -0.848375    0.557254    0.007111
    3.497229    0.672372    0.748196    0.008240   -0.855000    0.549955    0.007030
    3.507221    0.663796    0.753654    0.008310   -0.861574    0.542566    0.006949
    3.517213    0.655154    0.759038    0.008379   -0.868094    0.535088    0.006866
    3.527205    0.646448    0.764347    0.008447   -0.874560    0.527520    0.006783
    3.537198    0.637677    0.769580    0.008515   -0.880970    0.519863    0.006698
    3.547190    0.628842    0.774736    0.008581   -0.887323    0.512117    0.006612
    3.557182    0.619945    0.779814    0.008647   -0.893618    0.504281    0.006526
    3.567174    0.610984    0.784813    0.008711   -0.899852    0.496357    0.006438
    3.577166    0.601962    0.789733    0.008775   -0.906026    0.488343    0.006349
    3.587158    0.592878    0.794572    0.008838   -0.912137    0.480240    0.006259
    3.597150    0.583734    0.799330    0.008900   -0.918183    0.472048    0.006167
    3.607142    0.574530    0.804005    0.008962   -0.924165    0.463768    0.006075
    3.617134    0.565266    0.808598    0.009022   -0.930080    0.455400    0.005982
    3.627126    0.555943    0.813106    0.009081   -0.935926    0.446943    0.005887
    3.637118    0.546562    0.817529    0.009139   -0.941703    0.438399    0.005792
    3.647110    0.537124    0.821867    0.009197   -0.947409    0.429767    0.005695
    3.657103    0.527629    0.826117    0.009253   -0.953043    0.421047    0.005598
    3.667095    0.518078    0.830280    0.009309   -0.958602    0.412241    0.005499
    3.677087    0.508473    0.834355    0.009363   -0.964086    0.403348    0.005399
    3.687079    0.498812    0.838341    0.009417   -0.969494    0.394369    0.005299
    3.697071    0.489098    0.842236    0.009469   -0.974822    0.385304    0.005197
    3.707063    0.479331    0.846040    0.009520   -0.980071    0.376153    0.005094
    3.717055    0.469513    0.849753    0.009571   -0.985239    0.366918    0.004990
    3.727047    0.459643    0.853373    0.009620   -0.990323    0.357598    0.004885
    3.737039    0.449722    0.856899    0.009668   -0.995323    0.348194    0.004779
    3.747031    0.439752    0.860331    0.009716   -1.000238    0.338706    0.004672
    3.757023    0.429734    0.863667    0.009762   -1.005064    0.329136    0.004564
    3.767015    0.419667    0.866908    0.009807   -1.009802    0.319483    0.004454
    3.777008    0.409554    0.870052    0.009851   -1.014449    0.309749    0.004344
    3.787000    0.399394    0.873098    0.009894   -1.019004    0.299933    0.004233
    3.796992    0.389190    0.876045    0.009935   -1.023465    0.290038    0.004121
    3.806984    0.378942    0.878894    0.009976   -1.027831    0.280063    0.004008
    3.816976    0.368650    0.881642    0.010016   -1.032101    0.270008    0.003893
    3.826968    0.358316    0.884289    0.010054   -1.036272    0.259876    0.003778
    3.836960    0.347941    0.886835    0.010091   -1.040343    0.249667    0.003662
    3.846952    0.337526    0.889279    0.010127   -1.044312    0.239381    0.003545
    3.856944    0.327072    0.891619    0.010162   -1.048179    0.229020    0.003427
    3.866936    0.316580    0.893855    0.010195   -1.051941    0.218584    0.003308
    3.876928    0.306050    0.895987    0.010228   -1.055597    0.208075    0.003188
    3.886920    0.295485    0.898013    0.010259   -1.059145    0.197492    0.003067
    3.896913    0.284884    0.899933    0.010289   -1.062584    0.186839    0.002946
    3.906905    0.274250    0.901747    0.010318   -1.065912    0.176114    0.002823
    3.916897    0.263583    0.903452    0.010346   -1.069128    0.165321    0.002699
    3.926889    0.252885    0.905050    0.010372   -1.072230    0.154459    0.002575
    3.936881    0.242156    0.906539    0.010397   -1.075216    0.143530    0.002450
    3.946873    0.231398    0.907918    0.010421   -1.078086    0.132534    0.002323
    3.956865    0.220612    0.909187    0.010444   -1.080837    0.121475    0.002196
    3.956865    0.220612    0.909187    0.010444   -1.080837    0.121475    0.002196

    0.000000    0.220612    0.909187    0.010444   -1.080837    0.121475    0.002196
    3.956865    0.220612    0.909187    0.010444   -1.080837    0.121475    0.002196
    3.962549    0.214465    0.909860    0.010456   -1.082348    0.115155    0.002124
    3.968232    0.208309    0.910496    0.010468   -1.083821    0.108816    0.002051
    3.973916    0.202144    0.911097    0.010479   -1.085254    0.102456    0.001978
    3.979600    0.195972    0.911661    0.010490   -1.086647    0.096076    0.001904
    3.985283    0.189792    0.912189    0.010501   -1.088001    0.089677    0.001831
    3.990967    0.183605    0.912680    0.010511   -1.089314    0.083259    0.001757
    3.996651    0.177410    0.913135    0.010521   -1.090587    0.076822    0.001683
    4.002334    0.171208    0.913554    0.010530   -1.091819    0.070366    0.001608
    4.008018    0.164999    0.913935    0.010539   -1.093010    0.063891    0.001534
    4.013702    0.158783    0.914280    0.010548   -1.094160    0.057399    0.001459
    4.019385    0.152561    0.914587    0.010556   -1.095268    0.050888    0.001384
    4.025069    0.146333    0.914858    0.010563   -1.096335    0.044360    0.001308
    4.030753    0.140099    0.915092    0.010570   -1.097359    0.037814    0.001233
    4.036436    0.133859    0.915288    0.010577   -1.098342    0.031251    0.001157
    4.042120    0.127614    0.915447    0.010584   -1.099281    0.024672    0.001081
    4.047804    0.121363    0.915568    0.010590   -1.100178    0.018076    0.001005
    4.053487    0.115108    0.915652    0.010595   -1.101032    0.011464    0.000928
    4.059171    0.108848    0.915699    0.010600   -1.101842    0.004836    0.000851
    4.064855    0.102583    0.915707    0.010605   -1.102609   -0.001808    0.000775
    4.070538    0.096314    0.915678    0.010609   -1.103333   -0.008467    0.000697
    4.076222    0.090041    0.915611    0.010613   -1.104012   -0.015140    0.000620
    4.081906    0.083764    0.915506    0.010616   -1.104647   -0.021829    0.000543
    4.087589    0.077484    0.915363    0.010619   -1.105237   -0.028532    0.000465
    4.093273    0.071201    0.915182    0.010621   -1.105782   -0.035248    0.000387
    4.098957    0.064914    0.914962    0.010623   -1.106283   -0.041978    0.000309
    4.104640    0.058625    0.914704    0.010625   -1.106738   -0.048722    0.000230
    4.110324    0.052334    0.914408    0.010626   -1.107148   -0.055478    0.000152
    4.116008    0.046040    0.914074    0.010626   -1.107512   -0.062248    0.000073
    4.121691    0.039744    0.913701    0.010627   -1.107831   -0.069029   -0.000006
    4.127375    0.033447    0.913289    0.010626   -1.108103   -0.075822   -0.000085
    4.133059    0.027148    0.912839    0.010626   -1.108329   -0.082627   -0.000164
    4.138742    0.020849    0.912350    0.010625   -1.108508   -0.089443   -0.000243
    4.144426    0.014548    0.911822    0.010623   -1.108640   -0.096270   -0.000323
    4.150110    0.008246    0.911255    0.010621   -1.108726   -0.103107   -0.000402
    4.155793    0.001945    0.910650    0.010618   -1.108764   -0.109954   -0.000482
    4.161477   -0.004357    0.910006    0.010615   -1.108755   -0.116811   -0.000562
    4.167161   -0.010659    0.909322    0.010612   -1.108698   -0.123678   -0.000642
    4.172844   -0.016960    0.908600    0.010608   -1.108594   -0.130553   -0.000723
    4.178528   -0.023261    0.907838    0.010604   -1.108441   -0.137437   -0.000803
    4.184212   -0.029560    0.907037    0.010599   -1.108241   -0.144329   -0.000883
    4.189895   -0.035858    0.906197    0.010594   -1.107992   -0.151229   -0.000964
    4.195579   -0.042155    0.905318    0.010588   -1.107694   -0.158136   -0.001045
    4.201263   -0.048450    0.904400    0.010582   -1.107348   -0.165050   -0.001126
    4.206946   -0.054742    0.903442    0.010575   -1.106953   -0.171971   -0.001207
    4.212630   -0.061033    0.902445    0.010568   -1.106509   -0.178898   -0.001288
    4.218314   -0.067320    0.901408    0.010561   -1.106016   -0.185831   -0.001369
    4.223997   -0.073605    0.900333    0.010553   -1.105473   -0.192769   -0.001450
    4.229681   -0.079886    0.899217    0.010544   -1.104881   -0.199712   -0.001532
    4.235365   -0.086164    0.898062    0.010535   -1.104239   -0.206659   -0.001613
    4.241048   -0.092439    0.896868    0.010526   -1.103547   -0.213611   -0.001695
    4.246732   -0.098709    0.895634    0.010516   -1.102806   -0.220566   -0.001776
    4.252416   -0.104975    0.894361    0.010506   -1.102014   -0.227524   -0.001858
    4.258099   -0.111236    0.893048    0.010495   -1.101172   -0.234485   -0.001940
    4.263783   -0.117492    0.891695    0.010484   -1.100279   -0.241449   -0.002022
    4.269467   -0.123743    0.890303    0.010472   -1.099336   -0.248414   -0.002104
    4.275150   -0.129988    0.888871    0.010460   -1.098343   -0.255381   -0.002186
    4.280834   -0.136228    0.887400    0.010447   -1.097298   -0.262349   -0.002268
    4.286518   -0.142461    0.885889    0.010434   -1.096203   -0.269318   -0.002350
    4.292201   -0.148689    0.884339    0.010420   -1.095057   -0.276286   -0.002432
    4.297885   -0.154909    0.882749    0.010406   -1.093860   -0.283255   -0.002514
    4.303569   -0.161123    0.881119    0.010392   -1.092612   -0.290222   -0.002596
    4.309252   -0.167329    0.879450    0.010377   -1.091312   -0.297189   -0.002678
    4.314936   -0.173528    0.877741    0.010361   -1.089961   -0.304153   -0.002760
    4.320620   -0.179719    0.875992    0.010345   -1.088558   -0.311116   -0.002843
    4.326303   -0.185902    0.874204    0.010329   -1.087105   -0.318075   -0.002925
    4.331987   -0.192076    0.872376    0.010312   -1.085599   -0.325032   -0.003007
    4.337671   -0.198242    0.870509    0.010295   -1.084042   -0.331985   -0.003089
    4.343354   -0.204399    0.868603    0.010277   -1.082433   -0.338934   -0.003172
    4.349038   -0.210546    0.866657    0.010259   -1.080772   -0.345879   -0.003254
    4.354722   -0.216684    0.864671    0.010240   -1.079060   -0.352818   -0.003336
    4.360405   -0.222812    0.862646    0.010221   -1.077296   -0.359752   -0.003418
    4.366089   -0.228930    0.860582    0.010201   -1.075479   -0.366680   -0.003500
    4.371773   -0.235038    0.858478    0.010181   -1.073611   -0.373602   -0.003582
    4.377456   -0.241134    0.856335    0.010160   -1.071691   -0.380517   -0.003664
    4.383140   -0.247220    0.854152    0.010139   -1.069719   -0.387424   -0.003746
    4.388824   -0.253294    0.851931    0.010118   -1.067695   -0.394323   -0.003828
    4.394507   -0.259357    0.849670    0.010096   -1.065619   -0.401215   -0.003910
    4.400191   -0.265407    0.847370    0.010073   -1.063491   -0.408097   -0.003992
    4.405875   -0.271446    0.845031    0.010050   -1.061311   -0.414969   -0.004073
    4.411558   -0.277471    0.842653    0.010027   -1.059078   -0.421832   -0.004155
    4.417242   -0.283484    0.840236    0.010003   -1.056794   -0.428685   -0.004237
    4.422926   -0.289484    0.837780    0.009979   -1.054458   -0.435527   -0.004318
    4.428609   -0.295471    0.835285    0.009954   -1.052070   -0.442357   -0.004400
    4.434293   -0.301443    0.832752    0.009929   -1.049630   -0.449176   -0.004481
    4.439977   -0.307402    0.830179    0.009903   -1.047138   -0.455982   -0.004562
    4.445660   -0.313346    0.827568    0.009877   -1.044594   -0.462775   -0.004643
    4.451344   -0.319276    0.824919    0.009850   -1.041999   -0.469555   -0.004724
    4.457028   -0.325191    0.822231    0.009823   -1.039351   -0.476321   -0.004805
    4.462711   -0.331091    0.819504    0.009796   -1.036652   -0.483073   -0.004885
    4.468395   -0.336975    0.816740    0.009768   -1.033902   -0.489810   -0.004966
    4.474079   -0.342843    0.813937    0.009739   -1.031099   -0.496532   -0.005046
    4.479762   -0.348696    0.811095    0.009710   -1.028246   -0.503238   -0.005127
    4.485446   -0.354532    0.808216    0.009681   -1.025341   -0.509927   -0.005207
    4.491130   -0.360351    0.805299    0.009651   -1.022384   -0.516600   -0.005287
    4.496813   -0.366153    0.802344    0.009621   -1.019377   -0.523255   -0.005367
    4.502497   -0.371938    0.799351    0.009590   -1.016318   -0.529892   -0.005446
    4.508181   -0.377706    0.796320    0.009559   -1.013208   -0.536512   -0.005526
    4.513864   -0.383456    0.793252    0.009527   -1.010048   -0.543112   -0.005605
    4.519548   -0.389187    0.790147    0.009495   -1.006837   -0.549693   -0.005684
    4.519548   -0.389187    0.790147    0.009495   -1.065259   -0.564295   -0.007243
    4.525232   -0.395233    0.786921    0.009454   -1.061997   -0.570855   -0.007321
    4.530915   -0.401259    0.783658    0.009412   -1.058681   -0.577392   -0.007400
    4.536599   -0.407267    0.780357    0.009370   -1.055314   -0.583906   -0.007478
    4.542283   -0.413255    0.777020    0.009327   -1.051895   -0.590396   -0.007556
    4.547966   -0.419224    0.773646    0.009284   -1.048424   -0.596861   -0.007634
    4.553650   -0.425173    0.770236    0.009240   -1.044901   -0.603302   -0.007711
    4.559334   -0.431102    0.766788    0.009196   -1.041328   -0.609716   -0.007788
    4.565017   -0.437010    0.763305    0.009152   -1.037703   -0.616104   -0.007865
    4.570701   -0.442898    0.759785    0.009107   -1.034028   -0.622466   -0.007941
    4.576385   -0.448764    0.756229    0.009062   -1.030303   -0.628800   -0.008017
    4.582068   -0.454609    0.752637    0.009016   -1.026528   -0.635105   -0.008092
    4.587752   -0.460433    0.749010    0.008970   -1.022703   -0.641383   -0.008167
    4.593435   -0.466235    0.745346    0.008923   -1.018828   -0.647631   -0.008242
    4.599119   -0.472014    0.741648    0.008876   -1.014904   -0.653849   -0.008317
    4.604803   -0.477771    0.737914    0.008828   -1.010932   -0.660037   -0.008391
    4.610486   -0.483506    0.734145    0.008780   -1.006911   -0.666195   -0.008464
    4.616170   -0.489217    0.730341    0.008732   -1.002842   -0.672321   -0.008538
    4.621854   -0.494905    0.726503    0.008683   -0.998726   -0.678415   -0.008611
    4.627537   -0.500570    0.722629    0.008634   -0.994562   -0.684476   -0.008683
    4.633221   -0.506211    0.718722    0.008585   -0.990351   -0.690505   -0.008755
    4.638905   -0.511827    0.714780    0.008535   -0.986093   -0.696500   -0.008827
    4.644588   -0.517420    0.710805    0.008484   -0.981789   -0.702461   -0.008898
    4.650272   -0.522988    0.706795    0.008434   -0.977440   -0.708388   -0.008968
    4.655956   -0.528531    0.702752    0.008382   -0.973044   -0.714279   -0.009039
    4.661639   -0.534048    0.698676    0.008331   -0.968604   -0.720135   -0.009109
    4.667323   -0.539541    0.694566    0.008279   -0.964120   -0.725956   -0.009178
    4.673007   -0.545008    0.690424    0.008227   -0.959591   -0.731739   -0.009247
    4.678690   -0.550449    0.686248    0.008174   -0.955018   -0.737486   -0.009315
    4.684374   -0.555864    0.682041    0.008121   -0.950402   -0.743195   -0.009383
    4.690058   -0.561252    0.677800    0.008067   -0.945743   -0.748866   -0.009451
    4.695741   -0.566614    0.673528    0.008013   -0.941041   -0.754499   -0.009518
    4.701425   -0.571949    0.669224    0.007959   -0.936298   -0.760093   -0.009584
    4.707109   -0.577257    0.664888    0.007904   -0.931513   -0.765648   -0.009650
    4.712792   -0.582538    0.660521    0.007849   -0.926687   -0.771163   -0.009716
    4.718476   -0.587791    0.656122    0.007794   -0.921821   -0.776638   -0.009781
    4.724160   -0.593017    0.651692    0.007738   -0.916914   -0.782072   -0.009846
    4.729843   -0.598214    0.647232    0.007682   -0.911968   -0.787466   -0.009910
    4.735527   -0.603383    0.642741    0.007625   -0.906982   -0.792818   -0.009973
    4.741211   -0.608524    0.638220    0.007569   -0.901958   -0.798128   -0.010036
    4.746894   -0.613636    0.633669    0.007511   -0.896896   -0.803396   -0.010099
    4.752578   -0.618719    0.629087    0.007454   -0.891797   -0.808622   -0.010161
    4.758262   -0.623773    0.624477    0.007396   -0.886660   -0.813804   -0.010222
    4.763945   -0.628798    0.619837    0.007338   -0.881486   -0.818944   -0.010283
    4.769629   -0.633793    0.615168    0.007279   -0.876277   -0.824039   -0.010343
    4.775313   -0.638759    0.610470    0.007220   -0.871032   -0.829091   -0.010403
    4.780996   -0.643695    0.605743    0.007161   -0.865751   -0.834099   -0.010462
    4.786680   -0.648600    0.600988    0.007101   -0.860437   -0.839061   -0.010521
    4.792364   -0.653475    0.596205    0.007041   -0.855088   -0.843979   -0.010579
    4.798047   -0.658320    0.591395    0.006981   -0.849706   -0.848851   -0.010636
    4.803731   -0.663134    0.586556    0.006920   -0.844292   -0.853678   -0.010693
    4.809415   -0.667917    0.581691    0.006859   -0.838844   -0.858459   -0.010750
    4.815098   -0.672670    0.576798    0.006798   -0.833365   -0.863194   -0.010805
    4.820782   -0.677391    0.571879    0.006736   -0.827855   -0.867882   -0.010861
    4.826466   -0.682080    0.566933    0.006675   -0.822315   -0.872524   -0.010915
    4.832149   -0.686738    0.561960    0.006612   -0.816744   -0.877118   -0.010969
    4.837833   -0.691364    0.556962    0.006550   -0.811143   -0.881665   -0.011023
    4.843517   -0.695958    0.551938    0.006487   -0.805514   -0.886165   -0.011076
    4.849200   -0.700521    0.546889    0.006424   -0.799856   -0.890617   -0.011128
    4.854884   -0.705051    0.541814    0.006361   -0.794170   -0.895021   -0.011180
    4.860568   -0.709548    0.536715    0.006297   -0.788457   -0.899376   -0.011231
    4.866251   -0.714013    0.531591    0.006233   -0.782718   -0.903684   -0.011282
    4.871935   -0.718446    0.526443    0.006169   -0.776952   -0.907942   -0.011331
    4.877619   -0.722845    0.521270    0.006104   -0.771160   -0.912152   -0.011381
    4.883302   -0.727212    0.516074    0.006039   -0.765344   -0.916313   -0.011429
    4.888986   -0.731545    0.510854    0.005974   -0.759503   -0.920425   -0.011478
    4.894670   -0.735845    0.505611    0.005909   -0.753639   -0.924488   -0.011525
    4.900353   -0.740112    0.500345    0.005843   -0.747751   -0.928501   -0.011572
    4.906037   -0.744345    0.495057    0.005777   -0.741840   -0.932464   -0.011618
    4.911721   -0.748544    0.489746    0.005711   -0.735907   -0.936377   -0.011664
    4.917404   -0.752710    0.484413    0.005645   -0.729953   -0.940241   -0.011709
    4.923088   -0.756842    0.479058    0.005578   -0.723978   -0.944055   -0.011753
    4.928772   -0.760940    0.473682    0.005511   -0.717982   -0.947818   -0.011797
    4.934455   -0.765004    0.468284    0.005444   -0.711967   -0.951532   -0.011840
    4.940139   -0.769033    0.462865    0.005376   -0.705932   -0.955195   -0.011883
    4.945823   -0.773028    0.457426    0.005309   -0.699879   -0.958807   -0.011925
    4.951506   -0.776989    0.451966    0.005241   -0.693808   -0.962369   -0.011966
    4.957190   -0.780915    0.446486    0.005173   -0.687719   -0.965881   -0.012007
    4.962874   -0.784806    0.440987    0.005104   -0.681613   -0.969342   -0.012047
    4.968557   -0.788663    0.435468    0.005036   -0.675491   -0.972752   -0.012086
    4.974241   -0.792485    0.429929    0.004967   -0.669353   -0.976111   -0.012125
    4.979925   -0.796272    0.424372    0.004898   -0.663200   -0.979420   -0.012163
    4.985608   -0.800023    0.418796    0.004829   -0.657032   -0.982678   -0.012201
    4.991292   -0.803740    0.413202    0.004759   -0.650850   -0.985885   -0.012238
    4.996976   -0.807422    0.407589    0.004690   -0.644655   -0.989041   -0.012274
    5.002659   -0.811068    0.401959    0.004620   -0.638446   -0.992146   -0.012310
    5.008343   -0.814679    0.396311    0.004550   -0.632226   -0.995201   -0.012345
    5.014027   -0.818255    0.390646    0.004479   -0.625993   -0.998205   -0.012380
    5.019710   -0.821795    0.384965    0.004409   -0.619749   -1.001158   -0.012413
    5.025394   -0.825300    0.379266    0.004338   -0.613494   -1.004060   -0.012447
    5.031078   -0.828769    0.373551    0.004268   -0.607229   -1.006911   -0.012479
    5.036761   -0.832202    0.367820    0.004197   -0.600954   -1.009712   -0.012511
    5.042445   -0.835600    0.362074    0.004125   -0.594671   -1.012462   -0.012543
    5.048129   -0.838962    0.356311    0.004054   -0.588378   -1.015161   -0.012573
    5.053812   -0.842288    0.350534    0.003982   -0.582078   -1.017810   -0.012603
    5.059496   -0.845579    0.344742    0.003911   -0.575770   -1.020409   -0.012633
    5.065180   -0.848833    0.338935    0.003839   -0.569455   -1.022957   -0.012662
    5.070863   -0.852052    0.333113    0.003767   -0.563133   -1.025454   -0.012690
    5.076547   -0.855235    0.327278    0.003695   -0.556806   -1.027902   -0.012718
    5.082231   -0.858381    0.321429    0.003622   -0.550473   -1.030299   -0.012745
    5.082231   -0.858381    0.321429    0.003622   -0.486583   -0.987104   -0.005536
    5.087914   -0.861129    0.315812    0.003591   -0.480244   -0.989453   -0.005562
    5.093598   -0.863840    0.310182    0.003559   -0.473897   -0.991756   -0.005589
    5.099282   -0.866516    0.304538    0.003527   -0.467544   -0.994013   -0.005615
    5.104965   -0.869155    0.298883    0.003495   -0.461185   -0.996224   -0.005640
    5.110649   -0.871758    0.293214    0.003463   -0.454820   -0.998389   -0.005666
    5.116333   -0.874325    0.287534    0.003431   -0.448449   -1.000508   -0.005691
    5.122016   -0.876856    0.281841    0.003398   -0.442073   -1.002581   -0.005716
    5.127700   -0.879350    0.276137    0.003366   -0.435692   -1.004608   -0.005740
    5.133384   -0.881809    0.270421    0.003333   -0.429307   -1.006590   -0.005765
    5.139067   -0.884230    0.264695    0.003300   -0.422918   -1.008526   -0.005789
    5.144751   -0.886616    0.258957    0.003267   -0.416525   -1.010416   -0.005812
    5.150435   -0.888965    0.253209    0.003234   -0.410128   -1.012262   -0.005836
    5.156118   -0.891278    0.247451    0.003201   -0.403729   -1.014061   -0.005859
    5.161802   -0.893555    0.241682    0.003168   -0.397327   -1.015816   -0.005882
    5.167486   -0.895795    0.235904    0.003134   -0.390923   -1.017525   -0.005904
    5.173169   -0.897998    0.230116    0.003100   -0.384517   -1.019189   -0.005927
    5.178853   -0.900166    0.224318    0.003067   -0.378110   -1.020808   -0.005948
    5.184537   -0.902296    0.218512    0.003033   -0.371701   -1.022383   -0.005970
    5.190220   -0.904391    0.212697    0.002999   -0.365292   -1.023913   -0.005992
    5.195904   -0.906449    0.206873    0.002965   -0.358882   -1.025398   -0.006013
    5.201588   -0.908470    0.201041    0.002930   -0.352472   -1.026839   -0.006034
    5.207271   -0.910455    0.195200    0.002896   -0.346062   -1.028235   -0.006054
    5.212955   -0.912404    0.189352    0.002862   -0.339653   -1.029587   -0.006074
    5.218639   -0.914316    0.183497    0.002827   -0.333245   -1.030895   -0.006094
    5.224322   -0.916192    0.177634    0.002792   -0.326838   -1.032159   -0.006114
    5.230006   -0.918032    0.171764    0.002758   -0.320432   -1.033379   -0.006133
    5.235690   -0.919835    0.165887    0.002723   -0.314028   -1.034556   -0.006152
    5.241373   -0.921601    0.160004    0.002688   -0.307627   -1.035689   -0.006171
    5.247057   -0.923332    0.154114    0.002653   -0.301228   -1.036778   -0.006190
    5.252741   -0.925026    0.148219    0.002617   -0.294832   -1.037824   -0.006208
    5.258424   -0.926683    0.142317    0.002582   -0.288440   -1.038827   -0.006226
    5.264108   -0.928304    0.136410    0.002547   -0.282050   -1.039787   -0.006244
    5.269792   -0.929889    0.130498    0.002511   -0.275665   -1.040705   -0.006261
    5.275475   -0.931438    0.124580    0.002475   -0.269283   -1.041579   -0.006278
    5.281159   -0.932950    0.118658    0.002440   -0.262906   -1.042411   -0.006295
    5.286843   -0.934426    0.112731    0.002404   -0.256534   -1.043201   -0.006311
    5.292526   -0.935866    0.106799    0.002368   -0.250167   -1.043948   -0.006328
    5.298210   -0.937270    0.100864    0.002332   -0.243805   -1.044653   -0.006344
    5.303894   -0.938638    0.094925    0.002296   -0.237449   -1.045317   -0.006359
    5.309577   -0.939969    0.088982    0.002260   -0.231099   -1.045938   -0.006375
    5.315261   -0.941265    0.083035    0.002223   -0.224755   -1.046519   -0.006390
    5.320945   -0.942524    0.077086    0.002187   -0.218417   -1.047057   -0.006405
    5.326628   -0.943748    0.071133    0.002150   -0.212086   -1.047555   -0.006419
    5.332312   -0.944935    0.065178    0.002114   -0.205762   -1.048011   -0.006433
    5.337996   -0.946087    0.059220    0.002077   -0.199446   -1.048427   -0.006447
    5.343679   -0.947202    0.053260    0.002041   -0.193137   -1.048801   -0.006461
    5.349363   -0.948282    0.047298    0.002004   -0.186836   -1.049136   -0.006475
    5.355047   -0.949326    0.041334    0.001967   -0.180543   -1.049430   -0.006488
    5.360730   -0.950334    0.035369    0.001930   -0.174259   -1.049683   -0.006501
    5.366414   -0.951307    0.029402    0.001893   -0.167983   -1.049897   -0.006513
    5.372098   -0.952244    0.023434    0.001856   -0.161716   -1.050071   -0.006526
    5.377781   -0.953145    0.017466    0.001819   -0.155458   -1.050205   -0.006538
    5.383465   -0.954011    0.011496    0.001782   -0.149210   -1.050300   -0.006550
    5.389149   -0.954841    0.005527    0.001745   -0.142972   -1.050356   -0.006561
    5.394832   -0.955636   -0.000443    0.001707   -0.136743   -1.050373   -0.006572
    5.400516   -0.956396   -0.006413    0.001670   -0.130525   -1.050350   -0.006583
    5.406200   -0.957120   -0.012383    0.001632   -0.124316   -1.050289   -0.006594
    5.411883   -0.957809   -0.018352    0.001595   -0.118119   -1.050190   -0.006604
    5.417567   -0.958463   -0.024321    0.001557   -0.111933   -1.050052   -0.006615
    5.423251   -0.959081   -0.030288    0.001520   -0.105757   -1.049876   -0.006625
    5.428934   -0.959665   -0.036255    0.001482   -0.099593   -1.049662   -0.006634
    5.434618   -0.960214   -0.042220    0.001444   -0.093441   -1.049411   -0.006644
    5.440302   -0.960727   -0.048184    0.001407   -0.087300   -1.049122   -0.006653
    5.445985   -0.961206   -0.054146    0.001369   -0.081172   -1.048796   -0.006662
    5.451669   -0.961650   -0.060106    0.001331   -0.075055   -1.048432   -0.006670
    5.457352   -0.962059   -0.066063    0.001293   -0.068951   -1.048032   -0.006678
    5.463036   -0.962434   -0.072019    0.001255   -0.062860   -1.047595   -0.006686
    5.468720   -0.962774   -0.077972    0.001217   -0.056782   -1.047121   -0.006694
    5.474403   -0.963079   -0.083922    0.001179   -0.050716   -1.046612   -0.006702
    5.480087   -0.963350   -0.089869    0.001141   -0.044664   -1.046066   -0.006709
    5.485771   -0.963587   -0.095813    0.001103   -0.038626   -1.045484   -0.006716
    5.491454   -0.963789   -0.101753    0.001064   -0.032601   -1.044866   -0.006723
    5.497138   -0.963958   -0.107690    0.001026   -0.026590   -1.044213   -0.006729
    5.502822   -0.964092   -0.113623    0.000988   -0.020594   -1.043525   -0.006736
    5.508505   -0.964192   -0.119552    0.000950   -0.014611   -1.042801   -0.006742
    5.514189   -0.964258   -0.125477    0.000911   -0.008643   -1.042043   -0.006747
    5.519873   -0.964290   -0.131397    0.000873   -0.002690   -1.041250   -0.006753
    5.525556   -0.964288   -0.137313    0.000834    0.003249   -1.040423   -0.006758
    5.531240   -0.964253   -0.143224    0.000796    0.009173   -1.039561   -0.006763
    5.536924   -0.964184   -0.149130    0.000758    0.015081   -1.038665   -0.006768
    5.542607   -0.964082   -0.155031    0.000719    0.020974   -1.037736   -0.006773
    5.548291   -0.963946   -0.160926    0.000681    0.026852   -1.036773   -0.006777
    5.553975   -0.963776   -0.166816    0.000642    0.032713   -1.035776   -0.006781
    5.559658   -0.963574   -0.172700    0.000603    0.038559   -1.034746   -0.006785
    5.565342   -0.963338   -0.178578    0.000565    0.044389   -1.033683   -0.006788
    5.571026   -0.963069   -0.184450    0.000526    0.050203   -1.032588   -0.006791
    5.576709   -0.962768   -0.190316    0.000488    0.056000   -1.031460   -0.006794
    5.582393   -0.962433   -0.196175    0.000449    0.061781   -1.030299   -0.006797
    5.588077   -0.962065   -0.202028    0.000410    0.067545   -1.029106   -0.006800
    5.593760   -0.961665   -0.207873    0.000372    0.073293   -1.027882   -0.006802
    5.599444   -0.961232   -0.213712    0.000333    0.079023   -1.026625   -0.006804
    5.605128   -0.960767   -0.219543    0.000294    0.084737   -1.025338   -0.006806
    5.610811   -0.960269   -0.225367    0.000256    0.090433   -1.024018   -0.006808
    5.616495   -0.959739   -0.231183    0.000217    0.096111   -1.022668   -0.006809
    5.622179   -0.959176   -0.236992    0.000178    0.101773   -1.021287   -0.006810
    5.627862   -0.958582   -0.242793    0.000140    0.107416   -1.019875   -0.006811
    5.633546   -0.957955   -0.248585    0.000101    0.113042   -1.018433   -0.006812
    5.639230   -0.957297   -0.254370    0.000062    0.118650   -1.016960   -0.006812
    5.644913   -0.956607   -0.260145    0.000023    0.124239   -1.015457   -0.006813
    5.644913   -0.956607   -0.260145    0.000023    0.246897   -0.972939    0.000065
    5.650597   -0.955188   -0.265671    0.000024    0.252473   -0.971406    0.000065
    5.656281   -0.953737   -0.271188    0.000024    0.258038   -0.969841    0.000065
    5.661964   -0.952254   -0.276695    0.000025    0.263594   -0.968244    0.000065
    5.667648   -0.950741   -0.282194    0.000025    0.269139   -0.966615    0.000065
    5.673332   -0.949195   -0.287683    0.000025    0.274674   -0.964955    0.000065
    5.679015   -0.947618   -0.293163    0.000026    0.280197   -0.963264    0.000065
    5.684699   -0.946010   -0.298633    0.000026    0.285710   -0.961541    0.000064
    5.690383   -0.944371   -0.304093    0.000026    0.291212   -0.959786    0.000064
    5.696066   -0.942700   -0.309543    0.000027    0.296703   -0.958001    0.000064
    5.701750   -0.940998   -0.314983    0.000027    0.302182   -0.956184    0.000064
    5.707434   -0.939265   -0.320412    0.000028    0.307650   -0.954337    0.000064
    5.713117   -0.937501   -0.325831    0.000028    0.313106   -0.952458    0.000064
    5.718801   -0.935706   -0.331239    0.000028    0.318550   -0.950548    0.000063
    5.724485   -0.933880   -0.336636    0.000029    0.323982   -0.948608    0.000063
    5.730168   -0.932023   -0.342022    0.000029    0.329402   -0.946637    0.000063
    5.735852   -0.930135   -0.347397    0.000029    0.334809   -0.944635    0.000063
    5.741536   -0.928217   -0.352760    0.000030    0.340203   -0.942602    0.000063
    5.747219   -0.926268   -0.358112    0.000030    0.345585   -0.940539    0.000063
    5.752903   -0.924289   -0.363451    0.000030    0.350954   -0.938446    0.000062
    5.758587   -0.922279   -0.368779    0.000031    0.356310   -0.936322    0.000062
    5.764270   -0.920238   -0.374095    0.000031    0.361652   -0.934168    0.000062
    5.769954   -0.918168   -0.379398    0.000031    0.366981   -0.931984    0.000062
    5.775638   -0.916067   -0.384689    0.000032    0.372296   -0.929770    0.000062
    5.781321   -0.913936   -0.389967    0.000032    0.377598   -0.927526    0.000062
    5.787005   -0.911775   -0.395232    0.000033    0.382886   -0.925252    0.000061
    5.792689   -0.909583   -0.400485    0.000033    0.388159   -0.922948    0.000061
    5.798372   -0.907362   -0.405724    0.000033    0.393418   -0.920614    0.000061
    5.804056   -0.905111   -0.410949    0.000034    0.398663   -0.918251    0.000061
    5.809740   -0.902831   -0.416162    0.000034    0.403893   -0.915858    0.000061
    5.815423   -0.900520   -0.421360    0.000034    0.409109   -0.913436    0.000060
    5.821107   -0.898180   -0.426545    0.000035    0.414309   -0.910984    0.000060
    5.826791   -0.895811   -0.431716    0.000035    0.419495   -0.908504    0.000060
    5.832474   -0.893412   -0.436872    0.000035    0.424665   -0.905994    0.000060
    5.838158   -0.890983   -0.442014    0.000036    0.429820   -0.903455    0.000060
    5.843842   -0.888526   -0.447142    0.000036    0.434959   -0.900887    0.000059
    5.849525   -0.886039   -0.452255    0.000036    0.440082   -0.898290    0.000059
    5.855209   -0.883523   -0.457353    0.000037    0.445190   -0.895665    0.000059
    5.860893   -0.880978   -0.462436    0.000037    0.450281   -0.893011    0.000059
    5.866576   -0.878405   -0.467504    0.000037    0.455357   -0.890328    0.000059
    5.872260   -0.875802   -0.472557    0.000038    0.460416   -0.887617    0.000058
    5.877944   -0.873171   -0.477594    0.000038    0.465458   -0.884878    0.000058
    5.883627   -0.870511   -0.482615    0.000038    0.470484   -0.882110    0.000058
    5.889311   -0.867823   -0.487621    0.000039    0.475493   -0.879314    0.000058
    5.894995   -0.865106   -0.492611    0.000039    0.480485   -0.876490    0.000057
    5.900678   -0.862361   -0.497584    0.000039    0.485460   -0.873639    0.000057
    5.906362   -0.859588   -0.502542    0.000040    0.490418   -0.870759    0.000057
    5.912046   -0.856786   -0.507483    0.000040    0.495358   -0.867852    0.000057
    5.917729   -0.853957   -0.512407    0.000040    0.500281   -0.864917    0.000057
    5.923413   -0.851100   -0.517314    0.000041    0.505186   -0.861955    0.000056
    5.929097   -0.848214   -0.522205    0.000041    0.510073   -0.858965    0.000056
    5.934780   -0.845301   -0.527078    0.000041    0.514942   -0.855949    0.000056
    5.940464   -0.842361   -0.531935    0.000041    0.519793   -0.852905    0.000056
    5.946148   -0.839393   -0.536774    0.000042    0.524626   -0.849834    0.000055
    5.951831   -0.836397   -0.541595    0.000042    0.529440   -0.846736    0.000055
    5.957515   -0.833375   -0.546399    0.000042    0.534236   -0.843611    0.000055
    5.963199   -0.830325   -0.551185    0.000043    0.539013   -0.840459    0.000055
    5.968882   -0.827247   -0.555952    0.000043    0.543771   -0.837281    0.000054
    5.974566   -0.824143   -0.560702    0.000043    0.548510   -0.834077    0.000054
    5.980250   -0.821012   -0.565434    0.000044    0.553230   -0.830846    0.000054
    5.985933   -0.817855   -0.570147    0.000044    0.557930   -0.827589    0.000054
    5.991617   -0.814670   -0.574841    0.000044    0.562612   -0.824306    0.000053
    5.997301   -0.811459   -0.579517    0.000045    0.567273   -0.820997    0.000053
    6.002984   -0.808222   -0.584173    0.000045    0.571915   -0.817662    0.000053
    6.008668   -0.804958   -0.588811    0.000045    0.576537   -0.814301    0.000053
    6.014352   -0.801668   -0.593430    0.000045    0.581139   -0.810914    0.000052
    6.020035   -0.798352   -0.598029    0.000046    0.585721   -0.807502    0.000052
    6.025719   -0.795010   -0.602609    0.000046    0.590283   -0.804065    0.000052
    6.031403   -0.791642   -0.607169    0.000046    0.594824   -0.800603    0.000052
    6.037086   -0.788249   -0.611710    0.000047    0.599344   -0.797115    0.000051
    6.042770   -0.784829   -0.616230    0.000047    0.603844   -0.793602    0.000051
    6.048454   -0.781385   -0.620731    0.000047    0.608324   -0.790065    0.000051
    6.054137   -0.777914   -0.625211    0.000048    0.612782   -0.786502    0.000050
    6.059821   -0.774419   -0.629671    0.000048    0.617219   -0.782915    0.000050
    6.065505   -0.770898   -0.634111    0.000048    0.621635   -0.779304    0.000050
    6.071188   -0.767353   -0.638530    0.000048    0.626030   -0.775668    0.000050
    6.076872   -0.763782   -0.642928    0.000049    0.630403   -0.772008    0.000049
    6.082556   -0.760187   -0.647305    0.000049    0.634755   -0.768323    0.000049
    6.088239   -0.756567   -0.651662    0.000049    0.639085   -0.764615    0.000049
    6.093923   -0.752922   -0.655997    0.000050    0.643393   -0.760883    0.000049
    6.099607   -0.749253   -0.660311    0.000050    0.647680   -0.757127    0.000048
    6.105290   -0.745560   -0.664603    0.000050    0.651944   -0.753348    0.000048
    6.110974   -0.741842   -0.668874    0.000050    0.656186   -0.749545    0.000048
    6.116658   -0.738101   -0.673124    0.000051    0.660405   -0.745718    0.000047
    6.122341   -0.734335   -0.677351    0.000051    0.664603   -0.741869    0.000047
    6.128025   -0.730546   -0.681557    0.000051    0.668777   -0.737996    0.000047
    6.133709   -0.726733   -0.685740    0.000051    0.672929   -0.734100    0.000047
    6.139392   -0.722897   -0.689901    0.000052    0.677058   -0.730182    0.000046
    6.145076   -0.719037   -0.694040    0.000052    0.681164   -0.726241    0.000046
    6.150760   -0.715154   -0.698157    0.000052    0.685248   -0.722277    0.000046
    6.156443   -0.711247   -0.702251    0.000052    0.689308   -0.718291    0.000045
    6.162127   -0.707318   -0.706322    0.000053    0.693344   -0.714283    0.000045
    6.167811   -0.703366   -0.710370    0.000053    0.697358   -0.710253    0.000045
    6.173494   -0.699391   -0.714395    0.000053    0.701348   -0.706200    0.000044
    6.179178   -0.695394   -0.718398    0.000053    0.705314   -0.702126    0.000044
    6.184862   -0.691374   -0.722377    0.000054    0.709256   -0.698030    0.000044
    6.190545   -0.687331   -0.726332    0.000054    0.713175   -0.693912    0.000044
    6.196229   -0.683267   -0.730265    0.000054    0.717069   -0.689773    0.000043
    6.201913   -0.679180   -0.734173    0.000054    0.720940   -0.685613    0.000043
    6.207596   -0.675072   -0.738058    0.000055    0.724786   -0.681431    0.000043
    6.207596   -0.675072   -0.738058    0.000055    0.724786   -0.681431    0.000043
