
    0.000000   -0.686889   -0.726762    0.000054    0.713600   -0.693462    0.000043
    0.000000   -0.686889   -0.726762    0.000054    0.672786   -0.742453   -0.017870
    0.023099   -0.671167   -0.743717   -0.000359    0.688430   -0.725514   -0.017866
    0.046198   -0.655088   -0.760277   -0.000771    0.703626   -0.708282   -0.017853
    0.069298   -0.638664   -0.776436   -0.001183    0.718371   -0.690769   -0.017831
    0.092397   -0.621904   -0.792188   -0.001595    0.732661   -0.672987   -0.017799
    0.115496   -0.604820   -0.807525   -0.002006    0.746494   -0.654948   -0.017759
    0.138595   -0.587421   -0.822443   -0.002415    0.759868   -0.636665   -0.017709
    0.161694   -0.569719   -0.836936   -0.002824    0.772780   -0.618149   -0.017651
    0.184793   -0.551724   -0.850999   -0.003231    0.785229   -0.599412   -0.017583
    0.207893   -0.533446   -0.864627   -0.003636    0.797212   -0.580466   -0.017508
    0.230992   -0.514897   -0.877814   -0.004039    0.808730   -0.561324   -0.017423
    0.254091   -0.496088   -0.890557   -0.004441    0.819780   -0.541995   -0.017331
    0.277190   -0.477028   -0.902852   -0.004840    0.830363   -0.522492   -0.017230
    0.300289   -0.457730   -0.914694   -0.005237    0.840478   -0.502825   -0.017121
    0.323389   -0.438203   -0.926081   -0.005631    0.850124   -0.483007   -0.017004
    0.346488   -0.418459   -0.937007   -0.006022    0.859302   -0.463047   -0.016879
    0.369587   -0.398508   -0.947472   -0.006411    0.868012   -0.442956   -0.016746
    0.392686   -0.378362   -0.957470   -0.006796    0.876255   -0.422745   -0.016606
    0.415785   -0.358030   -0.967001   -0.007178    0.884030   -0.402425   -0.016459
    0.438885   -0.337525   -0.976061   -0.007556    0.891340   -0.382006   -0.016304
    0.461984   -0.316856   -0.984648   -0.007931    0.898185   -0.361497   -0.016142
    0.485083   -0.296034   -0.992761   -0.008302    0.904566   -0.340909   -0.015973
    0.508182   -0.275070   -1.000397   -0.008669    0.910485   -0.320252   -0.015797
    0.531281   -0.253974   -1.007556   -0.009032    0.915944   -0.299536   -0.015614
    0.554380   -0.232758   -1.014235   -0.009390    0.920943   -0.278769   -0.015425
    0.577480   -0.211432   -1.020434   -0.009744    0.925486   -0.257961   -0.015229
    0.600579   -0.190006   -1.026152   -0.010094    0.929574   -0.237122   -0.015027
    0.623678   -0.168490   -1.031388   -0.010438    0.933209   -0.216260   -0.014819
    0.646777   -0.146896   -1.036143   -0.010778    0.936393   -0.195384   -0.014605
    0.669876   -0.125234   -1.040415   -0.011113    0.939130   -0.174503   -0.014385
    0.692976   -0.103514   -1.044205   -0.011443    0.941421   -0.153626   -0.014159
    0.716075   -0.081745   -1.047512   -0.011767    0.943269   -0.132761   -0.013927
    0.739174   -0.059939   -1.050338   -0.012086    0.944677   -0.111916   -0.013690
    0.762273   -0.038106   -1.052683   -0.012400    0.945648   -0.091099   -0.013448
    0.785372   -0.016255   -1.054547   -0.012707    0.946184   -0.070319   -0.013200
    0.808472    0.005603   -1.055932   -0.013009    0.946289   -0.049583   -0.012948
    0.831571    0.027458   -1.056838   -0.013305    0.945965   -0.028899   -0.012690
    0.854670    0.049301   -1.057267   -0.013596    0.945216   -0.008274   -0.012428
    0.877769    0.071122   -1.057221   -0.013880    0.944046    0.012283   -0.012161
    0.900868    0.092912   -1.056700   -0.014157    0.942456    0.032767   -0.011889
    0.923967    0.114659   -1.055708   -0.014429    0.940452    0.053169   -0.011613
    0.947067    0.136356   -1.054245   -0.014694    0.938035    0.073482   -0.011333
    0.970166    0.157992   -1.052314   -0.014952    0.935210    0.093700   -0.011048
    0.993265    0.179558   -1.049917   -0.015204    0.931981    0.113815   -0.010759
    1.016364    0.201045   -1.047056   -0.015449    0.928350    0.133821   -0.010467
    1.039463    0.222443   -1.043735   -0.015688    0.924321    0.153712   -0.010171
    1.062563    0.243744   -1.039956   -0.015919    0.919898    0.173481   -0.009871
    1.085662    0.264938   -1.035722   -0.016144    0.915085    0.193121   -0.009568
    1.108761    0.286016   -1.031035   -0.016361    0.909885    0.212626   -0.009261
    1.131860    0.306970   -1.025900   -0.016572    0.904303    0.231990   -0.008951
    1.154959    0.327791   -1.020319   -0.016775    0.898342    0.251207   -0.008638
    1.178059    0.348469   -1.014296   -0.016971    0.892005    0.270271   -0.008321
    1.201158    0.368997   -1.007834   -0.017159    0.885298    0.289176   -0.008002
    1.224257    0.389366   -1.000937   -0.017340    0.878223    0.307917   -0.007680
    1.247356    0.409567   -0.993610   -0.017514    0.870785    0.326486   -0.007356
    1.270455    0.429592   -0.985856   -0.017680    0.862987    0.344880   -0.007029
    1.293554    0.449433   -0.977679   -0.017839    0.854834    0.363092   -0.006699
    1.316654    0.469081   -0.969083   -0.017989    0.846330    0.381117   -0.006368
    1.339753    0.488529   -0.960073   -0.018133    0.837479    0.398949   -0.006034
    1.362852    0.507769   -0.950654   -0.018268    0.828284    0.416583   -0.005698
    1.385951    0.526792   -0.940829   -0.018396    0.818750    0.434013   -0.005360
    1.409050    0.545591   -0.930604   -0.018516    0.808881    0.451236   -0.005020
    1.432150    0.564158   -0.919984   -0.018628    0.798682    0.468244   -0.004679
    1.455249    0.582486   -0.908974   -0.018732    0.788155    0.485034   -0.004336
    1.478348    0.600567   -0.897578   -0.018828    0.777307    0.501601   -0.003992
    1.501447    0.618394   -0.885803   -0.018916    0.766140    0.517938   -0.003646
    1.524546    0.635959   -0.873652   -0.018997    0.754659    0.534042   -0.003299
    1.547646    0.653256   -0.861133   -0.019069    0.742868    0.549908   -0.002951
    1.570745    0.670276   -0.848249   -0.019133    0.730772    0.565530   -0.002602
    1.593844    0.687014   -0.835008   -0.019189    0.718375    0.580905   -0.002251
    1.616943    0.703462   -0.821414   -0.019237    0.705681    0.596026   -0.001901
    1.640042    0.719613   -0.807474   -0.019277    0.692695    0.610891   -0.001549
    1.663141    0.735461   -0.793194   -0.019308    0.679421    0.625493   -0.001197
    1.686241    0.750999   -0.778580   -0.019332    0.665864    0.639828   -0.000845
    1.709340    0.766220   -0.763637   -0.019348    0.652028    0.653893   -0.000492
    1.732439    0.781119   -0.748373   -0.019355    0.637917    0.667681   -0.000139
    1.755538    0.795689   -0.732794   -0.019354    0.623536    0.681190    0.000214
    1.778637    0.809924   -0.716905   -0.019345    0.608890    0.694414    0.000567
    1.801737    0.823817   -0.700715   -0.019328    0.593983    0.707348    0.000920
    1.824836    0.837363   -0.684229   -0.019302    0.578820    0.719990    0.001272
    1.847935    0.850555   -0.667455   -0.019269    0.563406    0.732334    0.001625
    1.871034    0.863389   -0.650399   -0.019227    0.547745    0.744375    0.001976
    1.894133    0.875858   -0.633068   -0.019178    0.531843    0.756110    0.002328
    1.917233    0.887958   -0.615470   -0.019120    0.515703    0.767535    0.002678
    1.940332    0.899681   -0.597612   -0.019054    0.499331    0.778645    0.003028
    1.963431    0.911024   -0.579501   -0.018980    0.482732    0.789435    0.003376
    1.986530    0.921981   -0.561144   -0.018898    0.465911    0.799903    0.003724
    2.009629    0.932547   -0.542549   -0.018808    0.448873    0.810043    0.004070
    2.032728    0.942717   -0.523724   -0.018710    0.431623    0.819851    0.004415
    2.055828    0.952486   -0.504676   -0.018604    0.414166    0.829324    0.004759
    2.078927    0.961849   -0.485413   -0.018490    0.396507    0.838457    0.005101
    2.102026    0.970802   -0.465943   -0.018368    0.378652    0.847246    0.005442
    2.125125    0.979341   -0.446274   -0.018239    0.360606    0.855687    0.005780
    2.148224    0.987460   -0.426415   -0.018101    0.342375    0.863777    0.006117
    2.171324    0.995156   -0.406372   -0.017956    0.323963    0.871510    0.006452
    2.194423    1.002425   -0.386155   -0.017803    0.305377    0.878884    0.006785
    2.217522    1.009263   -0.365772   -0.017643    0.286622    0.885894    0.007115
    2.240621    1.015665   -0.345231   -0.017475    0.267704    0.892537    0.007443
    2.263720    1.021629   -0.324541   -0.017299    0.248629    0.898808    0.007769
    2.286819    1.027151   -0.303710   -0.017116    0.229403    0.904703    0.008092
    2.286819    1.027151   -0.303710   -0.017116    0.225030    0.894552    0.010179
    2.297946    1.029603   -0.293742   -0.017002    0.215717    0.897257    0.010334
    2.309072    1.031951   -0.283745   -0.016886    0.206371    0.899875    0.010487
    2.320198    1.034195   -0.273718   -0.016768    0.196993    0.902406    0.010640
    2.331324    1.036334   -0.263665   -0.016649    0.187582    0.904848    0.010792
    2.342450    1.038369   -0.253584   -0.016528    0.178141    0.907202    0.010943
    2.353576    1.040298   -0.243478   -0.016405    0.168669    0.909467    0.011093
    2.364702    1.042122   -0.233347   -0.016281    0.159167    0.911643    0.011242
    2.375828    1.043840   -0.223192   -0.016155    0.149636    0.913729    0.011390
    2.386954    1.045451   -0.213014   -0.016028    0.140076    0.915724    0.011538
    2.398081    1.046957   -0.202815   -0.015899    0.130488    0.917630    0.011684
    2.409207    1.048355   -0.192596   -0.015768    0.120873    0.919444    0.011829
    2.420333    1.049646   -0.182356   -0.015635    0.111231    0.921167    0.011974
    2.431459    1.050830   -0.172098   -0.015501    0.101563    0.922799    0.012117
    2.442585    1.051906   -0.161822   -0.015366    0.091870    0.924338    0.012259
    2.453711    1.052874   -0.151530   -0.015229    0.082153    0.925785    0.012400
    2.464837    1.053734   -0.141222   -0.015090    0.072411    0.927139    0.012541
    2.475963    1.054485   -0.130899   -0.014949    0.062646    0.928399    0.012680
    2.487089    1.055128   -0.120563   -0.014808    0.052859    0.929566    0.012818
    2.498215    1.055662   -0.110215   -0.014664    0.043050    0.930638    0.012955
    2.509342    1.056086   -0.099855   -0.014519    0.033219    0.931616    0.013091
    2.520468    1.056401   -0.089484   -0.014373    0.023369    0.932499    0.013225
    2.531594    1.056606   -0.079105   -0.014225    0.013498    0.933286    0.013359
    2.542720    1.056701   -0.068717   -0.014076    0.003609    0.933978    0.013491
    2.553846    1.056686   -0.058322   -0.013925   -0.006299    0.934574    0.013623
    2.564972    1.056561   -0.047921   -0.013773   -0.016224    0.935073    0.013753
    2.576098    1.056325   -0.037515   -0.013619   -0.026166    0.935475    0.013882
    2.587224    1.055978   -0.027105   -0.013464   -0.036123    0.935779    0.014009
    2.598350    1.055521   -0.016692   -0.013307   -0.046096    0.935986    0.014136
    2.609476    1.054953   -0.006278   -0.013149   -0.056084    0.936095    0.014261
    2.620603    1.054273    0.004137   -0.012990   -0.066085    0.936105    0.014385
    2.631729    1.053482    0.014552   -0.012829   -0.076099    0.936016    0.014508
    2.642855    1.052580    0.024966   -0.012667   -0.086124    0.935828    0.014629
    2.653981    1.051566    0.035376   -0.012503   -0.096162    0.935540    0.014749
    2.665107    1.050440    0.045783   -0.012339   -0.106209    0.935152    0.014868
    2.676233    1.049202    0.056185   -0.012173   -0.116266    0.934664    0.014985
    2.687359    1.047853    0.066581   -0.012005   -0.126332    0.934074    0.015101
    2.698485    1.046391    0.076970   -0.011837   -0.136406    0.933384    0.015216
    2.709611    1.044817    0.087350   -0.011667   -0.146487    0.932592    0.015329
    2.720737    1.043131    0.097722   -0.011496   -0.156574    0.931698    0.015441
    2.731864    1.041333    0.108082   -0.011323   -0.166667    0.930701    0.015552
    2.742990    1.039423    0.118431   -0.011149   -0.176764    0.929602    0.015661
    2.754116    1.037400    0.128768   -0.010975   -0.186865    0.928400    0.015768
    2.765242    1.035264    0.139090   -0.010799   -0.196968    0.927094    0.015874
    2.776368    1.033017    0.149397   -0.010621   -0.207074    0.925684    0.015979
    2.787494    1.030657    0.159688   -0.010443   -0.217180    0.924171    0.016082
    2.798620    1.028184    0.169962   -0.010264   -0.227286    0.922552    0.016184
    2.809746    1.025599    0.180217   -0.010083   -0.237392    0.920829    0.016284
    2.820872    1.022901    0.190452   -0.009901   -0.247495    0.919001    0.016382
    2.831998    1.020092    0.200666   -0.009718   -0.257596    0.917068    0.016479
    2.843125    1.017169    0.210858   -0.009534   -0.267693    0.915028    0.016575
    2.854251    1.014135    0.221027   -0.009350   -0.277785    0.912882    0.016669
    2.865377    1.010988    0.231171   -0.009164   -0.287871    0.910630    0.016761
    2.876503    1.007729    0.241290   -0.008977   -0.297951    0.908271    0.016852
    2.887629    1.004358    0.251382   -0.008789   -0.308023    0.905805    0.016940
    2.898755    1.000875    0.261446   -0.008600   -0.318086    0.903231    0.017028
    2.909881    0.997280    0.271480   -0.008410   -0.328140    0.900550    0.017113
    2.921007    0.993573    0.281485   -0.008219   -0.338183    0.897760    0.017197
    2.932133    0.989755    0.291457   -0.008027   -0.348214    0.894862    0.017279
    2.943259    0.985825    0.301397   -0.007834   -0.358232    0.891856    0.017360
    2.954386    0.981783    0.311303   -0.007641   -0.368236    0.888741    0.017438
    2.965512    0.977631    0.321173   -0.007446   -0.378225    0.885516    0.017515
    2.976638    0.973367    0.331007   -0.007251   -0.388199    0.882182    0.017591
    2.987764    0.968993    0.340803   -0.007055   -0.398155    0.878739    0.017664
    2.998890    0.964507    0.350560   -0.006858   -0.408092    0.875185    0.017735
    3.010016    0.959912    0.360277   -0.006660   -0.418011    0.871522    0.017805
    3.021142    0.955206    0.369953   -0.006462   -0.427909    0.867748    0.017873
    3.032268    0.950390    0.379586   -0.006263   -0.437785    0.863863    0.017939
    3.043394    0.945464    0.389176   -0.006063   -0.447638    0.859867    0.018003
    3.054521    0.940429    0.398720   -0.005862   -0.457468    0.855761    0.018065
    3.065647    0.935285    0.408218   -0.005661   -0.467272    0.851543    0.018125
    3.076773    0.930031    0.417668   -0.005459   -0.477050    0.847214    0.018183
    3.087899    0.924669    0.427070   -0.005256   -0.486800    0.842773    0.018240
    3.099025    0.919199    0.436421   -0.005053   -0.496522    0.838220    0.018294
    3.110151    0.913621    0.445722   -0.004849   -0.506214    0.833555    0.018347
    3.121277    0.907935    0.454969   -0.004645   -0.515874    0.828778    0.018397
    3.132403    0.902141    0.464163   -0.004440   -0.525502    0.823889    0.018445
    3.143529    0.896241    0.473302   -0.004234   -0.535097    0.818888    0.018491
    3.154655    0.890234    0.482385   -0.004028   -0.544656    0.813774    0.018536
    3.165782    0.884122    0.491410   -0.003822   -0.554179    0.808548    0.018578
    3.176908    0.877903    0.500376   -0.003615   -0.563665    0.803208    0.018618
    3.188034    0.871579    0.509283   -0.003407   -0.573112    0.797756    0.018656
    3.199160    0.865150    0.518128   -0.003200   -0.582518    0.792192    0.018692
    3.210286    0.858617    0.526910   -0.002991   -0.591883    0.786514    0.018725
    3.221412    0.851980    0.535629   -0.002783   -0.601206    0.780723    0.018757
    3.232538    0.845239    0.544283   -0.002574   -0.610484    0.774820    0.018786
    3.243664    0.838395    0.552870   -0.002365   -0.619716    0.768803    0.018813
    3.254790    0.831449    0.561390   -0.002155   -0.628902    0.762674    0.018838
    3.265916    0.824401    0.569841   -0.001946   -0.638039    0.756431    0.018861
    3.277043    0.817251    0.578222   -0.001736   -0.647127    0.750076    0.018881
    3.288169    0.810001    0.586531   -0.001526   -0.656163    0.743608    0.018899
    3.299295    0.802650    0.594768   -0.001315   -0.665147    0.737027    0.018915
    3.310421    0.795200    0.602931   -0.001105   -0.674077    0.730333    0.018928
    3.321547    0.787651    0.611019   -0.000894   -0.682952    0.723527    0.018940
    3.332673    0.780003    0.619031   -0.000683   -0.691770    0.716608    0.018948
    3.343799    0.772258    0.626965   -0.000472   -0.700529    0.709577    0.018955
    3.354925    0.764415    0.634820   -0.000261   -0.709229    0.702433    0.018959
    3.366051    0.756476    0.642595   -0.000051   -0.717867    0.695178    0.018961
    3.377177    0.748441    0.650289    0.000160   -0.726443    0.687811    0.018960
    3.388304    0.740311    0.657900    0.000371   -0.734954    0.680332    0.018957
    3.388304    0.740311    0.657900    0.000371   -0.734966    0.680316    0.018952
    3.394047    0.736078    0.661796    0.000480   -0.739334    0.676412    0.018950
    3.399790    0.731819    0.665669    0.000589   -0.743684    0.672478    0.018947
    3.405533    0.727536    0.669520    0.000698   -0.748016    0.668515    0.018943
    3.411276    0.723228    0.673348    0.000807   -0.752329    0.664522    0.018938
    3.417019    0.718895    0.677153    0.000915   -0.756625    0.660499    0.018933
    3.422762    0.714537    0.680935    0.001024   -0.760902    0.656447    0.018928
    3.428505    0.710155    0.684693    0.001133   -0.765160    0.652366    0.018921
    3.434248    0.705748    0.688428    0.001241   -0.769399    0.648255    0.018914
    3.439991    0.701317    0.692139    0.001350   -0.773618    0.644114    0.018906
    3.445734    0.696862    0.695826    0.001459   -0.777819    0.639945    0.018898
    3.451477    0.692383    0.699489    0.001567   -0.782000    0.635746    0.018889
    3.457220    0.687880    0.703128    0.001676   -0.786160    0.631518    0.018879
    3.462963    0.683354    0.706743    0.001784   -0.790301    0.627260    0.018868
    3.468706    0.678803    0.710333    0.001892   -0.794421    0.622974    0.018857
    3.474449    0.674229    0.713898    0.002001   -0.798521    0.618658    0.018845
    3.480192    0.669631    0.717439    0.002109   -0.802600    0.614313    0.018833
    3.485935    0.665010    0.720954    0.002217   -0.806659    0.609940    0.018820
    3.491678    0.660366    0.724444    0.002325   -0.810695    0.605537    0.018806
    3.497421    0.655698    0.727909    0.002433   -0.814711    0.601106    0.018792
    3.503164    0.651008    0.731349    0.002541   -0.818705    0.596646    0.018776
    3.508908    0.646295    0.734762    0.002649   -0.822677    0.592157    0.018760
    3.514651    0.641559    0.738150    0.002756   -0.826627    0.587639    0.018744
    3.520394    0.636800    0.741512    0.002864   -0.830555    0.583093    0.018727
    3.526137    0.632019    0.744848    0.002971   -0.834460    0.578518    0.018709
    3.531880    0.627215    0.748157    0.003079   -0.838342    0.573915    0.018690
    3.537623    0.622390    0.751440    0.003186   -0.842202    0.569284    0.018671
    3.543366    0.617542    0.754696    0.003293   -0.846038    0.564624    0.018651
    3.549109    0.612672    0.757925    0.003400   -0.849851    0.559936    0.018630
    3.554852    0.607780    0.761127    0.003507   -0.853640    0.555219    0.018608
    3.560595    0.602867    0.764302    0.003614   -0.857405    0.550475    0.018586
    3.566338    0.597932    0.767450    0.003721   -0.861146    0.545703    0.018563
    3.572081    0.592976    0.770570    0.003827   -0.864863    0.540902    0.018540
    3.577824    0.587998    0.773663    0.003934   -0.868556    0.536074    0.018516
    3.583567    0.583000    0.776727    0.004040   -0.872223    0.531219    0.018491
    3.589310    0.577980    0.779764    0.004146   -0.875866    0.526335    0.018465
    3.595053    0.572939    0.782773    0.004252   -0.879483    0.521424    0.018439
    3.600796    0.567878    0.785753    0.004358   -0.883075    0.516486    0.018411
    3.606539    0.562796    0.788705    0.004463   -0.886641    0.511520    0.018384
    3.612282    0.557694    0.791629    0.004569   -0.890181    0.506527    0.018355
    3.618025    0.552572    0.794523    0.004674   -0.893695    0.501506    0.018326
    3.623768    0.547429    0.797389    0.004779   -0.897183    0.496459    0.018296
    3.629511    0.542267    0.800226    0.004884   -0.900644    0.491385    0.018265
    3.635255    0.537084    0.803033    0.004989   -0.904078    0.486283    0.018234
    3.640998    0.531882    0.805811    0.005094   -0.907485    0.481155    0.018202
    3.646741    0.526661    0.808560    0.005198   -0.910865    0.476001    0.018169
    3.652484    0.521420    0.811278    0.005302   -0.914218    0.470820    0.018135
    3.658227    0.516160    0.813967    0.005407   -0.917542    0.465612    0.018101
    3.663970    0.510881    0.816626    0.005510   -0.920839    0.460378    0.018066
    3.669713    0.505583    0.819255    0.005614   -0.924107    0.455118    0.018030
    3.675456    0.500267    0.821854    0.005717   -0.927347    0.449832    0.017994
    3.681199    0.494932    0.824422    0.005821   -0.930558    0.444520    0.017956
    3.686942    0.489579    0.826960    0.005924   -0.933741    0.439182    0.017918
    3.692685    0.484207    0.829466    0.006027   -0.936894    0.433819    0.017880
    3.698428    0.478817    0.831942    0.006129   -0.940017    0.428430    0.017840
    3.704171    0.473410    0.834387    0.006231   -0.943112    0.423015    0.017800
    3.709914    0.467985    0.836801    0.006334   -0.946176    0.417575    0.017759
    3.715657    0.462542    0.839184    0.006435   -0.949210    0.412110    0.017717
    3.721400    0.457082    0.841535    0.006537   -0.952214    0.406620    0.017675
    3.727143    0.451605    0.843854    0.006638   -0.955187    0.401106    0.017632
    3.732886    0.446111    0.846142    0.006740   -0.958130    0.395566    0.017588
    3.738629    0.440600    0.848398    0.006840   -0.961041    0.390002    0.017544
    3.744372    0.435072    0.850621    0.006941   -0.963922    0.384413    0.017498
    3.750115    0.429528    0.852813    0.007041   -0.966771    0.378800    0.017452
    3.755858    0.423968    0.854972    0.007142   -0.969588    0.373163    0.017405
    3.761602    0.418391    0.857099    0.007241   -0.972373    0.367502    0.017358
    3.767345    0.412799    0.859193    0.007341   -0.975126    0.361817    0.017309
    3.773088    0.407191    0.861255    0.007440   -0.977847    0.356109    0.017260
    3.778831    0.401568    0.863284    0.007539   -0.980535    0.350377    0.017211
    3.784574    0.395929    0.865279    0.007638   -0.983191    0.344621    0.017160
    3.790317    0.390275    0.867242    0.007736   -0.985813    0.338843    0.017109
    3.796060    0.384606    0.869171    0.007834   -0.988402    0.333041    0.017057
    3.801803    0.378922    0.871067    0.007932   -0.990957    0.327217    0.017004
    3.807546    0.373223    0.872930    0.008030   -0.993479    0.321370    0.016951
    3.813289    0.367511    0.874758    0.008127   -0.995966    0.315501    0.016896
    3.819032    0.361784    0.876553    0.008224   -0.998420    0.309609    0.016841
    3.824775    0.356043    0.878315    0.008320   -1.000839    0.303695    0.016786
    3.830518    0.350288    0.880042    0.008417   -1.003223    0.297759    0.016729
    3.836261    0.344520    0.881735    0.008512   -1.005573    0.291802    0.016672
    3.842004    0.338738    0.883393    0.008608   -1.007887    0.285822    0.016614
    3.847747    0.332943    0.885018    0.008703   -1.010167    0.279822    0.016555
    3.853490    0.327135    0.886607    0.008798   -1.012410    0.273800    0.016496
    3.859233    0.321315    0.888162    0.008893   -1.014618    0.267758    0.016435
    3.864976    0.315481    0.889683    0.008987   -1.016790    0.261694    0.016374
    3.870719    0.309636    0.891168    0.009081   -1.018925    0.255610    0.016313
    3.876462    0.303778    0.892619    0.009174   -1.021024    0.249506    0.016250
    3.882205    0.297908    0.894034    0.009267   -1.023087    0.243381    0.016187
    3.887949    0.292027    0.895414    0.009360   -1.025113    0.237237    0.016123
    3.893692    0.286134    0.896759    0.009453   -1.027101    0.231073    0.016058
    3.899435    0.280229    0.898068    0.009545   -1.029053    0.224889    0.015993
    3.905178    0.274314    0.899342    0.009636   -1.030966    0.218686    0.015927
    3.910921    0.268388    0.900580    0.009728   -1.032842    0.212464    0.015860
    3.916664    0.262451    0.901782    0.009819   -1.034680    0.206223    0.015792
    3.922407    0.256503    0.902949    0.009909   -1.036480    0.199963    0.015724
    3.928150    0.250546    0.904079    0.009999   -1.038242    0.193685    0.015654
    3.933893    0.244578    0.905173    0.010089   -1.039965    0.187389    0.015584
    3.939636    0.238601    0.906231    0.010178   -1.041649    0.181075    0.015514
    3.945379    0.232614    0.907253    0.010267   -1.043295    0.174743    0.015442
    3.951122    0.226617    0.908239    0.010355   -1.044901    0.168394    0.015370
    3.956865    0.220612    0.909187    0.010444   -1.046467    0.162027    0.015297
    3.956865    0.220612    0.909187    0.010444   -1.046467    0.162027    0.015297
