 0  0.00000e+00 0.00000e+00 0.00000e+00 0.00000e+00 0.00000e+00 0.00000e+00
 0  0.00000e+00 0.00000e+00 0.00000e+00 0.00000e+00 0.00000e+00 0.00000e+00

 1  4.93038e-32 3.08149e-33 0.00000e+00 0.00000e+00 4.93038e-32 0.00000e+00
 1  4.93038e-32 3.08149e-33 0.00000e+00 0.00000e+00 4.93038e-32 0.00000e+00

 2  2.50628e-31 3.49235e-32 2.02498e-35 2.40356e-31 3.69779e-32 2.00618e-35
 2  2.50628e-31 3.49235e-32 2.02498e-35 2.40356e-31 3.69779e-32 2.00618e-35

 3  3.25611e-31 2.46519e-32 2.72088e-35 2.38302e-31 7.83212e-32 9.02780e-36
 3  3.25611e-31 2.46519e-32 2.72088e-35 2.38302e-31 7.83212e-32 9.02780e-36

 4  4.22998e-31 3.08149e-32 3.28511e-35 1.72563e-31 1.61907e-31 7.27239e-36
 4  4.22998e-31 3.08149e-32 3.28511e-35 1.72563e-31 1.61907e-31 7.27239e-36

  4.26290e-31 2.75470e-32 9.35241e-36
  2.08159e-31 1.26314e-31 4.87069e-36

 0      0.0648501560	      0.0000000000	      0.0648501560	
 1      0.0090089554	      0.0000000000	      0.0090089554	
 2      0.0000178453	      0.0000000000	      0.0000178453	
 3      0.0441479238	      0.0000000000	      0.0441479238	
 4      0.0000000000	      0.0000000000	      0.0000000000	

F_Leg = 0.1180248805
DV_Leg = 3.4995528820 (km/s)
ToF_Leg (actual) = 3.9568650746
ToF_Leg (design) = 3.9568650752
