    0.292664	    0.956215	0.000000e+00	3.162278e-03	
    0.292664	    0.956215	9.771975e-04	3.007505e-03	
    0.292664	    0.956215	1.858740e-03	2.558336e-03	
    0.292664	    0.956215	2.558336e-03	1.858740e-03	
    0.292664	    0.956215	3.007505e-03	9.771975e-04	
    0.292664	    0.956215	3.162278e-03	1.936337e-19	
    0.292664	    0.956215	3.007505e-03	-9.771975e-04	
    0.292664	    0.956215	2.558336e-03	-1.858740e-03	
    0.292664	    0.956215	1.858740e-03	-2.558336e-03	
    0.292664	    0.956215	9.771975e-04	-3.007505e-03	
    0.292664	    0.956215	3.872673e-19	-3.162278e-03	
    0.292664	    0.956215	-9.771975e-04	-3.007505e-03	
    0.292664	    0.956215	-1.858740e-03	-2.558336e-03	
    0.292664	    0.956215	-2.558336e-03	-1.858740e-03	
    0.292664	    0.956215	-3.007505e-03	-9.771975e-04	
    0.292664	    0.956215	-3.162278e-03	-5.809010e-19	
    0.292664	    0.956215	-3.007505e-03	9.771975e-04	
    0.292664	    0.956215	-2.558336e-03	1.858740e-03	
    0.292664	    0.956215	-1.858740e-03	2.558336e-03	
    0.292664	    0.956215	-9.771975e-04	3.007505e-03	
    0.292664	    0.956215	-7.745346e-19	3.162278e-03	


    0.292664	    0.956215	0.000000e+00	3.162278e-03	
    0.292664	    0.956215	9.771975e-04	3.007505e-03	
    0.292664	    0.956215	1.858740e-03	2.558336e-03	
    0.292664	    0.956215	2.558336e-03	1.858740e-03	
    0.292664	    0.956215	3.007505e-03	9.771975e-04	
    0.292664	    0.956215	3.162278e-03	1.936337e-19	
    0.292664	    0.956215	3.007505e-03	-9.771975e-04	
    0.292664	    0.956215	2.558336e-03	-1.858740e-03	
    0.292664	    0.956215	1.858740e-03	-2.558336e-03	
    0.292664	    0.956215	9.771975e-04	-3.007505e-03	
    0.292664	    0.956215	3.872673e-19	-3.162278e-03	
    0.292664	    0.956215	-9.771975e-04	-3.007505e-03	
    0.292664	    0.956215	-1.858740e-03	-2.558336e-03	
    0.292664	    0.956215	-2.558336e-03	-1.858740e-03	
    0.292664	    0.956215	-3.007505e-03	-9.771975e-04	
    0.292664	    0.956215	-3.162278e-03	-5.809010e-19	
    0.292664	    0.956215	-3.007505e-03	9.771975e-04	
    0.292664	    0.956215	-2.558336e-03	1.858740e-03	
    0.292664	    0.956215	-1.858740e-03	2.558336e-03	
    0.292664	    0.956215	-9.771975e-04	3.007505e-03	
    0.292664	    0.956215	-7.745346e-19	3.162278e-03	


    0.040128	    0.988263	-1.735084e-03	-2.628753e-03	
    0.040128	    0.988263	-2.398710e-03	-2.006021e-03	
    0.040128	    0.988263	-2.827534e-03	-1.186925e-03	
    0.040128	    0.988263	-2.979579e-03	-2.516454e-04	
    0.040128	    0.988263	-2.839962e-03	7.082672e-04	
    0.040128	    0.988263	-2.422349e-03	1.598850e-03	
    0.040128	    0.988263	-1.767620e-03	2.332926e-03	
    0.040128	    0.988263	-9.398646e-04	2.838639e-03	
    0.040128	    0.988263	-2.010834e-05	3.066486e-03	
    0.040128	    0.988263	9.016163e-04	2.994164e-03	
    0.040128	    0.988263	1.735084e-03	2.628753e-03	
    0.040128	    0.988263	2.398710e-03	2.006021e-03	
    0.040128	    0.988263	2.827534e-03	1.186925e-03	
    0.040128	    0.988263	2.979579e-03	2.516454e-04	
    0.040128	    0.988263	2.839962e-03	-7.082672e-04	
    0.040128	    0.988263	2.422349e-03	-1.598850e-03	
    0.040128	    0.988263	1.767620e-03	-2.332926e-03	
    0.040128	    0.988263	9.398646e-04	-2.838639e-03	
    0.040128	    0.988263	2.010834e-05	-3.066486e-03	
    0.040128	    0.988263	-9.016163e-04	-2.994164e-03	
    0.040128	    0.988263	-1.735084e-03	-2.628753e-03	


    0.040128	    0.988263	-1.735084e-03	-2.628753e-03	
    0.040128	    0.988263	-2.398710e-03	-2.006021e-03	
    0.040128	    0.988263	-2.827534e-03	-1.186925e-03	
    0.040128	    0.988263	-2.979579e-03	-2.516454e-04	
    0.040128	    0.988263	-2.839962e-03	7.082672e-04	
    0.040128	    0.988263	-2.422349e-03	1.598850e-03	
    0.040128	    0.988263	-1.767620e-03	2.332926e-03	
    0.040128	    0.988263	-9.398646e-04	2.838639e-03	
    0.040128	    0.988263	-2.010834e-05	3.066486e-03	
    0.040128	    0.988263	9.016163e-04	2.994164e-03	
    0.040128	    0.988263	1.735084e-03	2.628753e-03	
    0.040128	    0.988263	2.398710e-03	2.006021e-03	
    0.040128	    0.988263	2.827534e-03	1.186925e-03	
    0.040128	    0.988263	2.979579e-03	2.516454e-04	
    0.040128	    0.988263	2.839962e-03	-7.082672e-04	
    0.040128	    0.988263	2.422349e-03	-1.598850e-03	
    0.040128	    0.988263	1.767620e-03	-2.332926e-03	
    0.040128	    0.988263	9.398646e-04	-2.838639e-03	
    0.040128	    0.988263	2.010834e-05	-3.066486e-03	
    0.040128	    0.988263	-9.016163e-04	-2.994164e-03	
    0.040128	    0.988263	-1.735084e-03	-2.628753e-03	


   -0.214862	    0.958031	-1.674744e-03	-2.962994e-03	
   -0.214862	    0.958031	-2.260190e-03	-2.440739e-03	
   -0.214862	    0.958031	-2.624393e-03	-1.679567e-03	
   -0.214862	    0.958031	-2.731703e-03	-7.539876e-04	
   -0.214862	    0.958031	-2.571614e-03	2.453974e-04	
   -0.214862	    0.958031	-2.159798e-03	1.220761e-03	
   -0.214862	    0.958031	-1.536566e-03	2.076628e-03	
   -0.214862	    0.958031	-7.629237e-04	2.729221e-03	
   -0.214862	    0.958031	8.539857e-05	3.114658e-03	
   -0.214862	    0.958031	9.253615e-04	3.195211e-03	
   -0.214862	    0.958031	1.674744e-03	2.962994e-03	
   -0.214862	    0.958031	2.260190e-03	2.440739e-03	
   -0.214862	    0.958031	2.624393e-03	1.679567e-03	
   -0.214862	    0.958031	2.731703e-03	7.539876e-04	
   -0.214862	    0.958031	2.571614e-03	-2.453974e-04	
   -0.214862	    0.958031	2.159798e-03	-1.220761e-03	
   -0.214862	    0.958031	1.536566e-03	-2.076628e-03	
   -0.214862	    0.958031	7.629237e-04	-2.729221e-03	
   -0.214862	    0.958031	-8.539857e-05	-3.114658e-03	
   -0.214862	    0.958031	-9.253615e-04	-3.195211e-03	
   -0.214862	    0.958031	-1.674744e-03	-2.962994e-03	


   -0.214862	    0.958031	-1.674744e-03	-2.962994e-03	
   -0.214862	    0.958031	-2.260190e-03	-2.440739e-03	
   -0.214862	    0.958031	-2.624393e-03	-1.679567e-03	
   -0.214862	    0.958031	-2.731703e-03	-7.539876e-04	
   -0.214862	    0.958031	-2.571614e-03	2.453974e-04	
   -0.214862	    0.958031	-2.159798e-03	1.220761e-03	
   -0.214862	    0.958031	-1.536566e-03	2.076628e-03	
   -0.214862	    0.958031	-7.629237e-04	2.729221e-03	
   -0.214862	    0.958031	8.539857e-05	3.114658e-03	
   -0.214862	    0.958031	9.253615e-04	3.195211e-03	
   -0.214862	    0.958031	1.674744e-03	2.962994e-03	
   -0.214862	    0.958031	2.260190e-03	2.440739e-03	
   -0.214862	    0.958031	2.624393e-03	1.679567e-03	
   -0.214862	    0.958031	2.731703e-03	7.539876e-04	
   -0.214862	    0.958031	2.571614e-03	-2.453974e-04	
   -0.214862	    0.958031	2.159798e-03	-1.220761e-03	
   -0.214862	    0.958031	1.536566e-03	-2.076628e-03	
   -0.214862	    0.958031	7.629237e-04	-2.729221e-03	
   -0.214862	    0.958031	-8.539857e-05	-3.114658e-03	
   -0.214862	    0.958031	-9.253615e-04	-3.195211e-03	
   -0.214862	    0.958031	-1.674744e-03	-2.962994e-03	


   -0.455972	    0.866116	-1.641547e-03	-3.453578e-03	
   -0.455972	    0.866116	-2.116833e-03	-3.020448e-03	
   -0.455972	    0.866116	-2.384908e-03	-2.291655e-03	
   -0.455972	    0.866116	-2.419532e-03	-1.338539e-03	
   -0.455972	    0.866116	-2.217315e-03	-2.543977e-04	
   -0.455972	    0.866116	-1.798052e-03	8.546460e-04	
   -0.455972	    0.866116	-1.202783e-03	1.880031e-03	
   -0.455972	    0.866116	-4.897769e-04	2.721385e-03	
   -0.455972	    0.866116	2.711716e-04	3.296352e-03	
   -0.455972	    0.866116	1.005576e-03	3.548648e-03	
   -0.455972	    0.866116	1.641547e-03	3.453578e-03	
   -0.455972	    0.866116	2.116833e-03	3.020448e-03	
   -0.455972	    0.866116	2.384908e-03	2.291655e-03	
   -0.455972	    0.866116	2.419532e-03	1.338539e-03	
   -0.455972	    0.866116	2.217315e-03	2.543977e-04	
   -0.455972	    0.866116	1.798052e-03	-8.546460e-04	
   -0.455972	    0.866116	1.202783e-03	-1.880031e-03	
   -0.455972	    0.866116	4.897769e-04	-2.721385e-03	
   -0.455972	    0.866116	-2.711716e-04	-3.296352e-03	
   -0.455972	    0.866116	-1.005576e-03	-3.548648e-03	
   -0.455972	    0.866116	-1.641547e-03	-3.453578e-03	


   -0.455972	    0.866116	-1.641547e-03	-3.453578e-03	
   -0.455972	    0.866116	-2.116833e-03	-3.020448e-03	
   -0.455972	    0.866116	-2.384908e-03	-2.291655e-03	
   -0.455972	    0.866116	-2.419532e-03	-1.338539e-03	
   -0.455972	    0.866116	-2.217315e-03	-2.543977e-04	
   -0.455972	    0.866116	-1.798052e-03	8.546460e-04	
   -0.455972	    0.866116	-1.202783e-03	1.880031e-03	
   -0.455972	    0.866116	-4.897769e-04	2.721385e-03	
   -0.455972	    0.866116	2.711716e-04	3.296352e-03	
   -0.455972	    0.866116	1.005576e-03	3.548648e-03	
   -0.455972	    0.866116	1.641547e-03	3.453578e-03	
   -0.455972	    0.866116	2.116833e-03	3.020448e-03	
   -0.455972	    0.866116	2.384908e-03	2.291655e-03	
   -0.455972	    0.866116	2.419532e-03	1.338539e-03	
   -0.455972	    0.866116	2.217315e-03	2.543977e-04	
   -0.455972	    0.866116	1.798052e-03	-8.546460e-04	
   -0.455972	    0.866116	1.202783e-03	-1.880031e-03	
   -0.455972	    0.866116	4.897769e-04	-2.721385e-03	
   -0.455972	    0.866116	-2.711716e-04	-3.296352e-03	
   -0.455972	    0.866116	-1.005576e-03	-3.548648e-03	
   -0.455972	    0.866116	-1.641547e-03	-3.453578e-03	


   -0.667448	    0.717929	-1.523842e-03	-4.011263e-03	
   -0.667448	    0.717929	-1.898378e-03	-3.644321e-03	
   -0.667448	    0.717929	-2.087088e-03	-2.920649e-03	
   -0.667448	    0.717929	-2.071500e-03	-1.911082e-03	
   -0.667448	    0.717929	-1.853138e-03	-7.144461e-04	
   -0.667448	    0.717929	-1.453379e-03	5.521252e-04	
   -0.667448	    0.717929	-9.113522e-04	1.764651e-03	
   -0.667448	    0.717929	-2.801163e-04	2.804440e-03	
   -0.667448	    0.717929	3.785393e-04	3.569711e-03	
   -0.667448	    0.717929	1.000141e-03	3.985553e-03	
   -0.667448	    0.717929	1.523842e-03	4.011263e-03	
   -0.667448	    0.717929	1.898378e-03	3.644321e-03	
   -0.667448	    0.717929	2.087088e-03	2.920649e-03	
   -0.667448	    0.717929	2.071500e-03	1.911082e-03	
   -0.667448	    0.717929	1.853138e-03	7.144461e-04	
   -0.667448	    0.717929	1.453379e-03	-5.521252e-04	
   -0.667448	    0.717929	9.113522e-04	-1.764651e-03	
   -0.667448	    0.717929	2.801163e-04	-2.804440e-03	
   -0.667448	    0.717929	-3.785393e-04	-3.569711e-03	
   -0.667448	    0.717929	-1.000141e-03	-3.985553e-03	
   -0.667448	    0.717929	-1.523842e-03	-4.011263e-03	


   -0.667448	    0.717929	-1.523842e-03	-4.011263e-03	
   -0.667448	    0.717929	-1.898378e-03	-3.644321e-03	
   -0.667448	    0.717929	-2.087088e-03	-2.920649e-03	
   -0.667448	    0.717929	-2.071500e-03	-1.911082e-03	
   -0.667448	    0.717929	-1.853138e-03	-7.144461e-04	
   -0.667448	    0.717929	-1.453379e-03	5.521252e-04	
   -0.667448	    0.717929	-9.113522e-04	1.764651e-03	
   -0.667448	    0.717929	-2.801163e-04	2.804440e-03	
   -0.667448	    0.717929	3.785393e-04	3.569711e-03	
   -0.667448	    0.717929	1.000141e-03	3.985553e-03	
   -0.667448	    0.717929	1.523842e-03	4.011263e-03	
   -0.667448	    0.717929	1.898378e-03	3.644321e-03	
   -0.667448	    0.717929	2.087088e-03	2.920649e-03	
   -0.667448	    0.717929	2.071500e-03	1.911082e-03	
   -0.667448	    0.717929	1.853138e-03	7.144461e-04	
   -0.667448	    0.717929	1.453379e-03	-5.521252e-04	
   -0.667448	    0.717929	9.113522e-04	-1.764651e-03	
   -0.667448	    0.717929	2.801163e-04	-2.804440e-03	
   -0.667448	    0.717929	-3.785393e-04	-3.569711e-03	
   -0.667448	    0.717929	-1.000141e-03	-3.985553e-03	
   -0.667448	    0.717929	-1.523842e-03	-4.011263e-03	


   -0.835777	    0.523287	-1.204322e-03	-4.517388e-03	
   -0.835777	    0.523287	-1.509501e-03	-4.199217e-03	
   -0.835777	    0.523287	-1.666920e-03	-3.469997e-03	
   -0.835777	    0.523287	-1.661169e-03	-2.401111e-03	
   -0.835777	    0.523287	-1.492811e-03	-1.097186e-03	
   -0.835777	    0.523287	-1.178327e-03	3.141382e-04	
   -0.835777	    0.523287	-7.484993e-04	1.694713e-03	
   -0.835777	    0.523287	-2.454037e-04	2.909397e-03	
   -0.835777	    0.523287	2.817137e-04	3.839289e-03	
   -0.835777	    0.523287	7.812551e-04	4.393365e-03	
   -0.835777	    0.523287	1.204322e-03	4.517388e-03	
   -0.835777	    0.523287	1.509501e-03	4.199217e-03	
   -0.835777	    0.523287	1.666920e-03	3.469997e-03	
   -0.835777	    0.523287	1.661169e-03	2.401111e-03	
   -0.835777	    0.523287	1.492811e-03	1.097186e-03	
   -0.835777	    0.523287	1.178327e-03	-3.141382e-04	
   -0.835777	    0.523287	7.484993e-04	-1.694713e-03	
   -0.835777	    0.523287	2.454037e-04	-2.909397e-03	
   -0.835777	    0.523287	-2.817137e-04	-3.839289e-03	
   -0.835777	    0.523287	-7.812551e-04	-4.393365e-03	
   -0.835777	    0.523287	-1.204322e-03	-4.517388e-03	


   -0.835777	    0.523287	-1.204322e-03	-4.517388e-03	
   -0.835777	    0.523287	-1.509501e-03	-4.199217e-03	
   -0.835777	    0.523287	-1.666920e-03	-3.469997e-03	
   -0.835777	    0.523287	-1.661169e-03	-2.401111e-03	
   -0.835777	    0.523287	-1.492811e-03	-1.097186e-03	
   -0.835777	    0.523287	-1.178327e-03	3.141382e-04	
   -0.835777	    0.523287	-7.484993e-04	1.694713e-03	
   -0.835777	    0.523287	-2.454037e-04	2.909397e-03	
   -0.835777	    0.523287	2.817137e-04	3.839289e-03	
   -0.835777	    0.523287	7.812551e-04	4.393365e-03	
   -0.835777	    0.523287	1.204322e-03	4.517388e-03	
   -0.835777	    0.523287	1.509501e-03	4.199217e-03	
   -0.835777	    0.523287	1.666920e-03	3.469997e-03	
   -0.835777	    0.523287	1.661169e-03	2.401111e-03	
   -0.835777	    0.523287	1.492811e-03	1.097186e-03	
   -0.835777	    0.523287	1.178327e-03	-3.141382e-04	
   -0.835777	    0.523287	7.484993e-04	-1.694713e-03	
   -0.835777	    0.523287	2.454037e-04	-2.909397e-03	
   -0.835777	    0.523287	-2.817137e-04	-3.839289e-03	
   -0.835777	    0.523287	-7.812551e-04	-4.393365e-03	
   -0.835777	    0.523287	-1.204322e-03	-4.517388e-03	


   -0.951029	    0.295338	-6.760132e-04	-4.851839e-03	
   -0.951029	    0.295338	-9.362781e-04	-4.573500e-03	
   -0.951029	    0.295338	-1.104894e-03	-3.847475e-03	
   -0.951029	    0.295338	-1.165354e-03	-2.744832e-03	
   -0.951029	    0.295338	-1.111742e-03	-1.373506e-03	
   -0.951029	    0.295338	-9.493048e-04	1.322679e-04	
   -0.951029	    0.295338	-6.939429e-04	1.625095e-03	
   -0.951029	    0.295338	-3.706531e-04	2.958846e-03	
   -0.951029	    0.295338	-1.108120e-05	4.002965e-03	
   -0.951029	    0.295338	3.495754e-04	4.655246e-03	
   -0.951029	    0.295338	6.760132e-04	4.851839e-03	
   -0.951029	    0.295338	9.362781e-04	4.573500e-03	
   -0.951029	    0.295338	1.104894e-03	3.847475e-03	
   -0.951029	    0.295338	1.165354e-03	2.744832e-03	
   -0.951029	    0.295338	1.111742e-03	1.373506e-03	
   -0.951029	    0.295338	9.493048e-04	-1.322679e-04	
   -0.951029	    0.295338	6.939429e-04	-1.625095e-03	
   -0.951029	    0.295338	3.706531e-04	-2.958846e-03	
   -0.951029	    0.295338	1.108120e-05	-4.002965e-03	
   -0.951029	    0.295338	-3.495754e-04	-4.655246e-03	
   -0.951029	    0.295338	-6.760132e-04	-4.851839e-03	


   -0.951029	    0.295338	-6.760132e-04	-4.851839e-03	
   -0.951029	    0.295338	-9.362781e-04	-4.573500e-03	
   -0.951029	    0.295338	-1.104894e-03	-3.847475e-03	
   -0.951029	    0.295338	-1.165354e-03	-2.744832e-03	
   -0.951029	    0.295338	-1.111742e-03	-1.373506e-03	
   -0.951029	    0.295338	-9.493048e-04	1.322679e-04	
   -0.951029	    0.295338	-6.939429e-04	1.625095e-03	
   -0.951029	    0.295338	-3.706531e-04	2.958846e-03	
   -0.951029	    0.295338	-1.108120e-05	4.002965e-03	
   -0.951029	    0.295338	3.495754e-04	4.655246e-03	
   -0.951029	    0.295338	6.760132e-04	4.851839e-03	
   -0.951029	    0.295338	9.362781e-04	4.573500e-03	
   -0.951029	    0.295338	1.104894e-03	3.847475e-03	
   -0.951029	    0.295338	1.165354e-03	2.744832e-03	
   -0.951029	    0.295338	1.111742e-03	1.373506e-03	
   -0.951029	    0.295338	9.493048e-04	-1.322679e-04	
   -0.951029	    0.295338	6.939429e-04	-1.625095e-03	
   -0.951029	    0.295338	3.706531e-04	-2.958846e-03	
   -0.951029	    0.295338	1.108120e-05	-4.002965e-03	
   -0.951029	    0.295338	-3.495754e-04	-4.655246e-03	
   -0.951029	    0.295338	-6.760132e-04	-4.851839e-03	


   -1.007612	    0.049078	-6.588706e-05	-4.889884e-03	
   -1.007612	    0.049078	-3.004062e-04	-4.647353e-03	
   -1.007612	    0.049078	-5.055196e-04	-3.949906e-03	
   -1.007612	    0.049078	-6.611491e-04	-2.865815e-03	
   -1.007612	    0.049078	-7.520608e-04	-1.501198e-03	
   -1.007612	    0.049078	-7.693555e-04	1.036642e-05	
   -1.007612	    0.049078	-7.113404e-04	1.520916e-03	
   -1.007612	    0.049078	-5.836942e-04	2.882589e-03	
   -1.007612	    0.049078	-3.989121e-04	3.962093e-03	
   -1.007612	    0.049078	-1.750816e-04	4.653760e-03	
   -1.007612	    0.049078	6.588706e-05	4.889884e-03	
   -1.007612	    0.049078	3.004062e-04	4.647353e-03	
   -1.007612	    0.049078	5.055196e-04	3.949906e-03	
   -1.007612	    0.049078	6.611491e-04	2.865815e-03	
   -1.007612	    0.049078	7.520608e-04	1.501198e-03	
   -1.007612	    0.049078	7.693555e-04	-1.036642e-05	
   -1.007612	    0.049078	7.113404e-04	-1.520916e-03	
   -1.007612	    0.049078	5.836942e-04	-2.882589e-03	
   -1.007612	    0.049078	3.989121e-04	-3.962093e-03	
   -1.007612	    0.049078	1.750816e-04	-4.653760e-03	
   -1.007612	    0.049078	-6.588706e-05	-4.889884e-03	


   -1.007612	    0.049078	-6.588706e-05	-4.889884e-03	
   -1.007612	    0.049078	-3.004062e-04	-4.647353e-03	
   -1.007612	    0.049078	-5.055196e-04	-3.949906e-03	
   -1.007612	    0.049078	-6.611491e-04	-2.865815e-03	
   -1.007612	    0.049078	-7.520608e-04	-1.501198e-03	
   -1.007612	    0.049078	-7.693555e-04	1.036642e-05	
   -1.007612	    0.049078	-7.113404e-04	1.520916e-03	
   -1.007612	    0.049078	-5.836942e-04	2.882589e-03	
   -1.007612	    0.049078	-3.989121e-04	3.962093e-03	
   -1.007612	    0.049078	-1.750816e-04	4.653760e-03	
   -1.007612	    0.049078	6.588706e-05	4.889884e-03	
   -1.007612	    0.049078	3.004062e-04	4.647353e-03	
   -1.007612	    0.049078	5.055196e-04	3.949906e-03	
   -1.007612	    0.049078	6.611491e-04	2.865815e-03	
   -1.007612	    0.049078	7.520608e-04	1.501198e-03	
   -1.007612	    0.049078	7.693555e-04	-1.036642e-05	
   -1.007612	    0.049078	7.113404e-04	-1.520916e-03	
   -1.007612	    0.049078	5.836942e-04	-2.882589e-03	
   -1.007612	    0.049078	3.989121e-04	-3.962093e-03	
   -1.007612	    0.049078	1.750816e-04	-4.653760e-03	
   -1.007612	    0.049078	-6.588706e-05	-4.889884e-03	


   -1.004353	   -0.200196	5.104375e-04	-4.660544e-03	
   -1.004353	   -0.200196	2.934099e-04	-4.453474e-03	
   -1.004353	   -0.200196	4.766141e-05	-3.810467e-03	
   -1.004353	   -0.200196	-2.027525e-04	-2.794465e-03	
   -1.004353	   -0.200196	-4.333197e-04	-1.504921e-03	
   -1.004353	   -0.200196	-6.214704e-04	-6.806540e-05	
   -1.004353	   -0.200196	-7.487874e-04	1.375453e-03	
   -1.004353	   -0.200196	-8.028078e-04	2.684333e-03	
   -1.004353	   -0.200196	-7.782437e-04	3.730451e-03	
   -1.004353	   -0.200196	-6.774998e-04	4.411407e-03	
   -1.004353	   -0.200196	-5.104375e-04	4.660544e-03	
   -1.004353	   -0.200196	-2.934099e-04	4.453474e-03	
   -1.004353	   -0.200196	-4.766141e-05	3.810467e-03	
   -1.004353	   -0.200196	2.027525e-04	2.794465e-03	
   -1.004353	   -0.200196	4.333197e-04	1.504921e-03	
   -1.004353	   -0.200196	6.214704e-04	6.806540e-05	
   -1.004353	   -0.200196	7.487874e-04	-1.375453e-03	
   -1.004353	   -0.200196	8.028078e-04	-2.684333e-03	
   -1.004353	   -0.200196	7.782437e-04	-3.730451e-03	
   -1.004353	   -0.200196	6.774998e-04	-4.411407e-03	
   -1.004353	   -0.200196	5.104375e-04	-4.660544e-03	


   -1.004353	   -0.200196	5.104375e-04	-4.660544e-03	
   -1.004353	   -0.200196	2.934099e-04	-4.453474e-03	
   -1.004353	   -0.200196	4.766141e-05	-3.810467e-03	
   -1.004353	   -0.200196	-2.027525e-04	-2.794465e-03	
   -1.004353	   -0.200196	-4.333197e-04	-1.504921e-03	
   -1.004353	   -0.200196	-6.214704e-04	-6.806540e-05	
   -1.004353	   -0.200196	-7.487874e-04	1.375453e-03	
   -1.004353	   -0.200196	-8.028078e-04	2.684333e-03	
   -1.004353	   -0.200196	-7.782437e-04	3.730451e-03	
   -1.004353	   -0.200196	-6.774998e-04	4.411407e-03	
   -1.004353	   -0.200196	-5.104375e-04	4.660544e-03	
   -1.004353	   -0.200196	-2.934099e-04	4.453474e-03	
   -1.004353	   -0.200196	-4.766141e-05	3.810467e-03	
   -1.004353	   -0.200196	2.027525e-04	2.794465e-03	
   -1.004353	   -0.200196	4.333197e-04	1.504921e-03	
   -1.004353	   -0.200196	6.214704e-04	6.806540e-05	
   -1.004353	   -0.200196	7.487874e-04	-1.375453e-03	
   -1.004353	   -0.200196	8.028078e-04	-2.684333e-03	
   -1.004353	   -0.200196	7.782437e-04	-3.730451e-03	
   -1.004353	   -0.200196	6.774998e-04	-4.411407e-03	
   -1.004353	   -0.200196	5.104375e-04	-4.660544e-03	


   -0.944022	   -0.438194	9.890910e-04	-4.202030e-03	
   -0.944022	   -0.438194	7.840959e-04	-4.033226e-03	
   -0.944022	   -0.438194	5.023480e-04	-3.469621e-03	
   -0.944022	   -0.438194	1.714267e-04	-2.566386e-03	
   -0.944022	   -0.438194	-1.762749e-04	-1.411935e-03	
   -0.944022	   -0.438194	-5.067216e-04	-1.192742e-04	
   -0.944022	   -0.438194	-7.875668e-04	1.185062e-03	
   -0.944022	   -0.438194	-9.913195e-04	2.373396e-03	
   -0.944022	   -0.438194	-1.098035e-03	3.329406e-03	
   -0.944022	   -0.438194	-1.097267e-03	3.959510e-03	
   -0.944022	   -0.438194	-9.890910e-04	4.202030e-03	
   -0.944022	   -0.438194	-7.840959e-04	4.033226e-03	
   -0.944022	   -0.438194	-5.023480e-04	3.469621e-03	
   -0.944022	   -0.438194	-1.714267e-04	2.566386e-03	
   -0.944022	   -0.438194	1.762749e-04	1.411935e-03	
   -0.944022	   -0.438194	5.067216e-04	1.192742e-04	
   -0.944022	   -0.438194	7.875668e-04	-1.185062e-03	
   -0.944022	   -0.438194	9.913195e-04	-2.373396e-03	
   -0.944022	   -0.438194	1.098035e-03	-3.329406e-03	
   -0.944022	   -0.438194	1.097267e-03	-3.959510e-03	
   -0.944022	   -0.438194	9.890910e-04	-4.202030e-03	


   -0.944022	   -0.438194	9.890910e-04	-4.202030e-03	
   -0.944022	   -0.438194	7.840959e-04	-4.033226e-03	
   -0.944022	   -0.438194	5.023480e-04	-3.469621e-03	
   -0.944022	   -0.438194	1.714267e-04	-2.566386e-03	
   -0.944022	   -0.438194	-1.762749e-04	-1.411935e-03	
   -0.944022	   -0.438194	-5.067216e-04	-1.192742e-04	
   -0.944022	   -0.438194	-7.875668e-04	1.185062e-03	
   -0.944022	   -0.438194	-9.913195e-04	2.373396e-03	
   -0.944022	   -0.438194	-1.098035e-03	3.329406e-03	
   -0.944022	   -0.438194	-1.097267e-03	3.959510e-03	
   -0.944022	   -0.438194	-9.890910e-04	4.202030e-03	
   -0.944022	   -0.438194	-7.840959e-04	4.033226e-03	
   -0.944022	   -0.438194	-5.023480e-04	3.469621e-03	
   -0.944022	   -0.438194	-1.714267e-04	2.566386e-03	
   -0.944022	   -0.438194	1.762749e-04	1.411935e-03	
   -0.944022	   -0.438194	5.067216e-04	1.192742e-04	
   -0.944022	   -0.438194	7.875668e-04	-1.185062e-03	
   -0.944022	   -0.438194	9.913195e-04	-2.373396e-03	
   -0.944022	   -0.438194	1.098035e-03	-3.329406e-03	
   -0.944022	   -0.438194	1.097267e-03	-3.959510e-03	
   -0.944022	   -0.438194	9.890910e-04	-4.202030e-03	


   -0.832530	   -0.652537	1.324121e-03	-3.620543e-03	
   -0.832530	   -0.652537	1.126112e-03	-3.492056e-03	
   -0.832530	   -0.652537	8.178725e-04	-3.021742e-03	
   -0.832530	   -0.652537	4.295735e-04	-2.255639e-03	
   -0.832530	   -0.652537	-7.751791e-07	-1.268738e-03	
   -0.832530	   -0.652537	-4.310480e-04	-1.576447e-04	
   -0.832530	   -0.652537	-8.191268e-04	9.688803e-04	
   -0.832530	   -0.652537	-1.127024e-03	2.000565e-03	
   -0.832530	   -0.652537	-1.324600e-03	2.836420e-03	
   -0.832530	   -0.652537	-1.392515e-03	3.394626e-03	
   -0.832530	   -0.652537	-1.324121e-03	3.620543e-03	
   -0.832530	   -0.652537	-1.126112e-03	3.492056e-03	
   -0.832530	   -0.652537	-8.178725e-04	3.021742e-03	
   -0.832530	   -0.652537	-4.295735e-04	2.255639e-03	
   -0.832530	   -0.652537	7.751791e-07	1.268738e-03	
   -0.832530	   -0.652537	4.310480e-04	1.576447e-04	
   -0.832530	   -0.652537	8.191268e-04	-9.688803e-04	
   -0.832530	   -0.652537	1.127024e-03	-2.000565e-03	
   -0.832530	   -0.652537	1.324600e-03	-2.836420e-03	
   -0.832530	   -0.652537	1.392515e-03	-3.394626e-03	
   -0.832530	   -0.652537	1.324121e-03	-3.620543e-03	


   -0.832530	   -0.652537	1.324121e-03	-3.620543e-03	
   -0.832530	   -0.652537	1.126112e-03	-3.492056e-03	
   -0.832530	   -0.652537	8.178725e-04	-3.021742e-03	
   -0.832530	   -0.652537	4.295735e-04	-2.255639e-03	
   -0.832530	   -0.652537	-7.751791e-07	-1.268738e-03	
   -0.832530	   -0.652537	-4.310480e-04	-1.576447e-04	
   -0.832530	   -0.652537	-8.191268e-04	9.688803e-04	
   -0.832530	   -0.652537	-1.127024e-03	2.000565e-03	
   -0.832530	   -0.652537	-1.324600e-03	2.836420e-03	
   -0.832530	   -0.652537	-1.392515e-03	3.394626e-03	
   -0.832530	   -0.652537	-1.324121e-03	3.620543e-03	
   -0.832530	   -0.652537	-1.126112e-03	3.492056e-03	
   -0.832530	   -0.652537	-8.178725e-04	3.021742e-03	
   -0.832530	   -0.652537	-4.295735e-04	2.255639e-03	
   -0.832530	   -0.652537	7.751791e-07	1.268738e-03	
   -0.832530	   -0.652537	4.310480e-04	1.576447e-04	
   -0.832530	   -0.652537	8.191268e-04	-9.688803e-04	
   -0.832530	   -0.652537	1.127024e-03	-2.000565e-03	
   -0.832530	   -0.652537	1.324600e-03	-2.836420e-03	
   -0.832530	   -0.652537	1.392515e-03	-3.394626e-03	
   -0.832530	   -0.652537	1.324121e-03	-3.620543e-03	


   -0.678032	   -0.833246	1.459374e-03	-2.981345e-03	
   -0.678032	   -0.833246	1.271507e-03	-2.892425e-03	
   -0.678032	   -0.833246	9.591765e-04	-2.520374e-03	
   -0.678032	   -0.833246	5.529549e-04	-1.901612e-03	
   -0.678032	   -0.833246	9.260617e-05	-1.096707e-03	
   -0.678032	   -0.833246	-3.768075e-04	-1.844480e-04	
   -0.678032	   -0.833246	-8.093365e-04	7.458658e-04	
   -0.678032	   -0.833246	-1.162642e-03	1.603169e-03	
   -0.678032	   -0.833246	-1.402140e-03	2.303543e-03	
   -0.678032	   -0.833246	-1.504387e-03	2.778430e-03	
   -0.678032	   -0.833246	-1.459374e-03	2.981345e-03	
   -0.678032	   -0.833246	-1.271507e-03	2.892425e-03	
   -0.678032	   -0.833246	-9.591765e-04	2.520374e-03	
   -0.678032	   -0.833246	-5.529549e-04	1.901612e-03	
   -0.678032	   -0.833246	-9.260617e-05	1.096707e-03	
   -0.678032	   -0.833246	3.768075e-04	1.844480e-04	
   -0.678032	   -0.833246	8.093365e-04	-7.458658e-04	
   -0.678032	   -0.833246	1.162642e-03	-1.603169e-03	
   -0.678032	   -0.833246	1.402140e-03	-2.303543e-03	
   -0.678032	   -0.833246	1.504387e-03	-2.778430e-03	
   -0.678032	   -0.833246	1.459374e-03	-2.981345e-03	


   -0.678032	   -0.833246	1.459374e-03	-2.981345e-03	
   -0.678032	   -0.833246	1.271507e-03	-2.892425e-03	
   -0.678032	   -0.833246	9.591765e-04	-2.520374e-03	
   -0.678032	   -0.833246	5.529549e-04	-1.901612e-03	
   -0.678032	   -0.833246	9.260617e-05	-1.096707e-03	
   -0.678032	   -0.833246	-3.768075e-04	-1.844480e-04	
   -0.678032	   -0.833246	-8.093365e-04	7.458658e-04	
   -0.678032	   -0.833246	-1.162642e-03	1.603169e-03	
   -0.678032	   -0.833246	-1.402140e-03	2.303543e-03	
   -0.678032	   -0.833246	-1.504387e-03	2.778430e-03	
   -0.678032	   -0.833246	-1.459374e-03	2.981345e-03	
   -0.678032	   -0.833246	-1.271507e-03	2.892425e-03	
   -0.678032	   -0.833246	-9.591765e-04	2.520374e-03	
   -0.678032	   -0.833246	-5.529549e-04	1.901612e-03	
   -0.678032	   -0.833246	-9.260617e-05	1.096707e-03	
   -0.678032	   -0.833246	3.768075e-04	1.844480e-04	
   -0.678032	   -0.833246	8.093365e-04	-7.458658e-04	
   -0.678032	   -0.833246	1.162642e-03	-1.603169e-03	
   -0.678032	   -0.833246	1.402140e-03	-2.303543e-03	
   -0.678032	   -0.833246	1.504387e-03	-2.778430e-03	
   -0.678032	   -0.833246	1.459374e-03	-2.981345e-03	


   -0.490069	   -0.972907	1.412755e-03	-2.385639e-03	
   -0.490069	   -0.972907	1.235761e-03	-2.332744e-03	
   -0.490069	   -0.972907	9.378019e-04	-2.051505e-03	
   -0.490069	   -0.972907	5.480442e-04	-1.569450e-03	
   -0.490069	   -0.972907	1.046402e-04	-9.337662e-04	
   -0.490069	   -0.972907	-3.490068e-04	-2.066789e-04	
   -0.490069	   -0.972907	-7.684905e-04	5.406395e-04	
   -0.490069	   -0.972907	-1.112749e-03	1.235036e-03	
   -0.490069	   -0.972907	-1.348084e-03	1.808539e-03	
   -0.490069	   -0.972907	-1.451459e-03	2.205010e-03	
   -0.490069	   -0.972907	-1.412755e-03	2.385639e-03	
   -0.490069	   -0.972907	-1.235761e-03	2.332744e-03	
   -0.490069	   -0.972907	-9.378019e-04	2.051505e-03	
   -0.490069	   -0.972907	-5.480442e-04	1.569450e-03	
   -0.490069	   -0.972907	-1.046402e-04	9.337662e-04	
   -0.490069	   -0.972907	3.490068e-04	2.066789e-04	
   -0.490069	   -0.972907	7.684905e-04	-5.406395e-04	
   -0.490069	   -0.972907	1.112749e-03	-1.235036e-03	
   -0.490069	   -0.972907	1.348084e-03	-1.808539e-03	
   -0.490069	   -0.972907	1.451459e-03	-2.205010e-03	
   -0.490069	   -0.972907	1.412755e-03	-2.385639e-03	


   -0.490069	   -0.972907	1.412755e-03	-2.385639e-03	
   -0.490069	   -0.972907	1.235761e-03	-2.332744e-03	
   -0.490069	   -0.972907	9.378019e-04	-2.051505e-03	
   -0.490069	   -0.972907	5.480442e-04	-1.569450e-03	
   -0.490069	   -0.972907	1.046402e-04	-9.337662e-04	
   -0.490069	   -0.972907	-3.490068e-04	-2.066789e-04	
   -0.490069	   -0.972907	-7.684905e-04	5.406395e-04	
   -0.490069	   -0.972907	-1.112749e-03	1.235036e-03	
   -0.490069	   -0.972907	-1.348084e-03	1.808539e-03	
   -0.490069	   -0.972907	-1.451459e-03	2.205010e-03	
   -0.490069	   -0.972907	-1.412755e-03	2.385639e-03	
   -0.490069	   -0.972907	-1.235761e-03	2.332744e-03	
   -0.490069	   -0.972907	-9.378019e-04	2.051505e-03	
   -0.490069	   -0.972907	-5.480442e-04	1.569450e-03	
   -0.490069	   -0.972907	-1.046402e-04	9.337662e-04	
   -0.490069	   -0.972907	3.490068e-04	2.066789e-04	
   -0.490069	   -0.972907	7.684905e-04	-5.406395e-04	
   -0.490069	   -0.972907	1.112749e-03	-1.235036e-03	
   -0.490069	   -0.972907	1.348084e-03	-1.808539e-03	
   -0.490069	   -0.972907	1.451459e-03	-2.205010e-03	
   -0.490069	   -0.972907	1.412755e-03	-2.385639e-03	


   -0.278873	   -1.066582	1.235389e-03	-1.874516e-03	
   -0.278873	   -1.066582	1.068609e-03	-1.852838e-03	
   -0.278873	   -1.066582	7.972259e-04	-1.649791e-03	
   -0.278873	   -1.066582	4.478049e-04	-1.285250e-03	
   -0.278873	   -1.066582	5.454977e-05	-7.949008e-04	
   -0.278873	   -1.066582	-3.440451e-04	-2.267409e-04	
   -0.278873	   -1.066582	-7.089625e-04	3.636140e-04	
   -0.278873	   -1.066582	-1.004482e-03	9.183759e-04	
   -0.278873	   -1.066582	-1.201675e-03	1.383241e-03	
   -0.278873	   -1.066582	-1.281240e-03	1.712704e-03	
   -0.278873	   -1.066582	-1.235389e-03	1.874516e-03	
   -0.278873	   -1.066582	-1.068609e-03	1.852838e-03	
   -0.278873	   -1.066582	-7.972259e-04	1.649791e-03	
   -0.278873	   -1.066582	-4.478049e-04	1.285250e-03	
   -0.278873	   -1.066582	-5.454977e-05	7.949008e-04	
   -0.278873	   -1.066582	3.440451e-04	2.267409e-04	
   -0.278873	   -1.066582	7.089625e-04	-3.636140e-04	
   -0.278873	   -1.066582	1.004482e-03	-9.183759e-04	
   -0.278873	   -1.066582	1.201675e-03	-1.383241e-03	
   -0.278873	   -1.066582	1.281240e-03	-1.712704e-03	
   -0.278873	   -1.066582	1.235389e-03	-1.874516e-03	


   -0.278873	   -1.066582	1.235389e-03	-1.874516e-03	
   -0.278873	   -1.066582	1.068609e-03	-1.852838e-03	
   -0.278873	   -1.066582	7.972259e-04	-1.649791e-03	
   -0.278873	   -1.066582	4.478049e-04	-1.285250e-03	
   -0.278873	   -1.066582	5.454977e-05	-7.949008e-04	
   -0.278873	   -1.066582	-3.440451e-04	-2.267409e-04	
   -0.278873	   -1.066582	-7.089625e-04	3.636140e-04	
   -0.278873	   -1.066582	-1.004482e-03	9.183759e-04	
   -0.278873	   -1.066582	-1.201675e-03	1.383241e-03	
   -0.278873	   -1.066582	-1.281240e-03	1.712704e-03	
   -0.278873	   -1.066582	-1.235389e-03	1.874516e-03	
   -0.278873	   -1.066582	-1.068609e-03	1.852838e-03	
   -0.278873	   -1.066582	-7.972259e-04	1.649791e-03	
   -0.278873	   -1.066582	-4.478049e-04	1.285250e-03	
   -0.278873	   -1.066582	-5.454977e-05	7.949008e-04	
   -0.278873	   -1.066582	3.440451e-04	2.267409e-04	
   -0.278873	   -1.066582	7.089625e-04	-3.636140e-04	
   -0.278873	   -1.066582	1.004482e-03	-9.183759e-04	
   -0.278873	   -1.066582	1.201675e-03	-1.383241e-03	
   -0.278873	   -1.066582	1.281240e-03	-1.712704e-03	
   -0.278873	   -1.066582	1.235389e-03	-1.874516e-03	


   -0.054901	   -1.111587	9.589946e-04	-1.485899e-03	
   -0.054901	   -1.111587	8.000953e-04	-1.485434e-03	
   -0.054901	   -1.111587	5.628770e-04	-1.339565e-03	
   -0.054901	   -1.111587	2.705605e-04	-1.062570e-03	
   -0.054901	   -1.111587	-4.824040e-05	-6.815627e-04	
   -0.054901	   -1.111587	-3.623192e-04	-2.338397e-04	
   -0.054901	   -1.111587	-6.409316e-04	2.367732e-04	
   -0.054901	   -1.111587	-8.568052e-04	6.842091e-04	
   -0.054901	   -1.111587	-9.888088e-04	1.064670e-03	
   -0.054901	   -1.111587	-1.024021e-03	1.340913e-03	
   -0.054901	   -1.111587	-9.589946e-04	1.485899e-03	
   -0.054901	   -1.111587	-8.000953e-04	1.485434e-03	
   -0.054901	   -1.111587	-5.628770e-04	1.339565e-03	
   -0.054901	   -1.111587	-2.705605e-04	1.062570e-03	
   -0.054901	   -1.111587	4.824040e-05	6.815627e-04	
   -0.054901	   -1.111587	3.623192e-04	2.338397e-04	
   -0.054901	   -1.111587	6.409316e-04	-2.367732e-04	
   -0.054901	   -1.111587	8.568052e-04	-6.842091e-04	
   -0.054901	   -1.111587	9.888088e-04	-1.064670e-03	
   -0.054901	   -1.111587	1.024021e-03	-1.340913e-03	
   -0.054901	   -1.111587	9.589946e-04	-1.485899e-03	


   -0.054901	   -1.111587	9.589946e-04	-1.485899e-03	
   -0.054901	   -1.111587	8.000953e-04	-1.485434e-03	
   -0.054901	   -1.111587	5.628770e-04	-1.339565e-03	
   -0.054901	   -1.111587	2.705605e-04	-1.062570e-03	
   -0.054901	   -1.111587	-4.824040e-05	-6.815627e-04	
   -0.054901	   -1.111587	-3.623192e-04	-2.338397e-04	
   -0.054901	   -1.111587	-6.409316e-04	2.367732e-04	
   -0.054901	   -1.111587	-8.568052e-04	6.842091e-04	
   -0.054901	   -1.111587	-9.888088e-04	1.064670e-03	
   -0.054901	   -1.111587	-1.024021e-03	1.340913e-03	
   -0.054901	   -1.111587	-9.589946e-04	1.485899e-03	
   -0.054901	   -1.111587	-8.000953e-04	1.485434e-03	
   -0.054901	   -1.111587	-5.628770e-04	1.339565e-03	
   -0.054901	   -1.111587	-2.705605e-04	1.062570e-03	
   -0.054901	   -1.111587	4.824040e-05	6.815627e-04	
   -0.054901	   -1.111587	3.623192e-04	2.338397e-04	
   -0.054901	   -1.111587	6.409316e-04	-2.367732e-04	
   -0.054901	   -1.111587	8.568052e-04	-6.842091e-04	
   -0.054901	   -1.111587	9.888088e-04	-1.064670e-03	
   -0.054901	   -1.111587	1.024021e-03	-1.340913e-03	
   -0.054901	   -1.111587	9.589946e-04	-1.485899e-03	


    0.171539	   -1.107274	6.429741e-04	-1.224877e-03	
    0.171539	   -1.107274	4.913962e-04	-1.227975e-03	
    0.171539	   -1.107274	2.917172e-04	-1.110871e-03	
    0.171539	   -1.107274	6.348275e-05	-8.850275e-04	
    0.171539	   -1.107274	-1.709658e-04	-5.725509e-04	
    0.171539	   -1.107274	-3.886790e-04	-2.040291e-04	
    0.171539	   -1.107274	-5.683456e-04	1.844645e-04	
    0.171539	   -1.107274	-6.923786e-04	5.549015e-04	
    0.171539	   -1.107274	-7.486367e-04	8.710208e-04	
    0.171539	   -1.107274	-7.316131e-04	1.101879e-03	
    0.171539	   -1.107274	-6.429741e-04	1.224877e-03	
    0.171539	   -1.107274	-4.913962e-04	1.227975e-03	
    0.171539	   -1.107274	-2.917172e-04	1.110871e-03	
    0.171539	   -1.107274	-6.348275e-05	8.850275e-04	
    0.171539	   -1.107274	1.709658e-04	5.725509e-04	
    0.171539	   -1.107274	3.886790e-04	2.040291e-04	
    0.171539	   -1.107274	5.683456e-04	-1.844645e-04	
    0.171539	   -1.107274	6.923786e-04	-5.549015e-04	
    0.171539	   -1.107274	7.486367e-04	-8.710208e-04	
    0.171539	   -1.107274	7.316131e-04	-1.101879e-03	
    0.171539	   -1.107274	6.429741e-04	-1.224877e-03	


    0.171539	   -1.107274	6.429741e-04	-1.224877e-03	
    0.171539	   -1.107274	4.913962e-04	-1.227975e-03	
    0.171539	   -1.107274	2.917172e-04	-1.110871e-03	
    0.171539	   -1.107274	6.348275e-05	-8.850275e-04	
    0.171539	   -1.107274	-1.709658e-04	-5.725509e-04	
    0.171539	   -1.107274	-3.886790e-04	-2.040291e-04	
    0.171539	   -1.107274	-5.683456e-04	1.844645e-04	
    0.171539	   -1.107274	-6.923786e-04	5.549015e-04	
    0.171539	   -1.107274	-7.486367e-04	8.710208e-04	
    0.171539	   -1.107274	-7.316131e-04	1.101879e-03	
    0.171539	   -1.107274	-6.429741e-04	1.224877e-03	
    0.171539	   -1.107274	-4.913962e-04	1.227975e-03	
    0.171539	   -1.107274	-2.917172e-04	1.110871e-03	
    0.171539	   -1.107274	-6.348275e-05	8.850275e-04	
    0.171539	   -1.107274	1.709658e-04	5.725509e-04	
    0.171539	   -1.107274	3.886790e-04	2.040291e-04	
    0.171539	   -1.107274	5.683456e-04	-1.844645e-04	
    0.171539	   -1.107274	6.923786e-04	-5.549015e-04	
    0.171539	   -1.107274	7.486367e-04	-8.710208e-04	
    0.171539	   -1.107274	7.316131e-04	-1.101879e-03	
    0.171539	   -1.107274	6.429741e-04	-1.224877e-03	


    0.390523	   -1.054815	3.227256e-04	-1.083246e-03	
    0.390523	   -1.054815	1.819423e-04	-1.067465e-03	
    0.390523	   -1.054815	2.334924e-05	-9.471932e-04	
    0.390523	   -1.054815	-1.375294e-04	-7.342036e-04	
    0.390523	   -1.054815	-2.849457e-04	-4.493450e-04	
    0.390523	   -1.054815	-4.044696e-04	-1.205014e-04	
    0.390523	   -1.054815	-4.844011e-04	2.201377e-04	
    0.390523	   -1.054815	-5.169161e-04	5.392282e-04	
    0.390523	   -1.054815	-4.988317e-04	8.055352e-04	
    0.390523	   -1.054815	-4.319182e-04	9.929909e-04	
    0.390523	   -1.054815	-3.227256e-04	1.083246e-03	
    0.390523	   -1.054815	-1.819423e-04	1.067465e-03	
    0.390523	   -1.054815	-2.334924e-05	9.471932e-04	
    0.390523	   -1.054815	1.375294e-04	7.342036e-04	
    0.390523	   -1.054815	2.849457e-04	4.493450e-04	
    0.390523	   -1.054815	4.044696e-04	1.205014e-04	
    0.390523	   -1.054815	4.844011e-04	-2.201377e-04	
    0.390523	   -1.054815	5.169161e-04	-5.392282e-04	
    0.390523	   -1.054815	4.988317e-04	-8.055352e-04	
    0.390523	   -1.054815	4.319182e-04	-9.929909e-04	
    0.390523	   -1.054815	3.227256e-04	-1.083246e-03	


    0.390523	   -1.054815	3.227256e-04	-1.083246e-03	
    0.390523	   -1.054815	1.819423e-04	-1.067465e-03	
    0.390523	   -1.054815	2.334924e-05	-9.471932e-04	
    0.390523	   -1.054815	-1.375294e-04	-7.342036e-04	
    0.390523	   -1.054815	-2.849457e-04	-4.493450e-04	
    0.390523	   -1.054815	-4.044696e-04	-1.205014e-04	
    0.390523	   -1.054815	-4.844011e-04	2.201377e-04	
    0.390523	   -1.054815	-5.169161e-04	5.392282e-04	
    0.390523	   -1.054815	-4.988317e-04	8.055352e-04	
    0.390523	   -1.054815	-4.319182e-04	9.929909e-04	
    0.390523	   -1.054815	-3.227256e-04	1.083246e-03	
    0.390523	   -1.054815	-1.819423e-04	1.067465e-03	
    0.390523	   -1.054815	-2.334924e-05	9.471932e-04	
    0.390523	   -1.054815	1.375294e-04	7.342036e-04	
    0.390523	   -1.054815	2.849457e-04	4.493450e-04	
    0.390523	   -1.054815	4.044696e-04	1.205014e-04	
    0.390523	   -1.054815	4.844011e-04	-2.201377e-04	
    0.390523	   -1.054815	5.169161e-04	-5.392282e-04	
    0.390523	   -1.054815	4.988317e-04	-8.055352e-04	
    0.390523	   -1.054815	4.319182e-04	-9.929909e-04	
    0.390523	   -1.054815	3.227256e-04	-1.083246e-03	


    0.592690	   -0.957032	5.435549e-05	-1.019324e-03	
    0.592690	   -0.957032	-5.995814e-05	-9.753891e-04	
    0.592690	   -0.957032	-1.684026e-04	-8.359758e-04	
    0.592690	   -0.957032	-2.603627e-04	-6.147314e-04	
    0.592690	   -0.957032	-3.268367e-04	-3.333128e-04	
    0.592690	   -0.957032	-3.613176e-04	-1.926727e-05	
    0.592690	   -0.957032	-3.604302e-04	2.966643e-04	
    0.592690	   -0.957032	-3.242614e-04	5.835563e-04	
    0.592690	   -0.957032	-2.563517e-04	8.133258e-04	
    0.592690	   -0.957032	-1.633484e-04	9.634813e-04	
    0.592690	   -0.957032	-5.435549e-05	1.019324e-03	
    0.592690	   -0.957032	5.995814e-05	9.753891e-04	
    0.592690	   -0.957032	1.684026e-04	8.359758e-04	
    0.592690	   -0.957032	2.603627e-04	6.147314e-04	
    0.592690	   -0.957032	3.268367e-04	3.333128e-04	
    0.592690	   -0.957032	3.613176e-04	1.926727e-05	
    0.592690	   -0.957032	3.604302e-04	-2.966643e-04	
    0.592690	   -0.957032	3.242614e-04	-5.835563e-04	
    0.592690	   -0.957032	2.563517e-04	-8.133258e-04	
    0.592690	   -0.957032	1.633484e-04	-9.634813e-04	
    0.592690	   -0.957032	5.435549e-05	-1.019324e-03	


    0.592690	   -0.957032	5.435549e-05	-1.019324e-03	
    0.592690	   -0.957032	-5.995814e-05	-9.753891e-04	
    0.592690	   -0.957032	-1.684026e-04	-8.359758e-04	
    0.592690	   -0.957032	-2.603627e-04	-6.147314e-04	
    0.592690	   -0.957032	-3.268367e-04	-3.333128e-04	
    0.592690	   -0.957032	-3.613176e-04	-1.926727e-05	
    0.592690	   -0.957032	-3.604302e-04	2.966643e-04	
    0.592690	   -0.957032	-3.242614e-04	5.835563e-04	
    0.592690	   -0.957032	-2.563517e-04	8.133258e-04	
    0.592690	   -0.957032	-1.633484e-04	9.634813e-04	
    0.592690	   -0.957032	-5.435549e-05	1.019324e-03	
    0.592690	   -0.957032	5.995814e-05	9.753891e-04	
    0.592690	   -0.957032	1.684026e-04	8.359758e-04	
    0.592690	   -0.957032	2.603627e-04	6.147314e-04	
    0.592690	   -0.957032	3.268367e-04	3.333128e-04	
    0.592690	   -0.957032	3.613176e-04	1.926727e-05	
    0.592690	   -0.957032	3.604302e-04	-2.966643e-04	
    0.592690	   -0.957032	3.242614e-04	-5.835563e-04	
    0.592690	   -0.957032	2.563517e-04	-8.133258e-04	
    0.592690	   -0.957032	1.633484e-04	-9.634813e-04	
    0.592690	   -0.957032	5.435549e-05	-1.019324e-03	


    0.769350	   -0.818278	-1.113992e-04	-9.948832e-04	
    0.769350	   -0.818278	-1.927136e-04	-9.364747e-04	
    0.769350	   -0.818278	-2.551638e-04	-7.863975e-04	
    0.769350	   -0.818278	-2.926369e-04	-5.593423e-04	
    0.769350	   -0.818278	-3.014646e-04	-2.775347e-04	
    0.769350	   -0.818278	-2.807829e-04	3.143985e-05	
    0.769350	   -0.818278	-2.326162e-04	3.373369e-04	
    0.769350	   -0.818278	-1.616793e-04	6.102130e-04	
    0.769350	   -0.818278	-7.491623e-05	8.233573e-04	
    0.769350	   -0.818278	1.918021e-05	9.559056e-04	
    0.769350	   -0.818278	1.113992e-04	9.948832e-04	
    0.769350	   -0.818278	1.927136e-04	9.364747e-04	
    0.769350	   -0.818278	2.551638e-04	7.863975e-04	
    0.769350	   -0.818278	2.926369e-04	5.593423e-04	
    0.769350	   -0.818278	3.014646e-04	2.775347e-04	
    0.769350	   -0.818278	2.807829e-04	-3.143985e-05	
    0.769350	   -0.818278	2.326162e-04	-3.373369e-04	
    0.769350	   -0.818278	1.616793e-04	-6.102130e-04	
    0.769350	   -0.818278	7.491623e-05	-8.233573e-04	
    0.769350	   -0.818278	-1.918021e-05	-9.559056e-04	
    0.769350	   -0.818278	-1.113992e-04	-9.948832e-04	


    0.769350	   -0.818278	-1.113992e-04	-9.948832e-04	
    0.769350	   -0.818278	-1.927136e-04	-9.364747e-04	
    0.769350	   -0.818278	-2.551638e-04	-7.863975e-04	
    0.769350	   -0.818278	-2.926369e-04	-5.593423e-04	
    0.769350	   -0.818278	-3.014646e-04	-2.775347e-04	
    0.769350	   -0.818278	-2.807829e-04	3.143985e-05	
    0.769350	   -0.818278	-2.326162e-04	3.373369e-04	
    0.769350	   -0.818278	-1.616793e-04	6.102130e-04	
    0.769350	   -0.818278	-7.491623e-05	8.233573e-04	
    0.769350	   -0.818278	1.918021e-05	9.559056e-04	
    0.769350	   -0.818278	1.113992e-04	9.948832e-04	
    0.769350	   -0.818278	1.927136e-04	9.364747e-04	
    0.769350	   -0.818278	2.551638e-04	7.863975e-04	
    0.769350	   -0.818278	2.926369e-04	5.593423e-04	
    0.769350	   -0.818278	3.014646e-04	2.775347e-04	
    0.769350	   -0.818278	2.807829e-04	-3.143985e-05	
    0.769350	   -0.818278	2.326162e-04	-3.373369e-04	
    0.769350	   -0.818278	1.616793e-04	-6.102130e-04	
    0.769350	   -0.818278	7.491623e-05	-8.233573e-04	
    0.769350	   -0.818278	-1.918021e-05	-9.559056e-04	
    0.769350	   -0.818278	-1.113992e-04	-9.948832e-04	


    0.912492	   -0.644508	-1.841755e-04	-9.791062e-04	
    0.912492	   -0.644508	-2.413237e-04	-9.187398e-04	
    0.912492	   -0.644508	-2.748494e-04	-7.684408e-04	
    0.912492	   -0.644508	-2.814710e-04	-5.429214e-04	
    0.912492	   -0.644508	-2.605402e-04	-2.642571e-04	
    0.912492	   -0.644508	-2.141060e-04	4.027455e-05	
    0.912492	   -0.644508	-1.467135e-04	3.408638e-04	
    0.912492	   -0.644508	-6.495974e-05	6.080870e-04	
    0.912492	   -0.644508	2.315275e-05	8.157864e-04	
    0.912492	   -0.644508	1.089989e-04	9.436309e-04	
    0.912492	   -0.644508	1.841755e-04	9.791062e-04	
    0.912492	   -0.644508	2.413237e-04	9.187398e-04	
    0.912492	   -0.644508	2.748494e-04	7.684408e-04	
    0.912492	   -0.644508	2.814710e-04	5.429214e-04	
    0.912492	   -0.644508	2.605402e-04	2.642571e-04	
    0.912492	   -0.644508	2.141060e-04	-4.027455e-05	
    0.912492	   -0.644508	1.467135e-04	-3.408638e-04	
    0.912492	   -0.644508	6.495974e-05	-6.080870e-04	
    0.912492	   -0.644508	-2.315275e-05	-8.157864e-04	
    0.912492	   -0.644508	-1.089989e-04	-9.436309e-04	
    0.912492	   -0.644508	-1.841755e-04	-9.791062e-04	


    0.912492	   -0.644508	-1.841755e-04	-9.791062e-04	
    0.912492	   -0.644508	-2.413237e-04	-9.187398e-04	
    0.912492	   -0.644508	-2.748494e-04	-7.684408e-04	
    0.912492	   -0.644508	-2.814710e-04	-5.429214e-04	
    0.912492	   -0.644508	-2.605402e-04	-2.642571e-04	
    0.912492	   -0.644508	-2.141060e-04	4.027455e-05	
    0.912492	   -0.644508	-1.467135e-04	3.408638e-04	
    0.912492	   -0.644508	-6.495974e-05	6.080870e-04	
    0.912492	   -0.644508	2.315275e-05	8.157864e-04	
    0.912492	   -0.644508	1.089989e-04	9.436309e-04	
    0.912492	   -0.644508	1.841755e-04	9.791062e-04	
    0.912492	   -0.644508	2.413237e-04	9.187398e-04	
    0.912492	   -0.644508	2.748494e-04	7.684408e-04	
    0.912492	   -0.644508	2.814710e-04	5.429214e-04	
    0.912492	   -0.644508	2.605402e-04	2.642571e-04	
    0.912492	   -0.644508	2.141060e-04	-4.027455e-05	
    0.912492	   -0.644508	1.467135e-04	-3.408638e-04	
    0.912492	   -0.644508	6.495974e-05	-6.080870e-04	
    0.912492	   -0.644508	-2.315275e-05	-8.157864e-04	
    0.912492	   -0.644508	-1.089989e-04	-9.436309e-04	
    0.912492	   -0.644508	-1.841755e-04	-9.791062e-04	


    1.015151	   -0.443159	-1.926263e-04	-9.444226e-04	
    1.015151	   -0.443159	-2.360257e-04	-8.874245e-04	
    1.015151	   -0.443159	-2.563214e-04	-7.435591e-04	
    1.015151	   -0.443159	-2.515265e-04	-5.269090e-04	
    1.015151	   -0.443159	-2.221104e-04	-2.586813e-04	
    1.015151	   -0.443159	-1.709526e-04	3.486783e-05	
    1.015151	   -0.443159	-1.030608e-04	3.250039e-04	
    1.015151	   -0.443159	-2.508071e-05	5.833263e-04	
    1.015151	   -0.443159	5.535449e-05	7.845487e-04	
    1.015151	   -0.443159	1.303712e-04	9.089740e-04	
    1.015151	   -0.443159	1.926263e-04	9.444226e-04	
    1.015151	   -0.443159	2.360257e-04	8.874245e-04	
    1.015151	   -0.443159	2.563214e-04	7.435591e-04	
    1.015151	   -0.443159	2.515265e-04	5.269090e-04	
    1.015151	   -0.443159	2.221104e-04	2.586813e-04	
    1.015151	   -0.443159	1.709526e-04	-3.486783e-05	
    1.015151	   -0.443159	1.030608e-04	-3.250039e-04	
    1.015151	   -0.443159	2.508071e-05	-5.833263e-04	
    1.015151	   -0.443159	-5.535449e-05	-7.845487e-04	
    1.015151	   -0.443159	-1.303712e-04	-9.089740e-04	
    1.015151	   -0.443159	-1.926263e-04	-9.444226e-04	


    1.015151	   -0.443159	-1.926263e-04	-9.444226e-04	
    1.015151	   -0.443159	-2.360257e-04	-8.874245e-04	
    1.015151	   -0.443159	-2.563214e-04	-7.435591e-04	
    1.015151	   -0.443159	-2.515265e-04	-5.269090e-04	
    1.015151	   -0.443159	-2.221104e-04	-2.586813e-04	
    1.015151	   -0.443159	-1.709526e-04	3.486783e-05	
    1.015151	   -0.443159	-1.030608e-04	3.250039e-04	
    1.015151	   -0.443159	-2.508071e-05	5.833263e-04	
    1.015151	   -0.443159	5.535449e-05	7.845487e-04	
    1.015151	   -0.443159	1.303712e-04	9.089740e-04	
    1.015151	   -0.443159	1.926263e-04	9.444226e-04	
    1.015151	   -0.443159	2.360257e-04	8.874245e-04	
    1.015151	   -0.443159	2.563214e-04	7.435591e-04	
    1.015151	   -0.443159	2.515265e-04	5.269090e-04	
    1.015151	   -0.443159	2.221104e-04	2.586813e-04	
    1.015151	   -0.443159	1.709526e-04	-3.486783e-05	
    1.015151	   -0.443159	1.030608e-04	-3.250039e-04	
    1.015151	   -0.443159	2.508071e-05	-5.833263e-04	
    1.015151	   -0.443159	-5.535449e-05	-7.845487e-04	
    1.015151	   -0.443159	-1.303712e-04	-9.089740e-04	
    1.015151	   -0.443159	-1.926263e-04	-9.444226e-04	


    1.071831	   -0.222637	-1.591711e-04	-8.858590e-04	
    1.071831	   -0.222637	-1.971125e-04	-8.342849e-04	
    1.071831	   -0.222637	-2.157592e-04	-7.010452e-04	
    1.071831	   -0.222637	-2.132859e-04	-4.991822e-04	
    1.071831	   -0.222637	-1.899347e-04	-2.484559e-04	
    1.071831	   -0.222637	-1.479913e-04	2.659107e-05	
    1.071831	   -0.222637	-9.156153e-05	2.990351e-04	
    1.071831	   -0.222637	-2.616907e-05	5.422075e-04	
    1.071831	   -0.222637	4.178501e-05	7.323048e-04	
    1.071831	   -0.222637	1.056489e-04	8.507191e-04	
    1.071831	   -0.222637	1.591711e-04	8.858590e-04	
    1.071831	   -0.222637	1.971125e-04	8.342849e-04	
    1.071831	   -0.222637	2.157592e-04	7.010452e-04	
    1.071831	   -0.222637	2.132859e-04	4.991822e-04	
    1.071831	   -0.222637	1.899347e-04	2.484559e-04	
    1.071831	   -0.222637	1.479913e-04	-2.659107e-05	
    1.071831	   -0.222637	9.156153e-05	-2.990351e-04	
    1.071831	   -0.222637	2.616907e-05	-5.422075e-04	
    1.071831	   -0.222637	-4.178501e-05	-7.323048e-04	
    1.071831	   -0.222637	-1.056489e-04	-8.507191e-04	
    1.071831	   -0.222637	-1.591711e-04	-8.858590e-04	


    1.071831	   -0.222637	-1.591711e-04	-8.858590e-04	
    1.071831	   -0.222637	-1.971125e-04	-8.342849e-04	
    1.071831	   -0.222637	-2.157592e-04	-7.010452e-04	
    1.071831	   -0.222637	-2.132859e-04	-4.991822e-04	
    1.071831	   -0.222637	-1.899347e-04	-2.484559e-04	
    1.071831	   -0.222637	-1.479913e-04	2.659107e-05	
    1.071831	   -0.222637	-9.156153e-05	2.990351e-04	
    1.071831	   -0.222637	-2.616907e-05	5.422075e-04	
    1.071831	   -0.222637	4.178501e-05	7.323048e-04	
    1.071831	   -0.222637	1.056489e-04	8.507191e-04	
    1.071831	   -0.222637	1.591711e-04	8.858590e-04	
    1.071831	   -0.222637	1.971125e-04	8.342849e-04	
    1.071831	   -0.222637	2.157592e-04	7.010452e-04	
    1.071831	   -0.222637	2.132859e-04	4.991822e-04	
    1.071831	   -0.222637	1.899347e-04	2.484559e-04	
    1.071831	   -0.222637	1.479913e-04	-2.659107e-05	
    1.071831	   -0.222637	9.156153e-05	-2.990351e-04	
    1.071831	   -0.222637	2.616907e-05	-5.422075e-04	
    1.071831	   -0.222637	-4.178501e-05	-7.323048e-04	
    1.071831	   -0.222637	-1.056489e-04	-8.507191e-04	
    1.071831	   -0.222637	-1.591711e-04	-8.858590e-04	


    1.078422	    0.007429	-1.007399e-04	-7.942649e-04	
    1.078422	    0.007429	-1.396929e-04	-7.498248e-04	
    1.078422	    0.007429	-1.649718e-04	-6.319867e-04	
    1.078422	    0.007429	-1.741021e-04	-4.522854e-04	
    1.078422	    0.007429	-1.661901e-04	-2.283112e-04	
    1.078422	    0.007429	-1.420103e-04	1.801174e-05	
    1.078422	    0.007429	-1.039295e-04	2.625715e-04	
    1.078422	    0.007429	-5.567532e-05	4.814290e-04	
    1.078422	    0.007429	-1.971289e-06	6.531608e-04	
    1.078422	    0.007429	5.192571e-05	7.609567e-04	
    1.078422	    0.007429	1.007399e-04	7.942649e-04	
    1.078422	    0.007429	1.396929e-04	7.498248e-04	
    1.078422	    0.007429	1.649718e-04	6.319867e-04	
    1.078422	    0.007429	1.741021e-04	4.522854e-04	
    1.078422	    0.007429	1.661901e-04	2.283112e-04	
    1.078422	    0.007429	1.420103e-04	-1.801174e-05	
    1.078422	    0.007429	1.039295e-04	-2.625715e-04	
    1.078422	    0.007429	5.567532e-05	-4.814290e-04	
    1.078422	    0.007429	1.971289e-06	-6.531608e-04	
    1.078422	    0.007429	-5.192571e-05	-7.609567e-04	
    1.078422	    0.007429	-1.007399e-04	-7.942649e-04	


    1.078422	    0.007429	-1.007399e-04	-7.942649e-04	
    1.078422	    0.007429	-1.396929e-04	-7.498248e-04	
    1.078422	    0.007429	-1.649718e-04	-6.319867e-04	
    1.078422	    0.007429	-1.741021e-04	-4.522854e-04	
    1.078422	    0.007429	-1.661901e-04	-2.283112e-04	
    1.078422	    0.007429	-1.420103e-04	1.801174e-05	
    1.078422	    0.007429	-1.039295e-04	2.625715e-04	
    1.078422	    0.007429	-5.567532e-05	4.814290e-04	
    1.078422	    0.007429	-1.971289e-06	6.531608e-04	
    1.078422	    0.007429	5.192571e-05	7.609567e-04	
    1.078422	    0.007429	1.007399e-04	7.942649e-04	
    1.078422	    0.007429	1.396929e-04	7.498248e-04	
    1.078422	    0.007429	1.649718e-04	6.319867e-04	
    1.078422	    0.007429	1.741021e-04	4.522854e-04	
    1.078422	    0.007429	1.661901e-04	2.283112e-04	
    1.078422	    0.007429	1.420103e-04	-1.801174e-05	
    1.078422	    0.007429	1.039295e-04	-2.625715e-04	
    1.078422	    0.007429	5.567532e-05	-4.814290e-04	
    1.078422	    0.007429	1.971289e-06	-6.531608e-04	
    1.078422	    0.007429	-5.192571e-05	-7.609567e-04	
    1.078422	    0.007429	-1.007399e-04	-7.942649e-04	


    1.032497	    0.236293	-3.834454e-05	-6.844072e-04	
    1.032497	    0.236293	-7.989398e-05	-6.484769e-04	
    1.032497	    0.236293	-1.136228e-04	-5.490692e-04	
    1.032497	    0.236293	-1.362295e-04	-3.959148e-04	
    1.032497	    0.236293	-1.455011e-04	-2.040055e-04	
    1.032497	    0.236293	-1.405300e-04	7.873322e-06	
    1.032497	    0.236293	-1.218028e-04	2.189814e-04	
    1.032497	    0.236293	-9.115280e-05	4.086541e-04	
    1.032497	    0.236293	-5.158007e-05	5.583249e-04	
    1.032497	    0.236293	-6.958331e-06	6.533429e-04	
    1.032497	    0.236293	3.834454e-05	6.844072e-04	
    1.032497	    0.236293	7.989398e-05	6.484769e-04	
    1.032497	    0.236293	1.136228e-04	5.490692e-04	
    1.032497	    0.236293	1.362295e-04	3.959148e-04	
    1.032497	    0.236293	1.455011e-04	2.040055e-04	
    1.032497	    0.236293	1.405300e-04	-7.873322e-06	
    1.032497	    0.236293	1.218028e-04	-2.189814e-04	
    1.032497	    0.236293	9.115280e-05	-4.086541e-04	
    1.032497	    0.236293	5.158007e-05	-5.583249e-04	
    1.032497	    0.236293	6.958331e-06	-6.533429e-04	
    1.032497	    0.236293	-3.834454e-05	-6.844072e-04	


    1.032497	    0.236293	-3.834454e-05	-6.844072e-04	
    1.032497	    0.236293	-7.989398e-05	-6.484769e-04	
    1.032497	    0.236293	-1.136228e-04	-5.490692e-04	
    1.032497	    0.236293	-1.362295e-04	-3.959148e-04	
    1.032497	    0.236293	-1.455011e-04	-2.040055e-04	
    1.032497	    0.236293	-1.405300e-04	7.873322e-06	
    1.032497	    0.236293	-1.218028e-04	2.189814e-04	
    1.032497	    0.236293	-9.115280e-05	4.086541e-04	
    1.032497	    0.236293	-5.158007e-05	5.583249e-04	
    1.032497	    0.236293	-6.958331e-06	6.533429e-04	
    1.032497	    0.236293	3.834454e-05	6.844072e-04	
    1.032497	    0.236293	7.989398e-05	6.484769e-04	
    1.032497	    0.236293	1.136228e-04	5.490692e-04	
    1.032497	    0.236293	1.362295e-04	3.959148e-04	
    1.032497	    0.236293	1.455011e-04	2.040055e-04	
    1.032497	    0.236293	1.405300e-04	-7.873322e-06	
    1.032497	    0.236293	1.218028e-04	-2.189814e-04	
    1.032497	    0.236293	9.115280e-05	-4.086541e-04	
    1.032497	    0.236293	5.158007e-05	-5.583249e-04	
    1.032497	    0.236293	6.958331e-06	-6.533429e-04	
    1.032497	    0.236293	-3.834454e-05	-6.844072e-04	


    0.933696	    0.452190	2.474165e-05	-5.643053e-04	
    0.933696	    0.452190	-1.961258e-05	-5.385779e-04	
    0.933696	    0.452190	-6.204700e-05	-4.601306e-04	
    0.933696	    0.452190	-9.840782e-05	-3.366426e-04	
    0.933696	    0.452190	-1.251358e-04	-1.802017e-04	
    0.933696	    0.452190	-1.396146e-04	-6.121324e-06	
    0.933696	    0.452190	-1.404270e-04	1.685582e-04	
    0.933696	    0.452190	-1.274934e-04	3.267381e-04	
    0.933696	    0.452190	-1.020798e-04	4.529346e-04	
    0.933696	    0.452190	-6.667399e-05	5.347947e-04	
    0.933696	    0.452190	-2.474165e-05	5.643053e-04	
    0.933696	    0.452190	1.961258e-05	5.385779e-04	
    0.933696	    0.452190	6.204700e-05	4.601306e-04	
    0.933696	    0.452190	9.840782e-05	3.366426e-04	
    0.933696	    0.452190	1.251358e-04	1.802017e-04	
    0.933696	    0.452190	1.396146e-04	6.121324e-06	
    0.933696	    0.452190	1.404270e-04	-1.685582e-04	
    0.933696	    0.452190	1.274934e-04	-3.267381e-04	
    0.933696	    0.452190	1.020798e-04	-4.529346e-04	
    0.933696	    0.452190	6.667399e-05	-5.347947e-04	
    0.933696	    0.452190	2.474165e-05	-5.643053e-04	


    0.933696	    0.452190	2.474165e-05	-5.643053e-04	
    0.933696	    0.452190	-1.961258e-05	-5.385779e-04	
    0.933696	    0.452190	-6.204700e-05	-4.601306e-04	
    0.933696	    0.452190	-9.840782e-05	-3.366426e-04	
    0.933696	    0.452190	-1.251358e-04	-1.802017e-04	
    0.933696	    0.452190	-1.396146e-04	-6.121324e-06	
    0.933696	    0.452190	-1.404270e-04	1.685582e-04	
    0.933696	    0.452190	-1.274934e-04	3.267381e-04	
    0.933696	    0.452190	-1.020798e-04	4.529346e-04	
    0.933696	    0.452190	-6.667399e-05	5.347947e-04	
    0.933696	    0.452190	-2.474165e-05	5.643053e-04	
    0.933696	    0.452190	1.961258e-05	5.385779e-04	
    0.933696	    0.452190	6.204700e-05	4.601306e-04	
    0.933696	    0.452190	9.840782e-05	3.366426e-04	
    0.933696	    0.452190	1.251358e-04	1.802017e-04	
    0.933696	    0.452190	1.396146e-04	6.121324e-06	
    0.933696	    0.452190	1.404270e-04	-1.685582e-04	
    0.933696	    0.452190	1.274934e-04	-3.267381e-04	
    0.933696	    0.452190	1.020798e-04	-4.529346e-04	
    0.933696	    0.452190	6.667399e-05	-5.347947e-04	
    0.933696	    0.452190	2.474165e-05	-5.643053e-04	


    0.784041	    0.642896	6.388860e-05	-4.425880e-04	
    0.784041	    0.642896	1.708462e-05	-4.272311e-04	
    0.784041	    0.642896	-3.139172e-05	-3.700538e-04	
    0.784041	    0.642896	-7.679522e-05	-2.766531e-04	
    0.784041	    0.642896	-1.146815e-04	-1.561716e-04	
    0.784041	    0.642896	-1.413419e-04	-2.040303e-05	
    0.784041	    0.642896	-1.541668e-04	1.173628e-04	
    0.784041	    0.642896	-1.519008e-04	2.436403e-04	
    0.784041	    0.642896	-1.347656e-04	3.460686e-04	
    0.784041	    0.642896	-1.044387e-04	4.146213e-04	
    0.784041	    0.642896	-6.388860e-05	4.425880e-04	
    0.784041	    0.642896	-1.708462e-05	4.272311e-04	
    0.784041	    0.642896	3.139172e-05	3.700538e-04	
    0.784041	    0.642896	7.679522e-05	2.766531e-04	
    0.784041	    0.642896	1.146815e-04	1.561716e-04	
    0.784041	    0.642896	1.413419e-04	2.040303e-05	
    0.784041	    0.642896	1.541668e-04	-1.173628e-04	
    0.784041	    0.642896	1.519008e-04	-2.436403e-04	
    0.784041	    0.642896	1.347656e-04	-3.460686e-04	
    0.784041	    0.642896	1.044387e-04	-4.146213e-04	
    0.784041	    0.642896	6.388860e-05	-4.425880e-04	


    0.784041	    0.642896	6.388860e-05	-4.425880e-04	
    0.784041	    0.642896	1.708462e-05	-4.272311e-04	
    0.784041	    0.642896	-3.139172e-05	-3.700538e-04	
    0.784041	    0.642896	-7.679522e-05	-2.766531e-04	
    0.784041	    0.642896	-1.146815e-04	-1.561716e-04	
    0.784041	    0.642896	-1.413419e-04	-2.040303e-05	
    0.784041	    0.642896	-1.541668e-04	1.173628e-04	
    0.784041	    0.642896	-1.519008e-04	2.436403e-04	
    0.784041	    0.642896	-1.347656e-04	3.460686e-04	
    0.784041	    0.642896	-1.044387e-04	4.146213e-04	
    0.784041	    0.642896	-6.388860e-05	4.425880e-04	
    0.784041	    0.642896	-1.708462e-05	4.272311e-04	
    0.784041	    0.642896	3.139172e-05	3.700538e-04	
    0.784041	    0.642896	7.679522e-05	2.766531e-04	
    0.784041	    0.642896	1.146815e-04	1.561716e-04	
    0.784041	    0.642896	1.413419e-04	2.040303e-05	
    0.784041	    0.642896	1.541668e-04	-1.173628e-04	
    0.784041	    0.642896	1.519008e-04	-2.436403e-04	
    0.784041	    0.642896	1.347656e-04	-3.460686e-04	
    0.784041	    0.642896	1.044387e-04	-4.146213e-04	
    0.784041	    0.642896	6.388860e-05	-4.425880e-04	


    0.588557	    0.795800	8.379588e-05	-3.347336e-04	
    0.588557	    0.795800	3.525250e-05	-3.294760e-04	
    0.588557	    0.795800	-1.674164e-05	-2.919670e-04	
    0.588557	    0.795800	-6.709699e-05	-2.258783e-04	
    0.588557	    0.795800	-1.108844e-04	-1.376790e-04	
    0.588557	    0.795800	-1.438177e-04	-3.600276e-05	
    0.588557	    0.795800	-1.626731e-04	6.919770e-05	
    0.588557	    0.795800	-1.656050e-04	1.676246e-04	
    0.588557	    0.795800	-1.523262e-04	2.496432e-04	
    0.588557	    0.795800	-1.241367e-04	3.072251e-04	
    0.588557	    0.795800	-8.379588e-05	3.347336e-04	
    0.588557	    0.795800	-3.525250e-05	3.294760e-04	
    0.588557	    0.795800	1.674164e-05	2.919670e-04	
    0.588557	    0.795800	6.709699e-05	2.258783e-04	
    0.588557	    0.795800	1.108844e-04	1.376790e-04	
    0.588557	    0.795800	1.438177e-04	3.600276e-05	
    0.588557	    0.795800	1.626731e-04	-6.919770e-05	
    0.588557	    0.795800	1.656050e-04	-1.676246e-04	
    0.588557	    0.795800	1.523262e-04	-2.496432e-04	
    0.588557	    0.795800	1.241367e-04	-3.072251e-04	
    0.588557	    0.795800	8.379588e-05	-3.347336e-04	


    0.588557	    0.795800	8.379588e-05	-3.347336e-04	
    0.588557	    0.795800	3.525250e-05	-3.294760e-04	
    0.588557	    0.795800	-1.674164e-05	-2.919670e-04	
    0.588557	    0.795800	-6.709699e-05	-2.258783e-04	
    0.588557	    0.795800	-1.108844e-04	-1.376790e-04	
    0.588557	    0.795800	-1.438177e-04	-3.600276e-05	
    0.588557	    0.795800	-1.626731e-04	6.919770e-05	
    0.588557	    0.795800	-1.656050e-04	1.676246e-04	
    0.588557	    0.795800	-1.523262e-04	2.496432e-04	
    0.588557	    0.795800	-1.241367e-04	3.072251e-04	
    0.588557	    0.795800	-8.379588e-05	3.347336e-04	
    0.588557	    0.795800	-3.525250e-05	3.294760e-04	
    0.588557	    0.795800	1.674164e-05	2.919670e-04	
    0.588557	    0.795800	6.709699e-05	2.258783e-04	
    0.588557	    0.795800	1.108844e-04	1.376790e-04	
    0.588557	    0.795800	1.438177e-04	3.600276e-05	
    0.588557	    0.795800	1.626731e-04	-6.919770e-05	
    0.588557	    0.795800	1.656050e-04	-1.676246e-04	
    0.588557	    0.795800	1.523262e-04	-2.496432e-04	
    0.588557	    0.795800	1.241367e-04	-3.072251e-04	
    0.588557	    0.795800	8.379588e-05	-3.347336e-04	


    0.356193	    0.898494	7.578755e-05	-2.445407e-04	
    0.356193	    0.898494	2.495390e-05	-2.471767e-04	
    0.356193	    0.898494	-2.832242e-05	-2.256173e-04	
    0.356193	    0.898494	-7.882635e-05	-1.819730e-04	
    0.356193	    0.898494	-1.216142e-04	-1.205158e-04	
    0.356193	    0.898494	-1.524976e-04	-4.726175e-05	
    0.356193	    0.898494	-1.684535e-04	3.061863e-05	
    0.356193	    0.898494	-1.679200e-04	1.055019e-04	
    0.356193	    0.898494	-1.509493e-04	1.700578e-04	
    0.356193	    0.898494	-1.192026e-04	2.179673e-04	
    0.356193	    0.898494	-7.578755e-05	2.445407e-04	
    0.356193	    0.898494	-2.495390e-05	2.471767e-04	
    0.356193	    0.898494	2.832242e-05	2.256173e-04	
    0.356193	    0.898494	7.882635e-05	1.819730e-04	
    0.356193	    0.898494	1.216142e-04	1.205158e-04	
    0.356193	    0.898494	1.524976e-04	4.726175e-05	
    0.356193	    0.898494	1.684535e-04	-3.061863e-05	
    0.356193	    0.898494	1.679200e-04	-1.055019e-04	
    0.356193	    0.898494	1.509493e-04	-1.700578e-04	
    0.356193	    0.898494	1.192026e-04	-2.179673e-04	
    0.356193	    0.898494	7.578755e-05	-2.445407e-04	


    0.356193	    0.898494	7.578755e-05	-2.445407e-04	
    0.356193	    0.898494	2.495390e-05	-2.471767e-04	
    0.356193	    0.898494	-2.832242e-05	-2.256173e-04	
    0.356193	    0.898494	-7.882635e-05	-1.819730e-04	
    0.356193	    0.898494	-1.216142e-04	-1.205158e-04	
    0.356193	    0.898494	-1.524976e-04	-4.726175e-05	
    0.356193	    0.898494	-1.684535e-04	3.061863e-05	
    0.356193	    0.898494	-1.679200e-04	1.055019e-04	
    0.356193	    0.898494	-1.509493e-04	1.700578e-04	
    0.356193	    0.898494	-1.192026e-04	2.179673e-04	
    0.356193	    0.898494	-7.578755e-05	2.445407e-04	
    0.356193	    0.898494	-2.495390e-05	2.471767e-04	
    0.356193	    0.898494	2.832242e-05	2.256173e-04	
    0.356193	    0.898494	7.882635e-05	1.819730e-04	
    0.356193	    0.898494	1.216142e-04	1.205158e-04	
    0.356193	    0.898494	1.524976e-04	4.726175e-05	
    0.356193	    0.898494	1.684535e-04	-3.061863e-05	
    0.356193	    0.898494	1.679200e-04	-1.055019e-04	
    0.356193	    0.898494	1.509493e-04	-1.700578e-04	
    0.356193	    0.898494	1.192026e-04	-2.179673e-04	
    0.356193	    0.898494	7.578755e-05	-2.445407e-04	


    0.099977	    0.940423	-6.976207e-06	-1.917752e-04	
    0.099977	    0.940423	-5.916627e-05	-1.804781e-04	
    0.099977	    0.940423	-1.055647e-04	-1.515146e-04	
    0.099977	    0.940423	-1.416298e-04	-1.077197e-04	
    0.099977	    0.940423	-1.638311e-04	-5.338053e-05	
    0.099977	    0.940423	-1.699955e-04	6.183927e-06	
    0.099977	    0.940423	-1.595196e-04	6.514306e-05	
    0.099977	    0.940423	-1.334287e-04	1.177255e-04	
    0.099977	    0.940423	-9.427698e-05	1.587842e-04	
    0.099977	    0.940423	-4.589673e-05	1.843000e-04	
    0.099977	    0.940423	6.976207e-06	1.917752e-04	
    0.099977	    0.940423	5.916627e-05	1.804781e-04	
    0.099977	    0.940423	1.055647e-04	1.515146e-04	
    0.099977	    0.940423	1.416298e-04	1.077197e-04	
    0.099977	    0.940423	1.638311e-04	5.338053e-05	
    0.099977	    0.940423	1.699955e-04	-6.183927e-06	
    0.099977	    0.940423	1.595196e-04	-6.514306e-05	
    0.099977	    0.940423	1.334287e-04	-1.177255e-04	
    0.099977	    0.940423	9.427698e-05	-1.587842e-04	
    0.099977	    0.940423	4.589673e-05	-1.843000e-04	
    0.099977	    0.940423	-6.976207e-06	-1.917752e-04	


    0.099977	    0.940423	-6.976207e-06	-1.917752e-04	
    0.099977	    0.940423	-5.916627e-05	-1.804781e-04	
    0.099977	    0.940423	-1.055647e-04	-1.515146e-04	
    0.099977	    0.940423	-1.416298e-04	-1.077197e-04	
    0.099977	    0.940423	-1.638311e-04	-5.338053e-05	
    0.099977	    0.940423	-1.699955e-04	6.183927e-06	
    0.099977	    0.940423	-1.595196e-04	6.514306e-05	
    0.099977	    0.940423	-1.334287e-04	1.177255e-04	
    0.099977	    0.940423	-9.427698e-05	1.587842e-04	
    0.099977	    0.940423	-4.589673e-05	1.843000e-04	
    0.099977	    0.940423	6.976207e-06	1.917752e-04	
    0.099977	    0.940423	5.916627e-05	1.804781e-04	
    0.099977	    0.940423	1.055647e-04	1.515146e-04	
    0.099977	    0.940423	1.416298e-04	1.077197e-04	
    0.099977	    0.940423	1.638311e-04	5.338053e-05	
    0.099977	    0.940423	1.699955e-04	-6.183927e-06	
    0.099977	    0.940423	1.595196e-04	-6.514306e-05	
    0.099977	    0.940423	1.334287e-04	-1.177255e-04	
    0.099977	    0.940423	9.427698e-05	-1.587842e-04	
    0.099977	    0.940423	4.589673e-05	-1.843000e-04	
    0.099977	    0.940423	-6.976207e-06	-1.917752e-04	


