0	  1.00000e-05 1.00000e-05 1.00000e-05 1.00000e-06 1.00000e-06 1.00000e-06
 0	  1.00000e-05 1.00000e-05 1.00000e-05 5.22267e-07 1.70715e-06 6.10256e-07

 1	  8.87829e-06 9.46666e-06 8.52039e-06 2.04435e-06 8.91757e-07 2.11543e-06
 1	  8.87829e-06 9.46666e-06 8.52039e-06 3.06930e-06 8.24274e-07 2.51308e-06

 2	  7.46949e-06 1.02696e-05 5.98419e-06 3.92170e-06 2.12187e-06 5.15772e-06
 2	  7.46949e-06 1.02696e-05 5.98419e-06 5.98770e-06 1.43626e-06 1.89590e-06

 3	  5.92767e-06 1.26576e-05 4.17233e-06 4.79171e-06 4.07279e-06 3.80477e-06
 3	  5.92767e-06 1.26576e-05 4.17233e-06 5.32603e-06 3.02184e-06 1.83452e-06

 4	  4.43440e-06 1.63951e-05 2.73900e-06 3.82793e-06 4.87688e-06 3.34676e-06
 4	  4.43440e-06 1.63951e-05 2.73900e-06 3.26343e-06 4.03001e-06 2.36130e-06

 5	  2.83884e-06 2.05055e-05 1.52649e-06 4.09404e-06 3.50643e-06 3.62838e-06
 5	  2.83884e-06 2.05055e-05 1.52649e-06 3.75191e-06 3.13574e-06 3.09347e-06

 6	  1.35817e-06 2.35578e-05 6.07585e-07 6.11976e-06 1.44212e-06 4.03346e-06
 6	  1.35817e-06 2.35578e-05 6.07585e-07 5.05025e-06 9.08016e-07 2.82891e-06

 7	  5.96249e-07 2.39111e-05 1.42744e-07 6.30770e-06 7.54457e-07 3.28866e-06
 7	  5.96249e-07 2.39111e-05 1.42744e-07 5.47798e-06 5.44237e-07 2.45778e-06

 8	  6.46772e-07 2.17253e-05 4.32473e-08 4.50711e-06 2.53579e-06 2.55049e-06
 8	  6.46772e-07 2.17253e-05 4.32473e-08 4.73223e-06 2.20867e-06 2.08385e-06

 9	  1.23507e-06 1.76713e-05 2.14083e-07 2.43940e-06 5.22288e-06 1.92619e-06
 9	  1.23507e-06 1.76713e-05 2.14083e-07 2.96510e-06 4.41381e-06 1.35651e-06

10	  1.93910e-06 1.31332e-05 5.14535e-07 8.18305e-07 6.56635e-06 1.09355e-06
10	  1.93910e-06 1.31332e-05 5.14535e-07 9.16400e-07 6.28742e-06 9.23349e-07

11	  2.27176e-06 8.92244e-06 8.56299e-07 5.65706e-08 6.78805e-06 6.38785e-07
11	  2.27176e-06 8.92244e-06 8.56299e-07 5.14525e-08 6.15556e-06 4.35272e-07

12	  2.11768e-06 5.73399e-06 1.11778e-06 3.83013e-07 5.19586e-06 2.27339e-07
12	  2.11768e-06 5.73399e-06 1.11778e-06 2.32538e-07 5.02599e-06 1.34201e-07

13	  1.64455e-06 3.56522e-06 1.24172e-06 1.03878e-06 3.39493e-06 3.95884e-08
13	  1.64455e-06 3.56522e-06 1.24172e-06 9.21558e-07 3.28881e-06 2.69579e-08

14	  1.05095e-06 2.26258e-06 1.23506e-06 1.63133e-06 1.75442e-06 3.21415e-08
14	  1.05095e-06 2.26258e-06 1.23506e-06 1.37589e-06 1.78951e-06 3.44532e-08

15	  5.64487e-07 1.54195e-06 1.11183e-06 1.63122e-06 7.26289e-07 1.23447e-07
15	  5.64487e-07 1.54195e-06 1.11183e-06 1.40161e-06 7.48808e-07 7.60654e-08

16	  2.67747e-07 1.18794e-06 9.40151e-07 1.24687e-06 2.12560e-07 1.97997e-07
16	  2.67747e-07 1.18794e-06 9.40151e-07 1.07077e-06 2.30249e-07 1.38297e-07

17	  1.33505e-07 1.03939e-06 7.42576e-07 7.36853e-07 4.40967e-08 2.77857e-07
17	  1.33505e-07 1.03939e-06 7.42576e-07 6.54381e-07 5.03227e-08 2.18123e-07

18	  9.12488e-08 9.90781e-07 5.37694e-07 3.51011e-07 1.76490e-08 3.63396e-07
18	  9.12488e-08 9.90781e-07 5.37694e-07 2.81106e-07 1.63663e-08 2.64447e-07

19	  7.97620e-08 9.60271e-07 3.55919e-07 1.20357e-07 1.93632e-08 3.95022e-07
19	  7.97620e-08 9.60271e-07 3.55919e-07 1.01097e-07 2.22976e-08 3.25713e-07

20	  6.63297e-08 8.93150e-07 2.03556e-07 6.02335e-08 5.63928e-08 4.37492e-07
20	  6.63297e-08 8.93150e-07 2.03556e-07 5.15163e-08 4.12588e-08 3.30069e-07

21	  4.72369e-08 7.85453e-07 9.73507e-08 5.82144e-08 1.18543e-07 4.10390e-07
21	  4.72369e-08 7.85453e-07 9.73507e-08 6.94717e-08 1.00774e-07 3.12473e-07

22	  3.03154e-08 6.31181e-07 3.67649e-08 6.48514e-08 2.23731e-07 3.60218e-07
22	  3.03154e-08 6.31181e-07 3.67649e-08 8.35123e-08 1.56432e-07 2.34468e-07

23	  2.12190e-08 4.68475e-07 1.60401e-08 4.81976e-08 2.76732e-07 2.51772e-07
23	  2.12190e-08 4.68475e-07 1.60401e-08 8.90013e-08 2.10164e-07 1.52351e-07

24	  2.01044e-08 3.18478e-07 1.96886e-08 3.47177e-08 2.90145e-07 1.49324e-07
24	  2.01044e-08 3.18478e-07 1.96886e-08 4.35853e-08 2.39539e-07 1.05095e-07

25	  2.40593e-08 1.96300e-07 3.40823e-08 1.23977e-08 2.61032e-07 9.19187e-08
25	  2.40593e-08 1.96300e-07 3.40823e-08 1.64708e-08 2.08466e-07 5.47603e-08

26	  2.77053e-08 1.13343e-07 4.85020e-08 1.00706e-08 1.78721e-07 4.05359e-08
26	  2.77053e-08 1.13343e-07 4.85020e-08 7.80773e-09 1.67716e-07 3.38834e-08

27	  2.89993e-08 6.20338e-08 5.98321e-08 2.28556e-08 1.14595e-07 2.17778e-08
27	  2.89993e-08 6.20338e-08 5.98321e-08 1.56821e-08 1.02851e-07 1.80487e-08

28	  2.89471e-08 3.68160e-08 6.31800e-08 2.72496e-08 5.82783e-08 1.40973e-08
28	  2.89471e-08 3.68160e-08 6.31800e-08 2.46942e-08 5.68914e-08 1.56056e-08

  2.88544e-08 6.36923e-08 3.63964e-08
  7.55900e-08 1.31677e-08 8.43347e-09

 0	      0.0000098193	      0.0012498087	      0.0034831894	
1	      0.0000089577	      0.0011018264	      0.0030710669	
2	      0.0000074858	      0.0009475696	      0.0026408967	
3	      0.0000062558	      0.0006058255	      0.0016899183	
4	      0.0000058826	      0.0003019498	      0.0008450377	
5	      0.0000072025	      0.0001531710	      0.0004328833	
6	      0.0000123015	      0.0003331702	      0.0009382218	
7	      0.0000253016	      0.0002498937	      0.0007197865	
8	      0.0000542996	      0.0001623021	      0.0005053568	
9	      0.0000986772	      0.0002484725	      0.0007892125	
10	      0.0001674179	      0.0000883717	      0.0004130135	
11	      0.0001577382	      0.0001548766	      0.0005881591	
12	      0.0000415446	      0.0001482887	      0.0004536569	
13	      0.0000310495	      0.0000688708	      0.0002224497	
14	      0.0000428431	      0.0001225933	      0.0003835447	
15	      0.0000903500	      0.0001070547	      0.0003878679	
16	      0.0001928765	      0.0000981139	      0.0004655470	
17	      0.0004477926	      0.0000699610	      0.0006422227	
18	      0.0017283441	      0.0000946270	      0.0019913238	
19	      0.0033254444	      0.0000632834	      0.0035013167	
20	      0.0032532392	      0.0000891076	      0.0035008799	
21	      0.0032668183	      0.0000839354	      0.0035000849	
22	      0.0031714026	      0.0001189678	      0.0035020284	
23	      0.0030769968	      0.0001524114	      0.0035005666	
24	      0.0015205624	      0.0000664169	      0.0017051430	
25	      0.0000157900	      0.0000805304	      0.0002395936	
26	      0.0000573519	      0.0000208993	      0.0001154335	
27	      0.0000883566	      0.0000346642	      0.0001846926	
28	      0.0007792541	      0.0000110164	      0.0008098699	

FLeg = 0.0412229647
