0	  2.89471e-08 3.68160e-08 6.31800e-08 2.46942e-08 5.68914e-08 1.56056e-08
 0	  2.89471e-08 3.68160e-08 6.31800e-08 2.46942e-08 5.68914e-08 1.56056e-08

 1	  2.80933e-08 2.90183e-08 5.94749e-08 2.43487e-08 3.75032e-08 1.98955e-08
 1	  2.80933e-08 2.90183e-08 5.94749e-08 2.28084e-08 3.67335e-08 1.92604e-08

 2	  2.57177e-08 3.30851e-08 4.91219e-08 1.63377e-08 3.84537e-08 3.22074e-08
 2	  2.57177e-08 3.30851e-08 4.91219e-08 1.48954e-08 3.79487e-08 2.99802e-08

 3	  2.10186e-08 4.57772e-08 3.54128e-08 1.42143e-08 4.58642e-08 4.77576e-08
 3	  2.10186e-08 4.57772e-08 3.54128e-08 1.36230e-08 4.54519e-08 4.77585e-08

 4	  1.50722e-08 6.32782e-08 2.19034e-08 2.53927e-08 4.78193e-08 6.54504e-08
 4	  1.50722e-08 6.32782e-08 2.19034e-08 2.31450e-08 4.94092e-08 6.23397e-08

 5	  1.19062e-08 8.16666e-08 1.30382e-08 4.30932e-08 4.18468e-08 7.38264e-08
 5	  1.19062e-08 8.16666e-08 1.30382e-08 4.14572e-08 4.33046e-08 7.23612e-08

 6	  1.68496e-08 9.49514e-08 1.10937e-08 6.22510e-08 3.03067e-08 7.48896e-08
 6	  1.68496e-08 9.49514e-08 1.10937e-08 6.12522e-08 3.05371e-08 7.42064e-08

 7	  3.33336e-08 9.81729e-08 1.64795e-08 7.30036e-08 2.11034e-08 6.80115e-08
 7	  3.33336e-08 9.81729e-08 1.64795e-08 6.38336e-08 2.28320e-08 5.77651e-08

 8	  5.86245e-08 9.17972e-08 2.66925e-08 6.07394e-08 2.07362e-08 4.66260e-08
 8	  5.86245e-08 9.17972e-08 2.66925e-08 6.03453e-08 2.03450e-08 4.63202e-08

 9	  8.85275e-08 7.72616e-08 3.90743e-08 4.69646e-08 2.70210e-08 3.36868e-08
 9	  8.85275e-08 7.72616e-08 3.90743e-08 4.66271e-08 2.63388e-08 3.29004e-08

10	  1.15748e-07 6.07548e-08 5.07322e-08 3.24796e-08 3.55329e-08 2.17806e-08
10	  1.15748e-07 6.07548e-08 5.07322e-08 3.13700e-08 3.48392e-08 2.14507e-08

  1.56444e-07 1.98728e-08 5.09176e-08
  5.00388e-08 2.20003e-08 1.56209e-08

 0	      0.0000000000	      0.0000000000	      0.0000000000	
1	      0.0000099684	      0.0000100840	      0.0000379931	
2	      0.0000045770	      0.0000146214	      0.0000452116	
3	      0.0000036361	      0.0000053974	      0.0000186360	
4	      0.0014042095	      0.0000157599	      0.0014480080	
5	      0.0000060328	      0.0000066043	      0.0000243869	
6	      0.0000078730	      0.0000045712	      0.0000205770	
7	      0.0000079185	      0.0000285597	      0.0000872894	
8	      0.0000079357	      0.0000019473	      0.0000133476	
9	      0.0000084791	      0.0000056223	      0.0000241042	
10	      0.0000101535	      0.0000044015	      0.0000223858	

FLeg = 0.0017419397

F = 0.0429649044
