    0.292664	    0.956215	0.000000e+00	0.000000e+00	
    0.292664	    0.956215	0.000000e+00	0.000000e+00	
    0.292664	    0.956215	0.000000e+00	0.000000e+00	
    0.292664	    0.956215	0.000000e+00	0.000000e+00	
    0.292664	    0.956215	0.000000e+00	0.000000e+00	
    0.292664	    0.956215	0.000000e+00	0.000000e+00	
    0.292664	    0.956215	0.000000e+00	0.000000e+00	
    0.292664	    0.956215	0.000000e+00	0.000000e+00	
    0.292664	    0.956215	0.000000e+00	0.000000e+00	
    0.292664	    0.956215	0.000000e+00	0.000000e+00	
    0.292664	    0.956215	0.000000e+00	0.000000e+00	
    0.292664	    0.956215	0.000000e+00	0.000000e+00	
    0.292664	    0.956215	0.000000e+00	0.000000e+00	
    0.292664	    0.956215	0.000000e+00	0.000000e+00	
    0.292664	    0.956215	0.000000e+00	0.000000e+00	
    0.292664	    0.956215	0.000000e+00	0.000000e+00	
    0.292664	    0.956215	0.000000e+00	0.000000e+00	
    0.292664	    0.956215	0.000000e+00	0.000000e+00	
    0.292664	    0.956215	0.000000e+00	0.000000e+00	
    0.292664	    0.956215	0.000000e+00	0.000000e+00	
    0.292664	    0.956215	0.000000e+00	0.000000e+00	


    0.292664	    0.956215	0.000000e+00	0.000000e+00	
    0.292664	    0.956215	0.000000e+00	0.000000e+00	
    0.292664	    0.956215	0.000000e+00	0.000000e+00	
    0.292664	    0.956215	0.000000e+00	0.000000e+00	
    0.292664	    0.956215	0.000000e+00	0.000000e+00	
    0.292664	    0.956215	0.000000e+00	0.000000e+00	
    0.292664	    0.956215	0.000000e+00	0.000000e+00	
    0.292664	    0.956215	0.000000e+00	0.000000e+00	
    0.292664	    0.956215	0.000000e+00	0.000000e+00	
    0.292664	    0.956215	0.000000e+00	0.000000e+00	
    0.292664	    0.956215	0.000000e+00	0.000000e+00	
    0.292664	    0.956215	0.000000e+00	0.000000e+00	
    0.292664	    0.956215	0.000000e+00	0.000000e+00	
    0.292664	    0.956215	0.000000e+00	0.000000e+00	
    0.292664	    0.956215	0.000000e+00	0.000000e+00	
    0.292664	    0.956215	0.000000e+00	0.000000e+00	
    0.292664	    0.956215	0.000000e+00	0.000000e+00	
    0.292664	    0.956215	0.000000e+00	0.000000e+00	
    0.292664	    0.956215	0.000000e+00	0.000000e+00	
    0.292664	    0.956215	0.000000e+00	0.000000e+00	
    0.292664	    0.956215	0.000000e+00	0.000000e+00	


   -0.997579	   -0.244449	0.000000e+00	0.000000e+00	
   -0.997579	   -0.244449	0.000000e+00	0.000000e+00	
   -0.997579	   -0.244449	0.000000e+00	0.000000e+00	
   -0.997579	   -0.244449	0.000000e+00	0.000000e+00	
   -0.997579	   -0.244449	0.000000e+00	0.000000e+00	
   -0.997579	   -0.244449	0.000000e+00	0.000000e+00	
   -0.997579	   -0.244449	0.000000e+00	0.000000e+00	
   -0.997579	   -0.244449	0.000000e+00	0.000000e+00	
   -0.997579	   -0.244449	0.000000e+00	0.000000e+00	
   -0.997579	   -0.244449	0.000000e+00	0.000000e+00	
   -0.997579	   -0.244449	0.000000e+00	0.000000e+00	
   -0.997579	   -0.244449	0.000000e+00	0.000000e+00	
   -0.997579	   -0.244449	0.000000e+00	0.000000e+00	
   -0.997579	   -0.244449	0.000000e+00	0.000000e+00	
   -0.997579	   -0.244449	0.000000e+00	0.000000e+00	
   -0.997579	   -0.244449	0.000000e+00	0.000000e+00	
   -0.997579	   -0.244449	0.000000e+00	0.000000e+00	
   -0.997579	   -0.244449	0.000000e+00	0.000000e+00	
   -0.997579	   -0.244449	0.000000e+00	0.000000e+00	
   -0.997579	   -0.244449	0.000000e+00	0.000000e+00	
   -0.997579	   -0.244449	0.000000e+00	0.000000e+00	


   -0.997579	   -0.244449	0.000000e+00	0.000000e+00	
   -0.997579	   -0.244449	0.000000e+00	0.000000e+00	
   -0.997579	   -0.244449	0.000000e+00	0.000000e+00	
   -0.997579	   -0.244449	0.000000e+00	0.000000e+00	
   -0.997579	   -0.244449	0.000000e+00	0.000000e+00	
   -0.997579	   -0.244449	0.000000e+00	0.000000e+00	
   -0.997579	   -0.244449	0.000000e+00	0.000000e+00	
   -0.997579	   -0.244449	0.000000e+00	0.000000e+00	
   -0.997579	   -0.244449	0.000000e+00	0.000000e+00	
   -0.997579	   -0.244449	0.000000e+00	0.000000e+00	
   -0.997579	   -0.244449	0.000000e+00	0.000000e+00	
   -0.997579	   -0.244449	0.000000e+00	0.000000e+00	
   -0.997579	   -0.244449	0.000000e+00	0.000000e+00	
   -0.997579	   -0.244449	0.000000e+00	0.000000e+00	
   -0.997579	   -0.244449	0.000000e+00	0.000000e+00	
   -0.997579	   -0.244449	0.000000e+00	0.000000e+00	
   -0.997579	   -0.244449	0.000000e+00	0.000000e+00	
   -0.997579	   -0.244449	0.000000e+00	0.000000e+00	
   -0.997579	   -0.244449	0.000000e+00	0.000000e+00	
   -0.997579	   -0.244449	0.000000e+00	0.000000e+00	
   -0.997579	   -0.244449	0.000000e+00	0.000000e+00	


    0.774296	   -0.814426	0.000000e+00	0.000000e+00	
    0.774296	   -0.814426	0.000000e+00	0.000000e+00	
    0.774296	   -0.814426	0.000000e+00	0.000000e+00	
    0.774296	   -0.814426	0.000000e+00	0.000000e+00	
    0.774296	   -0.814426	0.000000e+00	0.000000e+00	
    0.774296	   -0.814426	0.000000e+00	0.000000e+00	
    0.774296	   -0.814426	0.000000e+00	0.000000e+00	
    0.774296	   -0.814426	0.000000e+00	0.000000e+00	
    0.774296	   -0.814426	0.000000e+00	0.000000e+00	
    0.774296	   -0.814426	0.000000e+00	0.000000e+00	
    0.774296	   -0.814426	0.000000e+00	0.000000e+00	
    0.774296	   -0.814426	0.000000e+00	0.000000e+00	
    0.774296	   -0.814426	0.000000e+00	0.000000e+00	
    0.774296	   -0.814426	0.000000e+00	0.000000e+00	
    0.774296	   -0.814426	0.000000e+00	0.000000e+00	
    0.774296	   -0.814426	0.000000e+00	0.000000e+00	
    0.774296	   -0.814426	0.000000e+00	0.000000e+00	
    0.774296	   -0.814426	0.000000e+00	0.000000e+00	
    0.774296	   -0.814426	0.000000e+00	0.000000e+00	
    0.774296	   -0.814426	0.000000e+00	0.000000e+00	
    0.774296	   -0.814426	0.000000e+00	0.000000e+00	


    0.774296	   -0.814426	0.000000e+00	0.000000e+00	
    0.774296	   -0.814426	0.000000e+00	0.000000e+00	
    0.774296	   -0.814426	0.000000e+00	0.000000e+00	
    0.774296	   -0.814426	0.000000e+00	0.000000e+00	
    0.774296	   -0.814426	0.000000e+00	0.000000e+00	
    0.774296	   -0.814426	0.000000e+00	0.000000e+00	
    0.774296	   -0.814426	0.000000e+00	0.000000e+00	
    0.774296	   -0.814426	0.000000e+00	0.000000e+00	
    0.774296	   -0.814426	0.000000e+00	0.000000e+00	
    0.774296	   -0.814426	0.000000e+00	0.000000e+00	
    0.774296	   -0.814426	0.000000e+00	0.000000e+00	
    0.774296	   -0.814426	0.000000e+00	0.000000e+00	
    0.774296	   -0.814426	0.000000e+00	0.000000e+00	
    0.774296	   -0.814426	0.000000e+00	0.000000e+00	
    0.774296	   -0.814426	0.000000e+00	0.000000e+00	
    0.774296	   -0.814426	0.000000e+00	0.000000e+00	
    0.774296	   -0.814426	0.000000e+00	0.000000e+00	
    0.774296	   -0.814426	0.000000e+00	0.000000e+00	
    0.774296	   -0.814426	0.000000e+00	0.000000e+00	
    0.774296	   -0.814426	0.000000e+00	0.000000e+00	
    0.774296	   -0.814426	0.000000e+00	0.000000e+00	


    1.044915	    0.192226	0.000000e+00	0.000000e+00	
    1.044915	    0.192226	0.000000e+00	0.000000e+00	
    1.044915	    0.192226	0.000000e+00	0.000000e+00	
    1.044915	    0.192226	0.000000e+00	0.000000e+00	
    1.044915	    0.192226	0.000000e+00	0.000000e+00	
    1.044915	    0.192226	0.000000e+00	0.000000e+00	
    1.044915	    0.192226	0.000000e+00	0.000000e+00	
    1.044915	    0.192226	0.000000e+00	0.000000e+00	
    1.044915	    0.192226	0.000000e+00	0.000000e+00	
    1.044915	    0.192226	0.000000e+00	0.000000e+00	
    1.044915	    0.192226	0.000000e+00	0.000000e+00	
    1.044915	    0.192226	0.000000e+00	0.000000e+00	
    1.044915	    0.192226	0.000000e+00	0.000000e+00	
    1.044915	    0.192226	0.000000e+00	0.000000e+00	
    1.044915	    0.192226	0.000000e+00	0.000000e+00	
    1.044915	    0.192226	0.000000e+00	0.000000e+00	
    1.044915	    0.192226	0.000000e+00	0.000000e+00	
    1.044915	    0.192226	0.000000e+00	0.000000e+00	
    1.044915	    0.192226	0.000000e+00	0.000000e+00	
    1.044915	    0.192226	0.000000e+00	0.000000e+00	
    1.044915	    0.192226	0.000000e+00	0.000000e+00	


    1.044915	    0.192226	0.000000e+00	0.000000e+00	
    1.044915	    0.192226	0.000000e+00	0.000000e+00	
    1.044915	    0.192226	0.000000e+00	0.000000e+00	
    1.044915	    0.192226	0.000000e+00	0.000000e+00	
    1.044915	    0.192226	0.000000e+00	0.000000e+00	
    1.044915	    0.192226	0.000000e+00	0.000000e+00	
    1.044915	    0.192226	0.000000e+00	0.000000e+00	
    1.044915	    0.192226	0.000000e+00	0.000000e+00	
    1.044915	    0.192226	0.000000e+00	0.000000e+00	
    1.044915	    0.192226	0.000000e+00	0.000000e+00	
    1.044915	    0.192226	0.000000e+00	0.000000e+00	
    1.044915	    0.192226	0.000000e+00	0.000000e+00	
    1.044915	    0.192226	0.000000e+00	0.000000e+00	
    1.044915	    0.192226	0.000000e+00	0.000000e+00	
    1.044915	    0.192226	0.000000e+00	0.000000e+00	
    1.044915	    0.192226	0.000000e+00	0.000000e+00	
    1.044915	    0.192226	0.000000e+00	0.000000e+00	
    1.044915	    0.192226	0.000000e+00	0.000000e+00	
    1.044915	    0.192226	0.000000e+00	0.000000e+00	
    1.044915	    0.192226	0.000000e+00	0.000000e+00	
    1.044915	    0.192226	0.000000e+00	0.000000e+00	


    0.099977	    0.940423	0.000000e+00	0.000000e+00	
    0.099977	    0.940423	0.000000e+00	0.000000e+00	
    0.099977	    0.940423	0.000000e+00	0.000000e+00	
    0.099977	    0.940423	0.000000e+00	0.000000e+00	
    0.099977	    0.940423	0.000000e+00	0.000000e+00	
    0.099977	    0.940423	0.000000e+00	0.000000e+00	
    0.099977	    0.940423	0.000000e+00	0.000000e+00	
    0.099977	    0.940423	0.000000e+00	0.000000e+00	
    0.099977	    0.940423	0.000000e+00	0.000000e+00	
    0.099977	    0.940423	0.000000e+00	0.000000e+00	
    0.099977	    0.940423	0.000000e+00	0.000000e+00	
    0.099977	    0.940423	0.000000e+00	0.000000e+00	
    0.099977	    0.940423	0.000000e+00	0.000000e+00	
    0.099977	    0.940423	0.000000e+00	0.000000e+00	
    0.099977	    0.940423	0.000000e+00	0.000000e+00	
    0.099977	    0.940423	0.000000e+00	0.000000e+00	
    0.099977	    0.940423	0.000000e+00	0.000000e+00	
    0.099977	    0.940423	0.000000e+00	0.000000e+00	
    0.099977	    0.940423	0.000000e+00	0.000000e+00	
    0.099977	    0.940423	0.000000e+00	0.000000e+00	
    0.099977	    0.940423	0.000000e+00	0.000000e+00	


    0.099977	    0.940423	0.000000e+00	0.000000e+00	
    0.099977	    0.940423	0.000000e+00	0.000000e+00	
    0.099977	    0.940423	0.000000e+00	0.000000e+00	
    0.099977	    0.940423	0.000000e+00	0.000000e+00	
    0.099977	    0.940423	0.000000e+00	0.000000e+00	
    0.099977	    0.940423	0.000000e+00	0.000000e+00	
    0.099977	    0.940423	0.000000e+00	0.000000e+00	
    0.099977	    0.940423	0.000000e+00	0.000000e+00	
    0.099977	    0.940423	0.000000e+00	0.000000e+00	
    0.099977	    0.940423	0.000000e+00	0.000000e+00	
    0.099977	    0.940423	0.000000e+00	0.000000e+00	
    0.099977	    0.940423	0.000000e+00	0.000000e+00	
    0.099977	    0.940423	0.000000e+00	0.000000e+00	
    0.099977	    0.940423	0.000000e+00	0.000000e+00	
    0.099977	    0.940423	0.000000e+00	0.000000e+00	
    0.099977	    0.940423	0.000000e+00	0.000000e+00	
    0.099977	    0.940423	0.000000e+00	0.000000e+00	
    0.099977	    0.940423	0.000000e+00	0.000000e+00	
    0.099977	    0.940423	0.000000e+00	0.000000e+00	
    0.099977	    0.940423	0.000000e+00	0.000000e+00	
    0.099977	    0.940423	0.000000e+00	0.000000e+00	


