 0  4.39113e-28 5.65664e-28 1.15652e-30 5.17468e-28 4.37977e-27 3.00216e-31
 0  4.39113e-28 5.65664e-28 1.15652e-30 5.17468e-28 4.37977e-27 3.00216e-31

 1  8.31459e-28 1.88080e-26 2.96015e-29 6.34779e-28 4.42975e-28 9.92022e-31
 1  8.31459e-28 1.88080e-26 2.96015e-29 6.34779e-28 4.42975e-28 9.92022e-31

 2  4.69348e-24 2.63043e-24 5.73607e-30 3.05205e-24 3.29619e-24 2.52758e-29
 2  4.69348e-24 2.63043e-24 5.73607e-30 3.05205e-24 3.29619e-24 2.52758e-29

  7.32386e-24 6.09434e-29 8.23325e-34
  6.34820e-24 6.23658e-29 3.71587e-31

 0      0.0000000000	      0.0000000000	      0.0000000000	
 1      0.1238983386	      0.0000000000	      0.1238983386	
 2      0.0000000000	      0.0000000000	      0.0000000000	

FLeg = 0.1238983386
ToF_Leg (actual) = 7.6741437427
ToF_Leg (design) = 7.6741437427

F = 0.4749379536
ToF (actual) = 18.6055205465
ToF (max) 	 = 18.6055204558

