 0  9.09153e-31 5.29948e-31 8.88034e-33 9.19608e-31 6.38163e-31 1.53203e-30
 0  9.09153e-31 5.29948e-31 8.88034e-33 9.19608e-31 6.38163e-31 1.53203e-30

 1  3.41462e-28 2.62913e-29 6.37564e-31 2.48584e-29 2.74893e-28 7.85636e-31
 1  3.41462e-28 2.62913e-29 6.37564e-31 2.48584e-29 2.74893e-28 7.85636e-31

 2  4.39113e-28 5.65664e-28 1.15652e-30 5.17468e-28 4.37977e-27 3.00216e-31
 2  4.39113e-28 5.65664e-28 1.15652e-30 5.17468e-28 4.37977e-27 3.00216e-31

  1.00483e-27 1.23617e-31 9.75559e-31
  4.89455e-27 2.80076e-30 1.87379e-31

 0      0.0061546340	      0.0000000000	      0.0061546340	
 1      0.0920888958	      0.0000000000	      0.0920888958	
 2      0.0000000000	      0.0000000000	      0.0000000000	

FLeg = 0.0982435298
ToF_Leg (actual) = 4.7237805052
ToF_Leg (design) = 4.7237805054
