
    0.000000    0.292664    0.956215   -0.000059   -0.993372    0.251207    0.021357
    0.000000    0.292664    0.956215   -0.000059   -0.993359    0.251202    0.021359
    0.010008    0.282708    0.958681    0.000155   -0.996240    0.241613    0.021358
    0.020016    0.272724    0.961051    0.000369   -0.999026    0.231985    0.021356
    0.030024    0.262712    0.963325    0.000583   -1.001715    0.222319    0.021351
    0.040031    0.252674    0.965501    0.000796   -1.004308    0.212617    0.021344
    0.050039    0.242611    0.967580    0.001010   -1.006803    0.202879    0.021335
    0.060047    0.232523    0.969562    0.001223   -1.009200    0.193107    0.021324
    0.070055    0.222411    0.971445    0.001437   -1.011498    0.183300    0.021310
    0.080063    0.212277    0.973230    0.001650   -1.013697    0.173462    0.021295
    0.090071    0.202122    0.974917    0.001863   -1.015796    0.163592    0.021277
    0.100079    0.191946    0.976505    0.002076   -1.017796    0.153692    0.021257
    0.110087    0.181750    0.977993    0.002288   -1.019694    0.143762    0.021235
    0.120094    0.171536    0.979382    0.002501   -1.021491    0.133805    0.021210
    0.130102    0.161304    0.980671    0.002713   -1.023187    0.123820    0.021184
    0.140110    0.151056    0.981860    0.002925   -1.024780    0.113810    0.021155
    0.150118    0.140793    0.982949    0.003136   -1.026271    0.103775    0.021124
    0.160126    0.130515    0.983937    0.003347   -1.027658    0.093716    0.021091
    0.170134    0.120224    0.984825    0.003558   -1.028942    0.083635    0.021055
    0.180142    0.109921    0.985611    0.003769   -1.030122    0.073532    0.021018
    0.190149    0.099606    0.986297    0.003979   -1.031198    0.063410    0.020978
    0.200157    0.089281    0.986881    0.004189   -1.032168    0.053268    0.020936
    0.210165    0.078946    0.987363    0.004398   -1.033034    0.043109    0.020892
    0.220173    0.068604    0.987743    0.004607   -1.033794    0.032933    0.020846
    0.230181    0.058255    0.988022    0.004815   -1.034449    0.022742    0.020797
    0.240189    0.047899    0.988199    0.005023   -1.034997    0.012537    0.020746
    0.250197    0.037539    0.988273    0.005231   -1.035439    0.002318    0.020693
    0.260205    0.027175    0.988245    0.005437   -1.035773   -0.007911    0.020638
    0.270212    0.016807    0.988114    0.005644   -1.036001   -0.018152    0.020580
    0.280220    0.006439    0.987882    0.005849   -1.036122   -0.028401    0.020521
    0.290228   -0.003931    0.987546    0.006054   -1.036135   -0.038659    0.020459
    0.300236   -0.014300    0.987108    0.006259   -1.036040   -0.048923    0.020395
    0.310244   -0.024668    0.986567    0.006463   -1.035837   -0.059193    0.020329
    0.320252   -0.035033    0.985923    0.006666   -1.035526   -0.069466    0.020260
    0.330260   -0.045394    0.985176    0.006868   -1.035107   -0.079743    0.020190
    0.340267   -0.055751    0.984327    0.007070   -1.034579   -0.090022    0.020117
    0.350275   -0.066102    0.983374    0.007271   -1.033943   -0.100300    0.020042
    0.360283   -0.076446    0.982319    0.007471   -1.033197   -0.110578    0.019965
    0.370291   -0.086781    0.981161    0.007670   -1.032343   -0.120854    0.019886
    0.380299   -0.097108    0.979900    0.007869   -1.031380   -0.131126    0.019805
    0.390307   -0.107425    0.978537    0.008067   -1.030308   -0.141393    0.019721
    0.400315   -0.117730    0.977070    0.008264   -1.029126   -0.151655    0.019635
    0.410323   -0.128023    0.975501    0.008460   -1.027836   -0.161909    0.019547
    0.420330   -0.138303    0.973829    0.008655   -1.026436   -0.172154    0.019458
    0.430338   -0.148568    0.972055    0.008849   -1.024927   -0.182389    0.019365
    0.440346   -0.158817    0.970179    0.009042   -1.023309   -0.192613    0.019271
    0.450354   -0.169050    0.968200    0.009235   -1.021582   -0.202824    0.019175
    0.460362   -0.179264    0.966119    0.009426   -1.019745   -0.213021    0.019077
    0.470370   -0.189460    0.963936    0.009617   -1.017800   -0.223203    0.018976
    0.480378   -0.199636    0.961652    0.009806   -1.015746   -0.233369    0.018874
    0.490385   -0.209791    0.959265    0.009994   -1.013583   -0.243516    0.018769
    0.500393   -0.219923    0.956778    0.010182   -1.011312   -0.253645    0.018662
    0.510401   -0.230033    0.954189    0.010368   -1.008932   -0.263753    0.018554
    0.520409   -0.240118    0.951499    0.010553   -1.006443   -0.273839    0.018443
    0.530417   -0.250177    0.948708    0.010737   -1.003847   -0.283901    0.018330
    0.540425   -0.260210    0.945816    0.010920   -1.001143   -0.293940    0.018215
    0.550433   -0.270215    0.942824    0.011102   -0.998330   -0.303953    0.018099
    0.560440   -0.280192    0.939732    0.011282   -0.995411   -0.313938    0.017980
    0.570448   -0.290139    0.936541    0.011462   -0.992384   -0.323895    0.017859
    0.580456   -0.300055    0.933249    0.011640   -0.989251   -0.333823    0.017737
    0.590464   -0.309939    0.929859    0.011817   -0.986011   -0.343719    0.017612
    0.600472   -0.319790    0.926370    0.011992   -0.982664   -0.353584    0.017486
    0.610480   -0.329607    0.922782    0.012167   -0.979212   -0.363414    0.017357
    0.620488   -0.339389    0.919096    0.012340   -0.975654   -0.373210    0.017227
    0.630496   -0.349135    0.915312    0.012511   -0.971991   -0.382969    0.017095
    0.640503   -0.358844    0.911431    0.012682   -0.968223   -0.392692    0.016960
    0.650511   -0.368515    0.907452    0.012851   -0.964350   -0.402375    0.016825
    0.660519   -0.378146    0.903377    0.013019   -0.960374   -0.412018    0.016687
    0.670527   -0.387737    0.899205    0.013185   -0.956294   -0.421621    0.016547
    0.680535   -0.397287    0.894938    0.013350   -0.952111   -0.431180    0.016406
    0.690543   -0.406794    0.890575    0.013513   -0.947826   -0.440696    0.016263
    0.700551   -0.416258    0.886117    0.013675   -0.943439   -0.450167    0.016118
    0.710558   -0.425677    0.881565    0.013836   -0.938950   -0.459591    0.015971
    0.720566   -0.435051    0.876918    0.013995   -0.934360   -0.468969    0.015823
    0.730574   -0.444379    0.872178    0.014153   -0.929670   -0.478297    0.015672
    0.740582   -0.453659    0.867345    0.014309   -0.924880   -0.487575    0.015521
    0.750590   -0.462891    0.862419    0.014463   -0.919991   -0.496802    0.015367
    0.760598   -0.472073    0.857401    0.014616   -0.915003   -0.505977    0.015212
    0.770606   -0.481205    0.852292    0.014768   -0.909917   -0.515099    0.015055
    0.780614   -0.490285    0.847092    0.014918   -0.904734   -0.524165    0.014897
    0.790621   -0.499313    0.841801    0.015066   -0.899454   -0.533176    0.014737
    0.800629   -0.508288    0.836420    0.015212   -0.894079   -0.542129    0.014575
    0.810637   -0.517209    0.830950    0.015358   -0.888608   -0.551025    0.014412
    0.820645   -0.526074    0.825391    0.015501   -0.883042   -0.559861    0.014248
    0.830653   -0.534883    0.819744    0.015643   -0.877383   -0.568636    0.014082
    0.840661   -0.543635    0.814009    0.015783   -0.871630   -0.577350    0.013914
    0.850669   -0.552329    0.808188    0.015921   -0.865786   -0.586001    0.013745
    0.860676   -0.560964    0.802280    0.016058   -0.859849   -0.594588    0.013574
    0.870684   -0.569539    0.796287    0.016193   -0.853822   -0.603110    0.013402
    0.880692   -0.578054    0.790209    0.016326   -0.847706   -0.611567    0.013229
    0.890700   -0.586506    0.784046    0.016458   -0.841500   -0.619956    0.013054
    0.900708   -0.594897    0.777800    0.016587   -0.835205   -0.628277    0.012878
    0.910716   -0.603223    0.771471    0.016715   -0.828824   -0.636529    0.012701
    0.920724   -0.611486    0.765060    0.016842   -0.822356   -0.644711    0.012522
    0.930732   -0.619683    0.758567    0.016966   -0.815802   -0.652821    0.012342
    0.940739   -0.627814    0.751993    0.017089   -0.809164   -0.660859    0.012161
    0.950747   -0.635879    0.745340    0.017210   -0.802441   -0.668825    0.011979
    0.960755   -0.643876    0.738607    0.017328   -0.795636   -0.676715    0.011795
    0.970763   -0.651804    0.731795    0.017446   -0.788749   -0.684531    0.011610
    0.980771   -0.659663    0.724906    0.017561   -0.781781   -0.692271    0.011424
    0.990779   -0.667451    0.717939    0.017674   -0.774733   -0.699934    0.011237
    0.990779   -0.667451    0.717939    0.017674   -0.774733   -0.699928    0.011232
    1.000787   -0.675169    0.710896    0.017786   -0.767606   -0.707513    0.011044
    1.010794   -0.682815    0.703778    0.017895   -0.760401   -0.715019    0.010855
    1.020802   -0.690389    0.696585    0.018003   -0.753119   -0.722446    0.010664
    1.030810   -0.697889    0.689318    0.018109   -0.745760   -0.729791    0.010473
    1.040818   -0.705316    0.681978    0.018213   -0.738327   -0.737056    0.010280
    1.050826   -0.712667    0.674565    0.018315   -0.730819   -0.744238    0.010087
    1.060834   -0.719943    0.667082    0.018414   -0.723239   -0.751337    0.009893
    1.070842   -0.727143    0.659527    0.018513   -0.715587   -0.758352    0.009697
    1.080850   -0.734266    0.651903    0.018609   -0.707863   -0.765283    0.009501
    1.090857   -0.741311    0.644210    0.018703   -0.700071   -0.772128    0.009304
    1.100865   -0.748278    0.636448    0.018795   -0.692209   -0.778887    0.009106
    1.110873   -0.755166    0.628620    0.018885   -0.684280   -0.785559    0.008908
    1.120881   -0.761974    0.620725    0.018973   -0.676284   -0.792143    0.008708
    1.130889   -0.768702    0.612765    0.019059   -0.668223   -0.798639    0.008508
    1.140897   -0.775349    0.604740    0.019143   -0.660098   -0.805046    0.008307
    1.150905   -0.781914    0.596652    0.019226   -0.651909   -0.811363    0.008105
    1.160912   -0.788397    0.588500    0.019306   -0.643659   -0.817590    0.007903
    1.170920   -0.794797    0.580287    0.019384   -0.635347   -0.823726    0.007699
    1.180928   -0.801114    0.572013    0.019460   -0.626976   -0.829770    0.007496
    1.190936   -0.807347    0.563679    0.019534   -0.618547   -0.835722    0.007291
    1.200944   -0.813495    0.555286    0.019606   -0.610060   -0.841581    0.007086
    1.210952   -0.819557    0.546835    0.019676   -0.601516   -0.847347    0.006881
    1.220960   -0.825534    0.538326    0.019743   -0.592918   -0.853019    0.006675
    1.230968   -0.831425    0.529761    0.019809   -0.584266   -0.858596    0.006468
    1.240975   -0.837229    0.521141    0.019873   -0.575561   -0.864078    0.006261
    1.250983   -0.842945    0.512466    0.019934   -0.566804   -0.869465    0.006054
    1.260991   -0.848573    0.503738    0.019994   -0.557998   -0.874756    0.005846
    1.270999   -0.854113    0.494958    0.020051   -0.549142   -0.879950    0.005638
    1.281007   -0.859565    0.486126    0.020107   -0.540238   -0.885048    0.005429
    1.291015   -0.864927    0.477243    0.020160   -0.531287   -0.890048    0.005220
    1.301023   -0.870199    0.468311    0.020211   -0.522291   -0.894951    0.005011
    1.311030   -0.875380    0.459330    0.020260   -0.513250   -0.899755    0.004801
    1.321038   -0.880472    0.450302    0.020307   -0.504166   -0.904461    0.004591
    1.331046   -0.885472    0.441227    0.020352   -0.495041   -0.909068    0.004381
    1.341054   -0.890380    0.432107    0.020395   -0.485875   -0.913576    0.004171
    1.351062   -0.895197    0.422942    0.020436   -0.476669   -0.917984    0.003960
    1.361070   -0.899921    0.413733    0.020474   -0.467425   -0.922293    0.003750
    1.371078   -0.904552    0.404482    0.020511   -0.458144   -0.926501    0.003539
    1.381086   -0.909091    0.395189    0.020545   -0.448827   -0.930609    0.003328
    1.391093   -0.913536    0.385855    0.020577   -0.439475   -0.934617    0.003117
    1.401101   -0.917887    0.376482    0.020608   -0.430090   -0.938523    0.002906
    1.411109   -0.922144    0.367070    0.020636   -0.420673   -0.942329    0.002695
    1.421117   -0.926307    0.357621    0.020662   -0.411225   -0.946033    0.002484
    1.431125   -0.930375    0.348135    0.020685   -0.401747   -0.949636    0.002273
    1.441133   -0.934348    0.338614    0.020707   -0.392240   -0.953137    0.002062
    1.451141   -0.938226    0.329058    0.020727   -0.382706   -0.956536    0.001851
    1.461148   -0.942008    0.319468    0.020744   -0.373147   -0.959833    0.001640
    1.471156   -0.945695    0.309846    0.020759   -0.363562   -0.963029    0.001429
    1.481164   -0.949285    0.300193    0.020773   -0.353953   -0.966122    0.001218
    1.491172   -0.952779    0.290509    0.020784   -0.344322   -0.969113    0.001008
    1.501180   -0.956177    0.280796    0.020793   -0.334670   -0.972002    0.000798
    1.511188   -0.959478    0.271054    0.020800   -0.324997   -0.974788    0.000588
    1.521196   -0.962682    0.261285    0.020805   -0.315306   -0.977472    0.000378
    1.531203   -0.965789    0.251490    0.020807   -0.305597   -0.980054    0.000169
    1.541211   -0.968799    0.241669    0.020808   -0.295871   -0.982533   -0.000041
    1.551219   -0.971711    0.231824    0.020807   -0.286130   -0.984910   -0.000250
    1.561227   -0.974526    0.221955    0.020803   -0.276375   -0.987184   -0.000458
    1.571235   -0.977243    0.212065    0.020797   -0.266607   -0.989356   -0.000666
    1.581243   -0.979862    0.202153    0.020790   -0.256828   -0.991426   -0.000874
    1.591251   -0.982383    0.192221    0.020780   -0.247037   -0.993394   -0.001082
    1.601259   -0.984807    0.182270    0.020768   -0.237237   -0.995260   -0.001288
    1.611266   -0.987132    0.172301    0.020754   -0.227429   -0.997023   -0.001495
    1.621274   -0.989359    0.162314    0.020738   -0.217613   -0.998685   -0.001701
    1.631282   -0.991487    0.152312    0.020720   -0.207792   -1.000245   -0.001907
    1.641290   -0.993518    0.142294    0.020700   -0.197965   -1.001703   -0.002112
    1.651298   -0.995450    0.132262    0.020678   -0.188135   -1.003060   -0.002316
    1.661306   -0.997283    0.122217    0.020654   -0.178302   -1.004316   -0.002520
    1.671314   -0.999019    0.112160    0.020627   -0.168468   -1.005471   -0.002723
    1.681321   -1.000655    0.102092    0.020599   -0.158633   -1.006524   -0.002926
    1.691329   -1.002194    0.092014    0.020569   -0.148799   -1.007478   -0.003128
    1.701337   -1.003634    0.081927    0.020536   -0.138967   -1.008330   -0.003330
    1.711345   -1.004975    0.071832    0.020502   -0.129138   -1.009083   -0.003531
    1.721353   -1.006219    0.061730    0.020466   -0.119313   -1.009735   -0.003731
    1.731361   -1.007363    0.051622    0.020427   -0.109493   -1.010288   -0.003930
    1.741369   -1.008410    0.041509    0.020387   -0.099678   -1.010741   -0.004129
    1.751377   -1.009359    0.031391    0.020345   -0.089872   -1.011096   -0.004327
    1.761384   -1.010209    0.021271    0.020301   -0.080073   -1.011351   -0.004524
    1.771392   -1.010961    0.011149    0.020254   -0.070284   -1.011508   -0.004721
    1.781400   -1.011616    0.001025    0.020206   -0.060505   -1.011567   -0.004916
    1.791408   -1.012172   -0.009098    0.020156   -0.050737   -1.011528   -0.005111
    1.801416   -1.012631   -0.019221    0.020104   -0.040982   -1.011392   -0.005305
    1.811424   -1.012993   -0.029341    0.020050   -0.031240   -1.011158   -0.005498
    1.821432   -1.013257   -0.039459    0.019994   -0.021512   -1.010828   -0.005690
    1.831439   -1.013423   -0.049574    0.019936   -0.011800   -1.010401   -0.005882
    1.841447   -1.013493   -0.059683    0.019876   -0.002105   -1.009879   -0.006072
    1.851455   -1.013466   -0.069787    0.019814    0.007574   -1.009261   -0.006262
    1.861463   -1.013341   -0.079884    0.019751    0.017234   -1.008547   -0.006450
    1.871471   -1.013121   -0.089973    0.019685    0.026874   -1.007739   -0.006638
    1.881479   -1.012804   -0.100054    0.019618    0.036495   -1.006837   -0.006824
    1.891487   -1.012390   -0.110126    0.019549    0.046094   -1.005841   -0.007010
    1.901495   -1.011881   -0.120186    0.019478    0.055671   -1.004751   -0.007195
    1.911502   -1.011276   -0.130236    0.019405    0.065225   -1.003568   -0.007378
    1.921510   -1.010576   -0.140273    0.019330    0.074755   -1.002293   -0.007561
    1.931518   -1.009780   -0.150297    0.019253    0.084260   -1.000926   -0.007742
    1.941526   -1.008889   -0.160307    0.019175    0.093740   -0.999468   -0.007923
    1.951534   -1.007904   -0.170302    0.019095    0.103193   -0.997918   -0.008102
    1.961542   -1.006824   -0.180281    0.019013    0.112618   -0.996278   -0.008281
    1.971550   -1.005650   -0.190243    0.018929    0.122015   -0.994548   -0.008458
    1.981557   -1.004382   -0.200187    0.018843    0.131383   -0.992728   -0.008634
    1.981557   -1.004382   -0.200187    0.018843    0.131284   -0.992289   -0.008766
    1.991565   -1.003021   -0.210109    0.018755    0.140622   -0.990381   -0.008941
    2.001573   -1.001567   -0.220010    0.018664    0.149929   -0.988384   -0.009115
    2.011581   -1.000020   -0.229891    0.018572    0.159204   -0.986299   -0.009287
    2.021589   -0.998381   -0.239751    0.018479    0.168446   -0.984127   -0.009459
    2.031597   -0.996649   -0.249589    0.018383    0.177655   -0.981868   -0.009629
    2.041605   -0.994825   -0.259404    0.018286    0.186831   -0.979523   -0.009798
    2.051613   -0.992909   -0.269195    0.018187    0.195971   -0.977092   -0.009966
    2.061620   -0.990903   -0.278961    0.018086    0.205075   -0.974577   -0.010132
    2.071628   -0.988805   -0.288701    0.017984    0.214143   -0.971976   -0.010297
    2.081636   -0.986616   -0.298415    0.017880    0.223174   -0.969292   -0.010461
    2.091644   -0.984338   -0.308102    0.017775    0.232167   -0.966525   -0.010624
    2.101652   -0.981970   -0.317761    0.017668    0.241121   -0.963675   -0.010785
    2.111660   -0.979512   -0.327391    0.017559    0.250036   -0.960743   -0.010945
    2.121668   -0.976965   -0.336991    0.017449    0.258911   -0.957729   -0.011104
    2.131675   -0.974330   -0.346560    0.017337    0.267745   -0.954634   -0.011262
    2.141683   -0.971606   -0.356098    0.017223    0.276538   -0.951460   -0.011418
    2.151691   -0.968795   -0.365604    0.017108    0.285288   -0.948205   -0.011573
    2.161699   -0.965896   -0.375077    0.016992    0.293995   -0.944872   -0.011726
    2.171707   -0.962910   -0.384516    0.016873    0.302659   -0.941460   -0.011878
    2.181715   -0.959838   -0.393920    0.016754    0.311279   -0.937970   -0.012029
    2.191723   -0.956680   -0.403290    0.016633    0.319854   -0.934403   -0.012178
    2.201731   -0.953436   -0.412623    0.016510    0.328384   -0.930759   -0.012326
    2.211738   -0.950107   -0.421919    0.016386    0.336867   -0.927040   -0.012473
    2.221746   -0.946694   -0.431178    0.016260    0.345304   -0.923246   -0.012618
    2.231754   -0.943196   -0.440399    0.016133    0.353693   -0.919377   -0.012762
    2.241762   -0.939614   -0.449580    0.016005    0.362035   -0.915434   -0.012904
    2.251770   -0.935950   -0.458721    0.015875    0.370328   -0.911417   -0.013045
    2.261778   -0.932202   -0.467822    0.015744    0.378572   -0.907329   -0.013185
    2.271786   -0.928372   -0.476882    0.015611    0.386767   -0.903168   -0.013323
    2.281793   -0.924461   -0.485900    0.015477    0.394911   -0.898936   -0.013460
    2.291801   -0.920468   -0.494875    0.015342    0.403005   -0.894633   -0.013595
    2.301809   -0.916395   -0.503806    0.015205    0.411048   -0.890261   -0.013729
    2.311817   -0.912241   -0.512694    0.015067    0.419039   -0.885819   -0.013861
    2.321825   -0.908007   -0.521536    0.014928    0.426977   -0.881308   -0.013992
    2.331833   -0.903695   -0.530333    0.014787    0.434863   -0.876730   -0.014121
    2.341841   -0.899304   -0.539084    0.014645    0.442695   -0.872084   -0.014249
    2.351849   -0.894834   -0.547789    0.014502    0.450474   -0.867372   -0.014375
    2.361856   -0.890287   -0.556445    0.014357    0.458199   -0.862594   -0.014500
    2.371864   -0.885663   -0.565054    0.014212    0.465868   -0.857750   -0.014623
    2.381872   -0.880963   -0.573614    0.014065    0.473483   -0.852842   -0.014745
    2.391880   -0.876186   -0.582124    0.013916    0.481042   -0.847870   -0.014866
    2.401888   -0.871334   -0.590584    0.013767    0.488545   -0.842835   -0.014985
    2.411896   -0.866408   -0.598994    0.013616    0.495991   -0.837738   -0.015102
    2.421904   -0.861407   -0.607352    0.013465    0.503381   -0.832579   -0.015218
    2.431911   -0.856332   -0.615658    0.013312    0.510713   -0.827358   -0.015332
    2.441919   -0.851185   -0.623912    0.013158    0.517988   -0.822077   -0.015445
    2.451927   -0.845965   -0.632112    0.013003    0.525204   -0.816737   -0.015556
    2.461935   -0.840673   -0.640259    0.012847    0.532362   -0.811337   -0.015666
    2.471943   -0.835309   -0.648352    0.012689    0.539460   -0.805879   -0.015774
    2.481951   -0.829875   -0.656389    0.012531    0.546500   -0.800363   -0.015881
    2.491959   -0.824371   -0.664371    0.012371    0.553480   -0.794791   -0.015986
    2.501966   -0.818797   -0.672297    0.012211    0.560400   -0.789161   -0.016089
    2.511974   -0.813154   -0.680167    0.012049    0.567259   -0.783477   -0.016191
    2.521982   -0.807443   -0.687979    0.011887    0.574058   -0.777737   -0.016292
    2.531990   -0.801664   -0.695734    0.011723    0.580796   -0.771943   -0.016390
    2.541998   -0.795818   -0.703430    0.011559    0.587472   -0.766096   -0.016488
    2.552006   -0.789906   -0.711067    0.011393    0.594087   -0.760195   -0.016583
    2.562014   -0.783928   -0.718646    0.011227    0.600639   -0.754243   -0.016678
    2.572022   -0.777884   -0.726164    0.011059    0.607130   -0.748238   -0.016770
    2.582029   -0.771776   -0.733622    0.010891    0.613558   -0.742183   -0.016861
    2.592037   -0.765603   -0.741019    0.010722    0.619923   -0.736078   -0.016951
    2.602045   -0.759368   -0.748355    0.010552    0.626224   -0.729924   -0.017039
    2.612053   -0.753069   -0.755629    0.010381    0.632463   -0.723720   -0.017125
    2.622061   -0.746709   -0.762841    0.010209    0.638637   -0.717468   -0.017210
    2.632069   -0.740287   -0.769989    0.010036    0.644748   -0.711169   -0.017293
    2.642077   -0.733804   -0.777075    0.009863    0.650795   -0.704824   -0.017375
    2.652084   -0.727261   -0.784097    0.009689    0.656777   -0.698432   -0.017455
    2.662092   -0.720658   -0.791054    0.009514    0.662694   -0.691994   -0.017533
    2.672100   -0.713997   -0.797947    0.009338    0.668547   -0.685512   -0.017610
    2.682108   -0.707277   -0.804775    0.009161    0.674334   -0.678986   -0.017685
    2.692116   -0.700499   -0.811538    0.008984    0.680056   -0.672416   -0.017759
    2.702124   -0.693665   -0.818234    0.008806    0.685713   -0.665804   -0.017831
    2.712132   -0.686775   -0.824864    0.008627    0.691303   -0.659149   -0.017902
    2.722140   -0.679828   -0.831427    0.008447    0.696828   -0.652454   -0.017971
    2.732147   -0.672827   -0.837923    0.008267    0.702287   -0.645717   -0.018038
    2.742155   -0.665772   -0.844352    0.008086    0.707679   -0.638940   -0.018104
    2.752163   -0.658663   -0.850712    0.007905    0.713005   -0.632124   -0.018169
    2.762171   -0.651501   -0.857004    0.007723    0.718264   -0.625269   -0.018231
    2.772179   -0.644286   -0.863227    0.007540    0.723456   -0.618376   -0.018292
    2.782187   -0.637021   -0.869381    0.007357    0.728582   -0.611446   -0.018352
    2.792195   -0.629704   -0.875466    0.007173    0.733640   -0.604478   -0.018410
    2.802202   -0.622336   -0.881480    0.006988    0.738631   -0.597475   -0.018466
    2.812210   -0.614920   -0.887424    0.006803    0.743554   -0.590436   -0.018521
    2.822218   -0.607454   -0.893298    0.006617    0.748410   -0.583362   -0.018575
    2.832226   -0.599940   -0.899101    0.006431    0.753198   -0.576253   -0.018626
    2.842234   -0.592378   -0.904832    0.006245    0.757919   -0.569112   -0.018677
    2.852242   -0.584770   -0.910492    0.006057    0.762571   -0.561937   -0.018725
    2.862250   -0.577115   -0.916079    0.005870    0.767156   -0.554730   -0.018772
    2.872258   -0.569415   -0.921595    0.005682    0.771672   -0.547491   -0.018818
    2.882265   -0.561670   -0.927038    0.005493    0.776120   -0.540221   -0.018862
    2.892273   -0.553880   -0.932408    0.005304    0.780500   -0.532921   -0.018904
    2.902281   -0.546048   -0.937704    0.005115    0.784811   -0.525591   -0.018945
    2.912289   -0.538172   -0.942928    0.004925    0.789053   -0.518232   -0.018984
    2.922297   -0.530254   -0.948077    0.004735    0.793228   -0.510844   -0.019022
    2.932305   -0.522295   -0.953153    0.004544    0.797333   -0.503428   -0.019058
    2.942313   -0.514295   -0.958154    0.004353    0.801370   -0.495985   -0.019093
    2.952320   -0.506256   -0.963080    0.004162    0.805338   -0.488516   -0.019126
    2.962328   -0.498176   -0.967931    0.003970    0.809237   -0.481020   -0.019157
    2.972336   -0.490058   -0.972708    0.003779    0.813067   -0.473499   -0.019188
    2.972336   -0.490058   -0.972708    0.003779    0.812826   -0.473391   -0.019214
    2.982344   -0.481905   -0.977408    0.003586    0.816587   -0.465845   -0.019243
    2.992352   -0.473714   -0.982032    0.003393    0.820279   -0.458274   -0.019269
    3.002360   -0.465487   -0.986580    0.003200    0.823902   -0.450680   -0.019295
    3.012368   -0.457223   -0.991053    0.003007    0.827456   -0.443063   -0.019319
    3.022376   -0.448925   -0.995448    0.002814    0.830941   -0.435424   -0.019341
    3.032383   -0.440592   -0.999768    0.002620    0.834357   -0.427762   -0.019362
    3.042391   -0.432225   -1.004010    0.002426    0.837703   -0.420080   -0.019381
    3.052399   -0.423825   -1.008176    0.002232    0.840981   -0.412376   -0.019399
    3.062407   -0.415392   -1.012264    0.002038    0.844189   -0.404653   -0.019416
    3.072415   -0.406928   -1.016275    0.001844    0.847327   -0.396910   -0.019430
    3.082423   -0.398432   -1.020209    0.001649    0.850397   -0.389148   -0.019444
    3.092431   -0.389907   -1.024064    0.001454    0.853397   -0.381367   -0.019456
    3.102438   -0.381351   -1.027842    0.001260    0.856328   -0.373569   -0.019466
    3.112446   -0.372767   -1.031542    0.001065    0.859190   -0.365754   -0.019475
    3.122454   -0.364154   -1.035163    0.000870    0.861983   -0.357922   -0.019482
    3.132462   -0.355514   -1.038706    0.000675    0.864706   -0.350074   -0.019488
    3.142470   -0.346847   -1.042170    0.000480    0.867361   -0.342211   -0.019492
    3.152478   -0.338153   -1.045555    0.000285    0.869945   -0.334332   -0.019495
    3.162486   -0.329434   -1.048862    0.000090    0.872461   -0.326440   -0.019497
    3.172494   -0.320690   -1.052089   -0.000106    0.874908   -0.318533   -0.019496
    3.182501   -0.311923   -1.055237   -0.000301    0.877285   -0.310613   -0.019495
    3.192509   -0.303131   -1.058306   -0.000496    0.879594   -0.302681   -0.019492
    3.202517   -0.294317   -1.061296   -0.000691    0.881833   -0.294736   -0.019487
    3.212525   -0.285481   -1.064205   -0.000886    0.884004   -0.286779   -0.019482
    3.222533   -0.276623   -1.067036   -0.001081    0.886105   -0.278812   -0.019474
    3.232541   -0.267745   -1.069786   -0.001276    0.888137   -0.270834   -0.019465
    3.242549   -0.258847   -1.072457   -0.001470    0.890101   -0.262846   -0.019455
    3.252556   -0.249929   -1.075047   -0.001665    0.891996   -0.254849   -0.019444
    3.262564   -0.240993   -1.077557   -0.001860    0.893822   -0.246842   -0.019430
    3.272572   -0.232039   -1.079988   -0.002054    0.895579   -0.238828   -0.019416
    3.282580   -0.223068   -1.082338   -0.002248    0.897267   -0.230805   -0.019400
    3.292588   -0.214080   -1.084607   -0.002442    0.898887   -0.222775   -0.019383
    3.302596   -0.205076   -1.086797   -0.002636    0.900439   -0.214739   -0.019364
    3.312604   -0.196057   -1.088906   -0.002830    0.901921   -0.206696   -0.019344
    3.322612   -0.187024   -1.090934   -0.003023    0.903336   -0.198647   -0.019322
    3.332619   -0.177976   -1.092882   -0.003217    0.904682   -0.190593   -0.019299
    3.342627   -0.168916   -1.094749   -0.003410    0.905960   -0.182535   -0.019274
    3.352635   -0.159843   -1.096535   -0.003602    0.907170   -0.174472   -0.019249
    3.362643   -0.150759   -1.098241   -0.003795    0.908311   -0.166405   -0.019222
    3.372651   -0.141663   -1.099866   -0.003987    0.909385   -0.158336   -0.019193
    3.382659   -0.132557   -1.101410   -0.004179    0.910390   -0.150263   -0.019163
    3.392667   -0.123441   -1.102874   -0.004371    0.911328   -0.142189   -0.019132
    3.402674   -0.114316   -1.104256   -0.004562    0.912198   -0.134112   -0.019099
    3.412682   -0.105183   -1.105558   -0.004753    0.913000   -0.126035   -0.019065
    3.422690   -0.096042   -1.106779   -0.004943    0.913735   -0.117957   -0.019030
    3.432698   -0.086894   -1.107919   -0.005134    0.914402   -0.109878   -0.018993
    3.442706   -0.077740   -1.108978   -0.005324    0.915002   -0.101800   -0.018955
    3.452714   -0.068580   -1.109956   -0.005513    0.915535   -0.093723   -0.018915
    3.462722   -0.059415   -1.110854   -0.005702    0.916000   -0.085647   -0.018874
    3.472729   -0.050246   -1.111671   -0.005891    0.916399   -0.077573   -0.018832
    3.482737   -0.041073   -1.112407   -0.006079    0.916730   -0.069501   -0.018789
    3.492745   -0.031897   -1.113062   -0.006267    0.916995   -0.061432   -0.018744
    3.502753   -0.022719   -1.113636   -0.006454    0.917193   -0.053366   -0.018698
    3.512761   -0.013539   -1.114130   -0.006641    0.917324   -0.045304   -0.018651
    3.522769   -0.004358   -1.114543   -0.006828    0.917389   -0.037246   -0.018602
    3.532777    0.004823   -1.114876   -0.007014    0.917387   -0.029192   -0.018552
    3.542785    0.014004   -1.115127   -0.007199    0.917319   -0.021144   -0.018501
    3.552792    0.023184   -1.115299   -0.007384    0.917185   -0.013101   -0.018448
    3.562800    0.032362   -1.115390   -0.007568    0.916985   -0.005064   -0.018394
    3.572808    0.041538   -1.115400   -0.007752    0.916719    0.002966   -0.018339
    3.582816    0.050711   -1.115330   -0.007935    0.916387    0.010989   -0.018283
    3.592824    0.059880   -1.115180   -0.008118    0.915990    0.019005   -0.018225
    3.602832    0.069045   -1.114950   -0.008300    0.915527    0.027013   -0.018166
    3.612840    0.078204   -1.114640   -0.008482    0.914998    0.035013   -0.018106
    3.622847    0.087359   -1.114249   -0.008662    0.914405    0.043004   -0.018044
    3.632855    0.096507   -1.113779   -0.008843    0.913746    0.050985   -0.017982
    3.642863    0.105648   -1.113229   -0.009022    0.913022    0.058957   -0.017918
    3.652871    0.114781   -1.112599   -0.009201    0.912234    0.066919   -0.017852
    3.662879    0.123907   -1.111889   -0.009380    0.911381    0.074870   -0.017786
    3.672887    0.133023   -1.111100   -0.009557    0.910463    0.082810   -0.017718
    3.682895    0.142130   -1.110232   -0.009734    0.909481    0.090739   -0.017650
    3.692903    0.151227   -1.109284   -0.009911    0.908435    0.098656   -0.017579
    3.702910    0.160313   -1.108257   -0.010086    0.907324    0.106560   -0.017508
    3.712918    0.169387   -1.107151   -0.010261    0.906150    0.114451   -0.017436
    3.722926    0.178450   -1.105966   -0.010435    0.904912    0.122330   -0.017362
    3.732934    0.187500   -1.104703   -0.010609    0.903610    0.130194   -0.017287
    3.742942    0.196536   -1.103361   -0.010781    0.902244    0.138045   -0.017211
    3.752950    0.205558   -1.101940   -0.010953    0.900816    0.145881   -0.017134
    3.762958    0.214566   -1.100441   -0.011124    0.899324    0.153702   -0.017056
    3.772965    0.223559   -1.098863   -0.011294    0.897769    0.161507   -0.016976
    3.782973    0.232536   -1.097208   -0.011464    0.896151    0.169297   -0.016895
    3.792981    0.241496   -1.095475   -0.011633    0.894470    0.177070   -0.016813
    3.802989    0.250439   -1.093664   -0.011800    0.892727    0.184827   -0.016730
    3.812997    0.259364   -1.091775   -0.011967    0.890922    0.192567   -0.016646
    3.823005    0.268271   -1.089810   -0.012134    0.889054    0.200289   -0.016561
    3.833013    0.277159   -1.087767   -0.012299    0.887124    0.207993   -0.016474
    3.843021    0.286027   -1.085647   -0.012463    0.885133    0.215679   -0.016387
    3.853028    0.294875   -1.083450   -0.012627    0.883079    0.223346   -0.016298
    3.863036    0.303703   -1.081176   -0.012790    0.880965    0.230994   -0.016208
    3.873044    0.312508   -1.078826   -0.012951    0.878788    0.238623   -0.016117
    3.883052    0.321292   -1.076400   -0.013112    0.876551    0.246231   -0.016025
    3.893060    0.330053   -1.073898   -0.013272    0.874253    0.253819   -0.015932
    3.903068    0.338791   -1.071320   -0.013431    0.871893    0.261386   -0.015838
    3.913076    0.347504   -1.068666   -0.013589    0.869473    0.268931   -0.015743
    3.923083    0.356193   -1.065937   -0.013746    0.866993    0.276456   -0.015646
    3.933091    0.364858   -1.063133   -0.013902    0.864452    0.283958   -0.015549
    3.943099    0.373496   -1.060253   -0.014057    0.861851    0.291437   -0.015451
    3.953107    0.382108   -1.057299   -0.014212    0.859191    0.298894   -0.015351
    3.963115    0.390693   -1.054271   -0.014365    0.856470    0.306327   -0.015250
    3.963115    0.390693   -1.054271   -0.014365    0.856350    0.306276   -0.015253
    3.973123    0.399249   -1.051169   -0.014517    0.853570    0.313686   -0.015151
    3.983131    0.407778   -1.047992   -0.014668    0.850731    0.321072   -0.015049
    3.993139    0.416277   -1.044742   -0.014818    0.847832    0.328433   -0.014945
    4.003146    0.424747   -1.041419   -0.014967    0.844875    0.335769   -0.014840
    4.013154    0.433188   -1.038022   -0.015115    0.841858    0.343080   -0.014734
    4.023162    0.441598   -1.034552   -0.015262    0.838783    0.350366   -0.014628
    4.033170    0.449976   -1.031009   -0.015408    0.835650    0.357625   -0.014520
    4.043178    0.458324   -1.027394   -0.015553    0.832458    0.364858   -0.014411
    4.053186    0.466639   -1.023706   -0.015696    0.829209    0.372064   -0.014301
    4.063194    0.474921   -1.019947   -0.015839    0.825901    0.379243   -0.014190
    4.073201    0.483169   -1.016115   -0.015980    0.822536    0.386394   -0.014079
    4.083209    0.491384   -1.012213   -0.016121    0.819113    0.393517   -0.013966
    4.093217    0.499564   -1.008239   -0.016260    0.815634    0.400612   -0.013852
    4.103225    0.507709   -1.004194   -0.016398    0.812097    0.407678   -0.013738
    4.113233    0.515819   -1.000079   -0.016535    0.808504    0.414715   -0.013622
    4.123241    0.523892   -0.995894   -0.016671    0.804853    0.421722   -0.013505
    4.133249    0.531928   -0.991638   -0.016805    0.801147    0.428700   -0.013388
    4.143257    0.539927   -0.987313   -0.016939    0.797384    0.435647   -0.013269
    4.153264    0.547888   -0.982918   -0.017071    0.793566    0.442563   -0.013150
    4.163272    0.555811   -0.978455   -0.017202    0.789691    0.449448   -0.013030
    4.173280    0.563695   -0.973922   -0.017332    0.785761    0.456302   -0.012908
    4.183288    0.571538   -0.969322   -0.017460    0.781776    0.463124   -0.012786
    4.193296    0.579342   -0.964653   -0.017587    0.777736    0.469913   -0.012663
    4.203304    0.587105   -0.959916   -0.017714    0.773640    0.476670   -0.012539
    4.213312    0.594827   -0.955112   -0.017838    0.769490    0.483394   -0.012415
    4.223319    0.602507   -0.950241   -0.017962    0.765286    0.490085   -0.012289
    4.233327    0.610145   -0.945303   -0.018084    0.761027    0.496742   -0.012162
    4.243335    0.617739   -0.940298   -0.018205    0.756715    0.503364   -0.012035
    4.253343    0.625291   -0.935228   -0.018325    0.752348    0.509953   -0.011906
    4.263351    0.632798   -0.930091   -0.018444    0.747928    0.516506   -0.011777
    4.273359    0.640261   -0.924889   -0.018561    0.743455    0.523024   -0.011647
    4.283367    0.647678   -0.919623   -0.018677    0.738928    0.529506   -0.011516
    4.293375    0.655051   -0.914291   -0.018791    0.734349    0.535953   -0.011385
    4.303382    0.662377   -0.908895   -0.018905    0.729717    0.542363   -0.011252
    4.313390    0.669656   -0.903435   -0.019017    0.725033    0.548736   -0.011119
    4.323398    0.676889   -0.897912   -0.019127    0.720297    0.555072   -0.010985
    4.333406    0.684073   -0.892325   -0.019237    0.715508    0.561371   -0.010850
    4.343414    0.691210   -0.886676   -0.019344    0.710668    0.567632   -0.010714
    4.353422    0.698298   -0.880964   -0.019451    0.705777    0.573855   -0.010577
    4.363430    0.705336   -0.875190   -0.019556    0.700834    0.580039   -0.010440
    4.373437    0.712325   -0.869354   -0.019660    0.695840    0.586184   -0.010302
    4.383445    0.719264   -0.863457   -0.019762    0.690796    0.592290   -0.010163
    4.393453    0.726152   -0.857499   -0.019863    0.685701    0.598356   -0.010023
    4.403461    0.732989   -0.851481   -0.019963    0.680556    0.604382   -0.009883
    4.413469    0.739774   -0.845402   -0.020061    0.675361    0.610367   -0.009742
    4.423477    0.746506   -0.839264   -0.020158    0.670116    0.616312   -0.009600
    4.433485    0.753186   -0.833066   -0.020253    0.664822    0.622215   -0.009457
    4.443492    0.759813   -0.826810   -0.020347    0.659479    0.628077   -0.009314
    4.453500    0.766386   -0.820495   -0.020440    0.654087    0.633897   -0.009169
    4.463508    0.772905   -0.814122   -0.020531    0.648646    0.639675   -0.009025
    4.473516    0.779369   -0.807692   -0.020620    0.643157    0.645411   -0.008879
    4.483524    0.785778   -0.801204   -0.020709    0.637619    0.651103   -0.008733
    4.493532    0.792131   -0.794660   -0.020795    0.632034    0.656752   -0.008586
    4.503540    0.798428   -0.788059   -0.020880    0.626401    0.662357   -0.008438
    4.513548    0.804669   -0.781402   -0.020964    0.620721    0.667918   -0.008290
    4.523555    0.810853   -0.774690   -0.021046    0.614993    0.673435   -0.008141
    4.533563    0.816978   -0.767923   -0.021127    0.609219    0.678906   -0.007992
    4.543571    0.823046   -0.761101   -0.021206    0.603398    0.684333   -0.007841
    4.553579    0.829056   -0.754226   -0.021284    0.597532    0.689714   -0.007690
    4.563587    0.835006   -0.747296   -0.021360    0.591619    0.695050   -0.007539
    4.573595    0.840897   -0.740314   -0.021435    0.585660    0.700339   -0.007387
    4.583603    0.846728   -0.733279   -0.021508    0.579656    0.705581   -0.007234
    4.593610    0.852499   -0.726191   -0.021580    0.573607    0.710776   -0.007081
    4.603618    0.858209   -0.719052   -0.021650    0.567514    0.715925   -0.006927
    4.613626    0.863858   -0.711862   -0.021718    0.561375    0.721025   -0.006772
    4.623634    0.869446   -0.704621   -0.021785    0.555193    0.726078   -0.006617
    4.633642    0.874971   -0.697329   -0.021851    0.548966    0.731082   -0.006461
    4.643650    0.880433   -0.689988   -0.021915    0.542696    0.736037   -0.006305
    4.653658    0.885833   -0.682597   -0.021977    0.536383    0.740943   -0.006148
    4.663666    0.891169   -0.675157   -0.022038    0.530026    0.745800   -0.005990
    4.673673    0.896442   -0.667669   -0.022097    0.523627    0.750607   -0.005833
    4.683681    0.901650   -0.660133   -0.022154    0.517186    0.755364   -0.005674
    4.693689    0.906794   -0.652550   -0.022210    0.510702    0.760070   -0.005515
    4.703697    0.911872   -0.644920   -0.022265    0.504177    0.764725   -0.005355
    4.713705    0.916885   -0.637244   -0.022318    0.497610    0.769329   -0.005195
    4.723713    0.921832   -0.629522   -0.022369    0.491002    0.773882   -0.005035
    4.733721    0.926713   -0.621754   -0.022418    0.484353    0.778382   -0.004874
    4.743728    0.931526   -0.613942   -0.022466    0.477663    0.782831   -0.004712
    4.753736    0.936273   -0.606086   -0.022513    0.470934    0.787226   -0.004550
    4.763744    0.940952   -0.598185   -0.022557    0.464164    0.791569   -0.004387
    4.773752    0.945564   -0.590242   -0.022600    0.457355    0.795858   -0.004224
    4.783760    0.950107   -0.582256   -0.022642    0.450507    0.800094   -0.004061
    4.793768    0.954581   -0.574228   -0.022682    0.443620    0.804276   -0.003897
    4.803776    0.958986   -0.566158   -0.022720    0.436695    0.808403   -0.003733
    4.813784    0.963321   -0.558047   -0.022756    0.429731    0.812476   -0.003568
    4.823791    0.967587   -0.549896   -0.022791    0.422730    0.816493   -0.003403
    4.833799    0.971783   -0.541704   -0.022825    0.415691    0.820455   -0.003237
    4.843807    0.975907   -0.533474   -0.022856    0.408614    0.824361   -0.003071
    4.853815    0.979961   -0.525204   -0.022886    0.401502    0.828211   -0.002905
    4.863823    0.983944   -0.516897   -0.022914    0.394352    0.832005   -0.002738
    4.873831    0.987854   -0.508551   -0.022941    0.387167    0.835742   -0.002571
    4.883839    0.991693   -0.500169   -0.022966    0.379946    0.839421   -0.002404
    4.893846    0.995459   -0.491750   -0.022989    0.372689    0.843043   -0.002236
    4.903854    0.999152   -0.483295   -0.023011    0.365398    0.846608   -0.002068
    4.913862    1.002773   -0.474805   -0.023030    0.358072    0.850114   -0.001899
    4.923870    1.006319   -0.466280   -0.023049    0.350712    0.853561   -0.001730
    4.933878    1.009792   -0.457720   -0.023065    0.343318    0.856950   -0.001561
    4.943886    1.013191   -0.449127   -0.023080    0.335891    0.860280   -0.001392
    4.953894    1.016515   -0.440501   -0.023093    0.328430    0.863550   -0.001222
    4.953894    1.016515   -0.440501   -0.023093    0.322741    0.849539    0.002760
    4.963902    1.019708   -0.431983   -0.023064    0.315248    0.852750    0.002930
    4.973909    1.022825   -0.423433   -0.023034    0.307723    0.855901    0.003100
    4.983917    1.025867   -0.414852   -0.023002    0.300167    0.858993    0.003270
    4.993925    1.028833   -0.406240   -0.022969    0.292579    0.862025    0.003439
    5.003933    1.031723   -0.397598   -0.022934    0.284961    0.864997    0.003609
    5.013941    1.034537   -0.388927   -0.022897    0.277312    0.867908    0.003779
    5.023949    1.037274   -0.380226   -0.022858    0.269633    0.870759    0.003948
    5.033957    1.039933   -0.371498   -0.022818    0.261924    0.873549    0.004118
    5.043964    1.042516   -0.362742   -0.022775    0.254186    0.876277    0.004287
    5.053972    1.045021   -0.353959   -0.022732    0.246419    0.878944    0.004457
    5.063980    1.047448   -0.345149   -0.022686    0.238624    0.881548    0.004626
    5.073988    1.049797   -0.336314   -0.022639    0.230799    0.884091    0.004795
    5.083996    1.052068   -0.327454   -0.022590    0.222947    0.886570    0.004964
    5.094004    1.054260   -0.318569   -0.022540    0.215068    0.888987    0.005133
    5.104012    1.056372   -0.309660   -0.022488    0.207161    0.891340    0.005301
    5.114020    1.058406   -0.300728   -0.022434    0.199228    0.893630    0.005470
    5.124027    1.060360   -0.291774   -0.022378    0.191268    0.895856    0.005638
    5.134035    1.062234   -0.282797   -0.022321    0.183282    0.898018    0.005806
    5.144043    1.064028   -0.273800   -0.022262    0.175270    0.900115    0.005974
    5.154051    1.065742   -0.264781   -0.022201    0.167234    0.902147    0.006142
    5.164059    1.067376   -0.255743   -0.022139    0.159172    0.904115    0.006310
    5.174067    1.068928   -0.246685   -0.022075    0.151086    0.906016    0.006477
    5.184075    1.070400   -0.237608   -0.022009    0.142976    0.907852    0.006644
    5.194082    1.071790   -0.228514   -0.021942    0.134843    0.909622    0.006811
    5.204090    1.073099   -0.219402   -0.021873    0.126686    0.911325    0.006978
    5.214098    1.074326   -0.210273   -0.021802    0.118507    0.912962    0.007144
    5.224106    1.075470   -0.201128   -0.021730    0.110305    0.914532    0.007310
    5.234114    1.076533   -0.191968   -0.021656    0.102081    0.916034    0.007476
    5.244122    1.077514   -0.182794   -0.021580    0.093836    0.917468    0.007641
    5.254130    1.078411   -0.173605   -0.021503    0.085570    0.918835    0.007807
    5.264138    1.079226   -0.164403   -0.021424    0.077283    0.920133    0.007971
    5.274145    1.079958   -0.155188   -0.021343    0.068976    0.921362    0.008136
    5.284153    1.080607   -0.145961   -0.021261    0.060649    0.922523    0.008300
    5.294161    1.081172   -0.136723   -0.021177    0.052303    0.923614    0.008464
    5.304169    1.081654   -0.127475   -0.021092    0.043938    0.924636    0.008628
    5.314177    1.082051   -0.118216   -0.021005    0.035555    0.925588    0.008791
    5.324185    1.082365   -0.108949   -0.020916    0.027154    0.926470    0.008953
    5.334193    1.082595   -0.099672   -0.020825    0.018736    0.927281    0.009116
    5.344200    1.082740   -0.090389   -0.020733    0.010300    0.928021    0.009278
    5.354208    1.082801   -0.081098   -0.020640    0.001849    0.928691    0.009439
    5.364216    1.082777   -0.071800   -0.020544   -0.006619    0.929289    0.009600
    5.374224    1.082668   -0.062497   -0.020448   -0.015103    0.929815    0.009761
    5.384232    1.082475   -0.053190   -0.020349   -0.023601    0.930269    0.009921
    5.394240    1.082196   -0.043878   -0.020249   -0.032114    0.930650    0.010080
    5.404248    1.081832   -0.034562   -0.020147   -0.040640    0.930959    0.010240
    5.414255    1.081383   -0.025244   -0.020044   -0.049181    0.931196    0.010398
    5.424263    1.080848   -0.015924   -0.019939   -0.057734    0.931358    0.010556
    5.434271    1.080227   -0.006603   -0.019833   -0.066299    0.931448    0.010714
    5.444279    1.079521    0.002719   -0.019725   -0.074877    0.931463    0.010871
    5.454287    1.078728    0.012041   -0.019615   -0.083466    0.931404    0.011028
    5.464295    1.077850    0.021362   -0.019504   -0.092066    0.931271    0.011184
    5.474303    1.076885    0.030681   -0.019391   -0.100676    0.931063    0.011339
    5.484311    1.075835    0.039998   -0.019277   -0.109296    0.930780    0.011494
    5.494318    1.074698    0.049311   -0.019161   -0.117925    0.930422    0.011648
    5.504326    1.073474    0.058620   -0.019044   -0.126563    0.929988    0.011802
    5.514334    1.072164    0.067925   -0.018925   -0.135209    0.929478    0.011955
    5.524342    1.070768    0.077224   -0.018805   -0.143863    0.928892    0.012107
    5.534350    1.069285    0.086517   -0.018683   -0.152523    0.928229    0.012259
    5.544358    1.067715    0.095803   -0.018559   -0.161190    0.927490    0.012410
    5.554366    1.066059    0.105081   -0.018434   -0.169862    0.926673    0.012560
    5.564373    1.064315    0.114351   -0.018308   -0.178540    0.925779    0.012710
    5.574381    1.062485    0.123611   -0.018180   -0.187223    0.924808    0.012859
    5.584389    1.060568    0.132861   -0.018050   -0.195909    0.923758    0.013007
    5.594397    1.058564    0.142101   -0.017920   -0.204599    0.922631    0.013155
    5.604405    1.056473    0.151328   -0.017787   -0.213292    0.921425    0.013301
    5.614413    1.054294    0.160543   -0.017653   -0.221987    0.920140    0.013447
    5.624421    1.052029    0.169745   -0.017518   -0.230683    0.918776    0.013593
    5.634429    1.049677    0.178933   -0.017381   -0.239380    0.917334    0.013737
    5.644436    1.047238    0.188106   -0.017243   -0.248078    0.915811    0.013881
    5.654444    1.044712    0.197264   -0.017103   -0.256775    0.914209    0.014023
    5.664452    1.042098    0.206404   -0.016962   -0.265471    0.912527    0.014165
    5.674460    1.039398    0.215528   -0.016820   -0.274166    0.910764    0.014307
    5.684468    1.036611    0.224634   -0.016676   -0.282858    0.908921    0.014447
    5.694476    1.033736    0.233721   -0.016531   -0.291547    0.906998    0.014586
    5.704484    1.030775    0.242788   -0.016384   -0.300232    0.904993    0.014725
    5.714491    1.027727    0.251834   -0.016236   -0.308913    0.902907    0.014862
    5.724499    1.024592    0.260860   -0.016087   -0.317589    0.900740    0.014999
    5.734507    1.021370    0.269863   -0.015936   -0.326259    0.898491    0.015135
    5.744515    1.018062    0.278844   -0.015784   -0.334923    0.896160    0.015269
    5.754523    1.014667    0.287800   -0.015630   -0.343579    0.893747    0.015403
    5.764531    1.011185    0.296732   -0.015475   -0.352228    0.891251    0.015536
    5.774539    1.007617    0.305639   -0.015319   -0.360868    0.888673    0.015668
    5.784547    1.003962    0.314519   -0.015162   -0.369498    0.886013    0.015798
    5.794554    1.000221    0.323373   -0.015003   -0.378118    0.883269    0.015928
    5.804562    0.996394    0.332198   -0.014843   -0.386728    0.880442    0.016057
    5.814570    0.992480    0.340995   -0.014682   -0.395325    0.877532    0.016184
    5.824578    0.988481    0.349763   -0.014519   -0.403911    0.874538    0.016311
    5.834586    0.984396    0.358499   -0.014355   -0.412483    0.871461    0.016436
    5.844594    0.980225    0.367205   -0.014190   -0.421041    0.868299    0.016561
    5.854602    0.975968    0.375879   -0.014024   -0.429585    0.865054    0.016684
    5.864609    0.971626    0.384520   -0.013856   -0.438113    0.861724    0.016806
    5.874617    0.967199    0.393127   -0.013687   -0.446625    0.858310    0.016927
    5.884625    0.962687    0.401699   -0.013517   -0.455120    0.854812    0.017047
    5.894633    0.958090    0.410236   -0.013346   -0.463596    0.851228    0.017165
    5.904641    0.953408    0.418737   -0.013174   -0.472054    0.847560    0.017283
    5.914649    0.948641    0.427200   -0.013000   -0.480493    0.843807    0.017399
    5.924657    0.943790    0.435626   -0.012825   -0.488911    0.839969    0.017514
    5.934665    0.938855    0.444013   -0.012650   -0.497308    0.836046    0.017627
    5.944672    0.933837    0.452360   -0.012473   -0.505683    0.832037    0.017740
    5.944672    0.933837    0.452360   -0.012473   -0.503718    0.828530    0.018765
    5.954680    0.928754    0.460631   -0.012284   -0.512070    0.824437    0.018876
    5.964688    0.923587    0.468861   -0.012095   -0.520398    0.820257    0.018985
    5.974696    0.918337    0.477049   -0.011904   -0.528702    0.815993    0.019094
    5.984704    0.913005    0.485193   -0.011713   -0.536980    0.811643    0.019200
    5.994712    0.907590    0.493294   -0.011520   -0.545233    0.807208    0.019306
    6.004720    0.902092    0.501350   -0.011326   -0.553458    0.802687    0.019409
    6.014727    0.896512    0.509360   -0.011132   -0.561655    0.798081    0.019512
    6.024735    0.890850    0.517324   -0.010936   -0.569823    0.793389    0.019613
    6.034743    0.885106    0.525240   -0.010739   -0.577962    0.788611    0.019712
    6.044751    0.879282    0.533108   -0.010541   -0.586070    0.783747    0.019810
    6.054759    0.873376    0.540927   -0.010342   -0.594147    0.778798    0.019906
    6.064767    0.867389    0.548696   -0.010143   -0.602191    0.773763    0.020001
    6.074775    0.861323    0.556414   -0.009942   -0.610201    0.768642    0.020094
    6.084783    0.855176    0.564081   -0.009741   -0.618178    0.763435    0.020185
    6.094790    0.848950    0.571695   -0.009538   -0.626119    0.758142    0.020275
    6.104798    0.842644    0.579255   -0.009335   -0.634024    0.752764    0.020363
    6.114806    0.836259    0.586762   -0.009131   -0.641892    0.747299    0.020450
    6.124814    0.829796    0.594213   -0.008925   -0.649722    0.741749    0.020535
    6.134822    0.823255    0.601608   -0.008720   -0.657513    0.736113    0.020618
    6.144830    0.816636    0.608946   -0.008513   -0.665264    0.730392    0.020699
    6.154838    0.809939    0.616227   -0.008305   -0.672973    0.724584    0.020779
    6.164845    0.803166    0.623449   -0.008097   -0.680641    0.718691    0.020857
    6.174853    0.796316    0.630612   -0.007888   -0.688267    0.712713    0.020933
    6.184861    0.789390    0.637714   -0.007678   -0.695848    0.706649    0.021007
    6.194869    0.782388    0.644756   -0.007467   -0.703384    0.700500    0.021080
    6.204877    0.775311    0.651735   -0.007256   -0.710874    0.694266    0.021151
    6.214885    0.768159    0.658652   -0.007044   -0.718318    0.687946    0.021220
    6.224893    0.760934    0.665505   -0.006831   -0.725713    0.681542    0.021287
    6.234901    0.753634    0.672293   -0.006618   -0.733060    0.675053    0.021352
    6.244908    0.746261    0.679016   -0.006404   -0.740356    0.668479    0.021416
    6.254916    0.738815    0.685673   -0.006189   -0.747602    0.661821    0.021477
    6.264924    0.731297    0.692262   -0.005974   -0.754795    0.655079    0.021537
    6.274932    0.723708    0.698784   -0.005758   -0.761935    0.648252    0.021594
    6.284940    0.716047    0.705237   -0.005542   -0.769022    0.641342    0.021650
    6.294948    0.708315    0.711621   -0.005325   -0.776053    0.634348    0.021703
    6.304956    0.700514    0.717934   -0.005107   -0.783027    0.627270    0.021755
    6.314963    0.692643    0.724176   -0.004889   -0.789945    0.620110    0.021805
    6.324971    0.684703    0.730346   -0.004671   -0.796804    0.612867    0.021852
    6.334979    0.676694    0.736443   -0.004452   -0.803603    0.605541    0.021898
    6.344987    0.668618    0.742466   -0.004233   -0.810342    0.598133    0.021941
    6.354995    0.660475    0.748414   -0.004013   -0.817019    0.590642    0.021983
    6.365003    0.652265    0.754288   -0.003793   -0.823634    0.583071    0.022022
    6.375011    0.643990    0.760085   -0.003572   -0.830185    0.575418    0.022059
    6.385018    0.635649    0.765805   -0.003351   -0.836671    0.567683    0.022094
    6.395026    0.627243    0.771447   -0.003130   -0.843090    0.559869    0.022127
    6.405034    0.618774    0.777011   -0.002908   -0.849443    0.551974    0.022158
    6.415042    0.610241    0.782495   -0.002686   -0.855728    0.544000    0.022187
    6.425050    0.601646    0.787899   -0.002464   -0.861943    0.535946    0.022213
    6.435058    0.592989    0.793222   -0.002242   -0.868088    0.527813    0.022237
    6.445066    0.584271    0.798463   -0.002019   -0.874161    0.519601    0.022259
    6.455074    0.575492    0.803622   -0.001796   -0.880162    0.511312    0.022279
    6.465081    0.566654    0.808697   -0.001573   -0.886089    0.502945    0.022297
    6.475089    0.557757    0.813689   -0.001350   -0.891941    0.494501    0.022312
    6.485097    0.548801    0.818595   -0.001127   -0.897717    0.485981    0.022325
    6.495105    0.539789    0.823416   -0.000903   -0.903416    0.477385    0.022335
    6.505113    0.530719    0.828150   -0.000680   -0.909037    0.468713    0.022344
    6.515121    0.521594    0.832797   -0.000456   -0.914578    0.459967    0.022350
    6.525129    0.512413    0.837356   -0.000232   -0.920039    0.451146    0.022353
    6.535136    0.503179    0.841827   -0.000009   -0.925418    0.442252    0.022354
    6.545144    0.493891    0.846208    0.000215   -0.930715    0.433284    0.022353
    6.555152    0.484550    0.850499    0.000439   -0.935928    0.424245    0.022350
    6.565160    0.475158    0.854699    0.000663   -0.941056    0.415133    0.022344
    6.575168    0.465715    0.858808    0.000886   -0.946098    0.405951    0.022336
    6.585176    0.456221    0.862824    0.001110   -0.951052    0.396699    0.022325
    6.595184    0.446679    0.866748    0.001333   -0.955919    0.387377    0.022312
    6.605192    0.437088    0.870578    0.001556   -0.960696    0.377986    0.022296
    6.615199    0.427450    0.874313    0.001779   -0.965382    0.368527    0.022278
    6.625207    0.417766    0.877954    0.002002   -0.969977    0.359001    0.022258
    6.635215    0.408036    0.881499    0.002225   -0.974480    0.349408    0.022235
    6.645223    0.398261    0.884947    0.002447   -0.978888    0.339750    0.022209
    6.655231    0.388443    0.888299    0.002669   -0.983202    0.330027    0.022181
    6.665239    0.378582    0.891553    0.002891   -0.987419    0.320240    0.022150
    6.675247    0.368679    0.894709    0.003113   -0.991540    0.310390    0.022117
    6.685254    0.358736    0.897765    0.003334   -0.995562    0.300478    0.022082
    6.695262    0.348753    0.900723    0.003555   -0.999485    0.290505    0.022043
    6.705270    0.338731    0.903580    0.003775   -1.003308    0.280472    0.022003
    6.715278    0.328671    0.906336    0.003995   -1.007030    0.270379    0.021959
    6.725286    0.318575    0.908991    0.004215   -1.010649    0.260228    0.021913
    6.735294    0.308442    0.911545    0.004434   -1.014165    0.250020    0.021865
    6.745302    0.298276    0.913996    0.004652   -1.017576    0.239755    0.021814
    6.755310    0.288075    0.916343    0.004870   -1.020882    0.229436    0.021760
    6.765317    0.277842    0.918588    0.005088   -1.024082    0.219062    0.021704
    6.775325    0.267578    0.920728    0.005305   -1.027174    0.208635    0.021645
    6.785333    0.257283    0.922764    0.005521   -1.030157    0.198156    0.021583
    6.795341    0.246959    0.924694    0.005737   -1.033031    0.187627    0.021519
    6.805349    0.236606    0.926519    0.005952   -1.035794    0.177047    0.021452
    6.815357    0.226227    0.928238    0.006166   -1.038446    0.166420    0.021383
    6.825365    0.215822    0.929850    0.006380   -1.040986    0.155745    0.021311
    6.835372    0.205391    0.931355    0.006593   -1.043412    0.145024    0.021236
    6.845380    0.194937    0.932752    0.006805   -1.045724    0.134258    0.021159
    6.855388    0.184461    0.934042    0.007016   -1.047921    0.123449    0.021079
    6.865396    0.173963    0.935223    0.007227   -1.050002    0.112598    0.020996
    6.875404    0.163445    0.936296    0.007436   -1.051965    0.101705    0.020911
    6.885412    0.152907    0.937259    0.007645   -1.053811    0.090773    0.020823
    6.895420    0.142352    0.938112    0.007853   -1.055538    0.079803    0.020732
    6.905428    0.131780    0.938856    0.008060   -1.057146    0.068796    0.020639
    6.915435    0.121193    0.939489    0.008266   -1.058633    0.057753    0.020543
    6.925443    0.110591    0.940012    0.008471   -1.059999    0.046676    0.020444
    6.935451    0.099977    0.940423    0.008675   -1.061243    0.035567    0.020343
    6.935451    0.099977    0.940423    0.008675   -1.060437    0.035528    0.020372
