    0.292664	    0.956215	0.000000e+00	3.162278e-03	
    0.292664	    0.956215	9.771975e-04	3.007505e-03	
    0.292664	    0.956215	1.858740e-03	2.558336e-03	
    0.292664	    0.956215	2.558336e-03	1.858740e-03	
    0.292664	    0.956215	3.007505e-03	9.771975e-04	
    0.292664	    0.956215	3.162278e-03	1.936337e-19	
    0.292664	    0.956215	3.007505e-03	-9.771975e-04	
    0.292664	    0.956215	2.558336e-03	-1.858740e-03	
    0.292664	    0.956215	1.858740e-03	-2.558336e-03	
    0.292664	    0.956215	9.771975e-04	-3.007505e-03	
    0.292664	    0.956215	3.872673e-19	-3.162278e-03	
    0.292664	    0.956215	-9.771975e-04	-3.007505e-03	
    0.292664	    0.956215	-1.858740e-03	-2.558336e-03	
    0.292664	    0.956215	-2.558336e-03	-1.858740e-03	
    0.292664	    0.956215	-3.007505e-03	-9.771975e-04	
    0.292664	    0.956215	-3.162278e-03	-5.809010e-19	
    0.292664	    0.956215	-3.007505e-03	9.771975e-04	
    0.292664	    0.956215	-2.558336e-03	1.858740e-03	
    0.292664	    0.956215	-1.858740e-03	2.558336e-03	
    0.292664	    0.956215	-9.771975e-04	3.007505e-03	
    0.292664	    0.956215	-7.745346e-19	3.162278e-03	


    0.292664	    0.956215	0.000000e+00	3.162278e-03	
    0.292664	    0.956215	9.771975e-04	3.007505e-03	
    0.292664	    0.956215	1.858740e-03	2.558336e-03	
    0.292664	    0.956215	2.558336e-03	1.858740e-03	
    0.292664	    0.956215	3.007505e-03	9.771975e-04	
    0.292664	    0.956215	3.162278e-03	1.936337e-19	
    0.292664	    0.956215	3.007505e-03	-9.771975e-04	
    0.292664	    0.956215	2.558336e-03	-1.858740e-03	
    0.292664	    0.956215	1.858740e-03	-2.558336e-03	
    0.292664	    0.956215	9.771975e-04	-3.007505e-03	
    0.292664	    0.956215	3.872673e-19	-3.162278e-03	
    0.292664	    0.956215	-9.771975e-04	-3.007505e-03	
    0.292664	    0.956215	-1.858740e-03	-2.558336e-03	
    0.292664	    0.956215	-2.558336e-03	-1.858740e-03	
    0.292664	    0.956215	-3.007505e-03	-9.771975e-04	
    0.292664	    0.956215	-3.162278e-03	-5.809010e-19	
    0.292664	    0.956215	-3.007505e-03	9.771975e-04	
    0.292664	    0.956215	-2.558336e-03	1.858740e-03	
    0.292664	    0.956215	-1.858740e-03	2.558336e-03	
    0.292664	    0.956215	-9.771975e-04	3.007505e-03	
    0.292664	    0.956215	-7.745346e-19	3.162278e-03	


    0.040127	    0.988263	-1.765539e-03	-2.631065e-03	
    0.040127	    0.988263	-2.425031e-03	-2.001764e-03	
    0.040127	    0.988263	-2.847143e-03	-1.176516e-03	
    0.040127	    0.988263	-2.990558e-03	-2.361024e-04	
    0.040127	    0.988263	-2.841235e-03	7.274224e-04	
    0.040127	    0.988263	-2.413793e-03	1.619742e-03	
    0.040127	    0.988263	-1.750072e-03	2.353510e-03	
    0.040127	    0.988263	-9.150418e-04	2.856900e-03	
    0.040127	    0.988263	9.559169e-06	3.080637e-03	
    0.040127	    0.988263	9.332244e-04	3.002819e-03	
    0.040127	    0.988263	1.765539e-03	2.631065e-03	
    0.040127	    0.988263	2.425031e-03	2.001764e-03	
    0.040127	    0.988263	2.847143e-03	1.176516e-03	
    0.040127	    0.988263	2.990558e-03	2.361024e-04	
    0.040127	    0.988263	2.841235e-03	-7.274224e-04	
    0.040127	    0.988263	2.413793e-03	-1.619742e-03	
    0.040127	    0.988263	1.750072e-03	-2.353510e-03	
    0.040127	    0.988263	9.150418e-04	-2.856900e-03	
    0.040127	    0.988263	-9.559169e-06	-3.080637e-03	
    0.040127	    0.988263	-9.332244e-04	-3.002819e-03	
    0.040127	    0.988263	-1.765539e-03	-2.631065e-03	


    0.040127	    0.988263	-1.765539e-03	-2.631065e-03	
    0.040127	    0.988263	-2.425031e-03	-2.001764e-03	
    0.040127	    0.988263	-2.847143e-03	-1.176516e-03	
    0.040127	    0.988263	-2.990558e-03	-2.361024e-04	
    0.040127	    0.988263	-2.841235e-03	7.274224e-04	
    0.040127	    0.988263	-2.413793e-03	1.619742e-03	
    0.040127	    0.988263	-1.750072e-03	2.353510e-03	
    0.040127	    0.988263	-9.150418e-04	2.856900e-03	
    0.040127	    0.988263	9.559169e-06	3.080637e-03	
    0.040127	    0.988263	9.332244e-04	3.002819e-03	
    0.040127	    0.988263	1.765539e-03	2.631065e-03	
    0.040127	    0.988263	2.425031e-03	2.001764e-03	
    0.040127	    0.988263	2.847143e-03	1.176516e-03	
    0.040127	    0.988263	2.990558e-03	2.361024e-04	
    0.040127	    0.988263	2.841235e-03	-7.274224e-04	
    0.040127	    0.988263	2.413793e-03	-1.619742e-03	
    0.040127	    0.988263	1.750072e-03	-2.353510e-03	
    0.040127	    0.988263	9.150418e-04	-2.856900e-03	
    0.040127	    0.988263	-9.559169e-06	-3.080637e-03	
    0.040127	    0.988263	-9.332244e-04	-3.002819e-03	
    0.040127	    0.988263	-1.765539e-03	-2.631065e-03	


   -0.214862	    0.958032	-1.796834e-03	-2.973189e-03	
   -0.214862	    0.958032	-2.366796e-03	-2.430069e-03	
   -0.214862	    0.958032	-2.705080e-03	-1.649076e-03	
   -0.214862	    0.958032	-2.778571e-03	-7.066605e-04	
   -0.214862	    0.958032	-2.580077e-03	3.049280e-04	
   -0.214862	    0.958032	-2.129027e-03	1.286668e-03	
   -0.214862	    0.958032	-1.469572e-03	2.142460e-03	
   -0.214862	    0.958032	-6.662663e-04	2.788533e-03	
   -0.214862	    0.958032	2.022587e-04	3.161645e-03	
   -0.214862	    0.958032	1.050985e-03	3.225273e-03	
   -0.214862	    0.958032	1.796834e-03	2.973189e-03	
   -0.214862	    0.958032	2.366796e-03	2.430069e-03	
   -0.214862	    0.958032	2.705080e-03	1.649076e-03	
   -0.214862	    0.958032	2.778571e-03	7.066605e-04	
   -0.214862	    0.958032	2.580077e-03	-3.049280e-04	
   -0.214862	    0.958032	2.129027e-03	-1.286668e-03	
   -0.214862	    0.958032	1.469572e-03	-2.142460e-03	
   -0.214862	    0.958032	6.662663e-04	-2.788533e-03	
   -0.214862	    0.958032	-2.022587e-04	-3.161645e-03	
   -0.214862	    0.958032	-1.050985e-03	-3.225273e-03	
   -0.214862	    0.958032	-1.796834e-03	-2.973189e-03	


   -0.214862	    0.958032	-1.796834e-03	-2.973189e-03	
   -0.214862	    0.958032	-2.366796e-03	-2.430069e-03	
   -0.214862	    0.958032	-2.705080e-03	-1.649076e-03	
   -0.214862	    0.958032	-2.778571e-03	-7.066605e-04	
   -0.214862	    0.958032	-2.580077e-03	3.049280e-04	
   -0.214862	    0.958032	-2.129027e-03	1.286668e-03	
   -0.214862	    0.958032	-1.469572e-03	2.142460e-03	
   -0.214862	    0.958032	-6.662663e-04	2.788533e-03	
   -0.214862	    0.958032	2.022587e-04	3.161645e-03	
   -0.214862	    0.958032	1.050985e-03	3.225273e-03	
   -0.214862	    0.958032	1.796834e-03	2.973189e-03	
   -0.214862	    0.958032	2.366796e-03	2.430069e-03	
   -0.214862	    0.958032	2.705080e-03	1.649076e-03	
   -0.214862	    0.958032	2.778571e-03	7.066605e-04	
   -0.214862	    0.958032	2.580077e-03	-3.049280e-04	
   -0.214862	    0.958032	2.129027e-03	-1.286668e-03	
   -0.214862	    0.958032	1.469572e-03	-2.142460e-03	
   -0.214862	    0.958032	6.662663e-04	-2.788533e-03	
   -0.214862	    0.958032	-2.022587e-04	-3.161645e-03	
   -0.214862	    0.958032	-1.050985e-03	-3.225273e-03	
   -0.214862	    0.958032	-1.796834e-03	-2.973189e-03	


   -0.455972	    0.866117	-1.776887e-03	-3.481870e-03	
   -0.455972	    0.866117	-2.244573e-03	-3.028401e-03	
   -0.455972	    0.866117	-2.492546e-03	-2.278491e-03	
   -0.455972	    0.866117	-2.496530e-03	-1.305547e-03	
   -0.455972	    0.866117	-2.256137e-03	-2.048065e-04	
   -0.455972	    0.866117	-1.794897e-03	9.159818e-04	
   -0.455972	    0.866117	-1.157961e-03	1.947107e-03	
   -0.455972	    0.866117	-4.076747e-04	2.787637e-03	
   -0.455972	    0.866117	3.825173e-04	3.355292e-03	
   -0.455972	    0.866117	1.135266e-03	3.594509e-03	
   -0.455972	    0.866117	1.776887e-03	3.481870e-03	
   -0.455972	    0.866117	2.244573e-03	3.028401e-03	
   -0.455972	    0.866117	2.492546e-03	2.278491e-03	
   -0.455972	    0.866117	2.496530e-03	1.305547e-03	
   -0.455972	    0.866117	2.256137e-03	2.048065e-04	
   -0.455972	    0.866117	1.794897e-03	-9.159818e-04	
   -0.455972	    0.866117	1.157961e-03	-1.947107e-03	
   -0.455972	    0.866117	4.076747e-04	-2.787637e-03	
   -0.455972	    0.866117	-3.825173e-04	-3.355292e-03	
   -0.455972	    0.866117	-1.135266e-03	-3.594509e-03	
   -0.455972	    0.866117	-1.776887e-03	-3.481870e-03	


   -0.455972	    0.866117	-1.776887e-03	-3.481870e-03	
   -0.455972	    0.866117	-2.244573e-03	-3.028401e-03	
   -0.455972	    0.866117	-2.492546e-03	-2.278491e-03	
   -0.455972	    0.866117	-2.496530e-03	-1.305547e-03	
   -0.455972	    0.866117	-2.256137e-03	-2.048065e-04	
   -0.455972	    0.866117	-1.794897e-03	9.159818e-04	
   -0.455972	    0.866117	-1.157961e-03	1.947107e-03	
   -0.455972	    0.866117	-4.076747e-04	2.787637e-03	
   -0.455972	    0.866117	3.825173e-04	3.355292e-03	
   -0.455972	    0.866117	1.135266e-03	3.594509e-03	
   -0.455972	    0.866117	1.776887e-03	3.481870e-03	
   -0.455972	    0.866117	2.244573e-03	3.028401e-03	
   -0.455972	    0.866117	2.492546e-03	2.278491e-03	
   -0.455972	    0.866117	2.496530e-03	1.305547e-03	
   -0.455972	    0.866117	2.256137e-03	2.048065e-04	
   -0.455972	    0.866117	1.794897e-03	-9.159818e-04	
   -0.455972	    0.866117	1.157961e-03	-1.947107e-03	
   -0.455972	    0.866117	4.076747e-04	-2.787637e-03	
   -0.455972	    0.866117	-3.825173e-04	-3.355292e-03	
   -0.455972	    0.866117	-1.135266e-03	-3.594509e-03	
   -0.455972	    0.866117	-1.776887e-03	-3.481870e-03	


   -0.667449	    0.717930	-1.635328e-03	-4.041706e-03	
   -0.667449	    0.717930	-2.014775e-03	-3.657977e-03	
   -0.667449	    0.717930	-2.197001e-03	-2.916180e-03	
   -0.667449	    0.717930	-2.164170e-03	-1.888927e-03	
   -0.667449	    0.717930	-1.919495e-03	-6.767718e-04	
   -0.667449	    0.717930	-1.486926e-03	6.016300e-04	
   -0.667449	    0.717930	-9.088067e-04	1.821140e-03	
   -0.667449	    0.717930	-2.417269e-04	2.862384e-03	
   -0.667449	    0.717930	4.490148e-04	3.623438e-03	
   -0.667449	    0.717930	1.095804e-03	4.029805e-03	
   -0.667449	    0.717930	1.635328e-03	4.041706e-03	
   -0.667449	    0.717930	2.014775e-03	3.657977e-03	
   -0.667449	    0.717930	2.197001e-03	2.916180e-03	
   -0.667449	    0.717930	2.164170e-03	1.888927e-03	
   -0.667449	    0.717930	1.919495e-03	6.767718e-04	
   -0.667449	    0.717930	1.486926e-03	-6.016300e-04	
   -0.667449	    0.717930	9.088067e-04	-1.821140e-03	
   -0.667449	    0.717930	2.417269e-04	-2.862384e-03	
   -0.667449	    0.717930	-4.490148e-04	-3.623438e-03	
   -0.667449	    0.717930	-1.095804e-03	-4.029805e-03	
   -0.667449	    0.717930	-1.635328e-03	-4.041706e-03	


   -0.667449	    0.717930	-1.635328e-03	-4.041706e-03	
   -0.667449	    0.717930	-2.014775e-03	-3.657977e-03	
   -0.667449	    0.717930	-2.197001e-03	-2.916180e-03	
   -0.667449	    0.717930	-2.164170e-03	-1.888927e-03	
   -0.667449	    0.717930	-1.919495e-03	-6.767718e-04	
   -0.667449	    0.717930	-1.486926e-03	6.016300e-04	
   -0.667449	    0.717930	-9.088067e-04	1.821140e-03	
   -0.667449	    0.717930	-2.417269e-04	2.862384e-03	
   -0.667449	    0.717930	4.490148e-04	3.623438e-03	
   -0.667449	    0.717930	1.095804e-03	4.029805e-03	
   -0.667449	    0.717930	1.635328e-03	4.041706e-03	
   -0.667449	    0.717930	2.014775e-03	3.657977e-03	
   -0.667449	    0.717930	2.197001e-03	2.916180e-03	
   -0.667449	    0.717930	2.164170e-03	1.888927e-03	
   -0.667449	    0.717930	1.919495e-03	6.767718e-04	
   -0.667449	    0.717930	1.486926e-03	-6.016300e-04	
   -0.667449	    0.717930	9.088067e-04	-1.821140e-03	
   -0.667449	    0.717930	2.417269e-04	-2.862384e-03	
   -0.667449	    0.717930	-4.490148e-04	-3.623438e-03	
   -0.667449	    0.717930	-1.095804e-03	-4.029805e-03	
   -0.667449	    0.717930	-1.635328e-03	-4.041706e-03	


   -0.835779	    0.523288	-1.284033e-03	-4.574596e-03	
   -0.835779	    0.523288	-1.601800e-03	-4.243866e-03	
   -0.835779	    0.523288	-1.762772e-03	-3.497717e-03	
   -0.835779	    0.523288	-1.751192e-03	-2.409187e-03	
   -0.835779	    0.523288	-1.568193e-03	-1.084829e-03	
   -0.835779	    0.523288	-1.231688e-03	3.457196e-04	
   -0.835779	    0.523288	-7.746171e-04	1.742427e-03	
   -0.835779	    0.523288	-2.417211e-04	2.968573e-03	
   -0.835779	    0.523288	3.148362e-04	3.904135e-03	
   -0.835779	    0.523288	8.405751e-04	4.457533e-03	
   -0.835779	    0.523288	1.284033e-03	4.574596e-03	
   -0.835779	    0.523288	1.601800e-03	4.243866e-03	
   -0.835779	    0.523288	1.762772e-03	3.497717e-03	
   -0.835779	    0.523288	1.751192e-03	2.409187e-03	
   -0.835779	    0.523288	1.568193e-03	1.084829e-03	
   -0.835779	    0.523288	1.231688e-03	-3.457196e-04	
   -0.835779	    0.523288	7.746171e-04	-1.742427e-03	
   -0.835779	    0.523288	2.417211e-04	-2.968573e-03	
   -0.835779	    0.523288	-3.148362e-04	-3.904135e-03	
   -0.835779	    0.523288	-8.405751e-04	-4.457533e-03	
   -0.835779	    0.523288	-1.284033e-03	-4.574596e-03	


   -0.835779	    0.523288	-1.284033e-03	-4.574596e-03	
   -0.835779	    0.523288	-1.601800e-03	-4.243866e-03	
   -0.835779	    0.523288	-1.762772e-03	-3.497717e-03	
   -0.835779	    0.523288	-1.751192e-03	-2.409187e-03	
   -0.835779	    0.523288	-1.568193e-03	-1.084829e-03	
   -0.835779	    0.523288	-1.231688e-03	3.457196e-04	
   -0.835779	    0.523288	-7.746171e-04	1.742427e-03	
   -0.835779	    0.523288	-2.417211e-04	2.968573e-03	
   -0.835779	    0.523288	3.148362e-04	3.904135e-03	
   -0.835779	    0.523288	8.405751e-04	4.457533e-03	
   -0.835779	    0.523288	1.284033e-03	4.574596e-03	
   -0.835779	    0.523288	1.601800e-03	4.243866e-03	
   -0.835779	    0.523288	1.762772e-03	3.497717e-03	
   -0.835779	    0.523288	1.751192e-03	2.409187e-03	
   -0.835779	    0.523288	1.568193e-03	1.084829e-03	
   -0.835779	    0.523288	1.231688e-03	-3.457196e-04	
   -0.835779	    0.523288	7.746171e-04	-1.742427e-03	
   -0.835779	    0.523288	2.417211e-04	-2.968573e-03	
   -0.835779	    0.523288	-3.148362e-04	-3.904135e-03	
   -0.835779	    0.523288	-8.405751e-04	-4.457533e-03	
   -0.835779	    0.523288	-1.284033e-03	-4.574596e-03	


   -0.951031	    0.295339	-7.271794e-04	-4.937309e-03	
   -0.951031	    0.295339	-1.006214e-03	-4.649321e-03	
   -0.951031	    0.295339	-1.186753e-03	-3.906225e-03	
   -0.951031	    0.295339	-1.251124e-03	-2.780761e-03	
   -0.951031	    0.295339	-1.193027e-03	-1.383096e-03	
   -0.951031	    0.295339	-1.018148e-03	1.499554e-04	
   -0.951031	    0.295339	-7.436057e-04	1.668329e-03	
   -0.951031	    0.295339	-3.962739e-04	3.023394e-03	
   -0.951031	    0.295339	-1.015203e-05	4.082509e-03	
   -0.951031	    0.295339	3.769636e-04	4.741999e-03	
   -0.951031	    0.295339	7.271794e-04	4.937309e-03	
   -0.951031	    0.295339	1.006214e-03	4.649321e-03	
   -0.951031	    0.295339	1.186753e-03	3.906225e-03	
   -0.951031	    0.295339	1.251124e-03	2.780761e-03	
   -0.951031	    0.295339	1.193027e-03	1.383096e-03	
   -0.951031	    0.295339	1.018148e-03	-1.499554e-04	
   -0.951031	    0.295339	7.436057e-04	-1.668329e-03	
   -0.951031	    0.295339	3.962739e-04	-3.023394e-03	
   -0.951031	    0.295339	1.015203e-05	-4.082509e-03	
   -0.951031	    0.295339	-3.769636e-04	-4.741999e-03	
   -0.951031	    0.295339	-7.271794e-04	-4.937309e-03	


   -0.951031	    0.295339	-7.271794e-04	-4.937309e-03	
   -0.951031	    0.295339	-1.006214e-03	-4.649321e-03	
   -0.951031	    0.295339	-1.186753e-03	-3.906225e-03	
   -0.951031	    0.295339	-1.251124e-03	-2.780761e-03	
   -0.951031	    0.295339	-1.193027e-03	-1.383096e-03	
   -0.951031	    0.295339	-1.018148e-03	1.499554e-04	
   -0.951031	    0.295339	-7.436057e-04	1.668329e-03	
   -0.951031	    0.295339	-3.962739e-04	3.023394e-03	
   -0.951031	    0.295339	-1.015203e-05	4.082509e-03	
   -0.951031	    0.295339	3.769636e-04	4.741999e-03	
   -0.951031	    0.295339	7.271794e-04	4.937309e-03	
   -0.951031	    0.295339	1.006214e-03	4.649321e-03	
   -0.951031	    0.295339	1.186753e-03	3.906225e-03	
   -0.951031	    0.295339	1.251124e-03	2.780761e-03	
   -0.951031	    0.295339	1.193027e-03	1.383096e-03	
   -0.951031	    0.295339	1.018148e-03	-1.499554e-04	
   -0.951031	    0.295339	7.436057e-04	-1.668329e-03	
   -0.951031	    0.295339	3.962739e-04	-3.023394e-03	
   -0.951031	    0.295339	1.015203e-05	-4.082509e-03	
   -0.951031	    0.295339	-3.769636e-04	-4.741999e-03	
   -0.951031	    0.295339	-7.271794e-04	-4.937309e-03	


   -1.007616	    0.049080	-9.556224e-05	-5.041791e-03	
   -1.007616	    0.049080	-3.525578e-04	-4.790068e-03	
   -1.007616	    0.049080	-5.750425e-04	-4.069461e-03	
   -1.007616	    0.049080	-7.412380e-04	-2.950506e-03	
   -1.007616	    0.049080	-8.348760e-04	-1.542735e-03	
   -1.007616	    0.049080	-8.467906e-04	1.605009e-05	
   -1.007616	    0.049080	-7.758153e-04	1.573264e-03	
   -1.007616	    0.049080	-6.288979e-04	2.976475e-03	
   -1.007616	    0.049080	-4.204195e-04	4.088329e-03	
   -1.007616	    0.049080	-1.707876e-04	4.799988e-03	
   -1.007616	    0.049080	9.556224e-05	5.041791e-03	
   -1.007616	    0.049080	3.525578e-04	4.790068e-03	
   -1.007616	    0.049080	5.750425e-04	4.069461e-03	
   -1.007616	    0.049080	7.412380e-04	2.950506e-03	
   -1.007616	    0.049080	8.348760e-04	1.542735e-03	
   -1.007616	    0.049080	8.467906e-04	-1.605009e-05	
   -1.007616	    0.049080	7.758153e-04	-1.573264e-03	
   -1.007616	    0.049080	6.288979e-04	-2.976475e-03	
   -1.007616	    0.049080	4.204195e-04	-4.088329e-03	
   -1.007616	    0.049080	1.707876e-04	-4.799988e-03	
   -1.007616	    0.049080	-9.556224e-05	-5.041791e-03	


   -1.007616	    0.049080	-9.556224e-05	-5.041791e-03	
   -1.007616	    0.049080	-3.525578e-04	-4.790068e-03	
   -1.007616	    0.049080	-5.750425e-04	-4.069461e-03	
   -1.007616	    0.049080	-7.412380e-04	-2.950506e-03	
   -1.007616	    0.049080	-8.348760e-04	-1.542735e-03	
   -1.007616	    0.049080	-8.467906e-04	1.605009e-05	
   -1.007616	    0.049080	-7.758153e-04	1.573264e-03	
   -1.007616	    0.049080	-6.288979e-04	2.976475e-03	
   -1.007616	    0.049080	-4.204195e-04	4.088329e-03	
   -1.007616	    0.049080	-1.707876e-04	4.799988e-03	
   -1.007616	    0.049080	9.556224e-05	5.041791e-03	
   -1.007616	    0.049080	3.525578e-04	4.790068e-03	
   -1.007616	    0.049080	5.750425e-04	4.069461e-03	
   -1.007616	    0.049080	7.412380e-04	2.950506e-03	
   -1.007616	    0.049080	8.348760e-04	1.542735e-03	
   -1.007616	    0.049080	8.467906e-04	-1.605009e-05	
   -1.007616	    0.049080	7.758153e-04	-1.573264e-03	
   -1.007616	    0.049080	6.288979e-04	-2.976475e-03	
   -1.007616	    0.049080	4.204195e-04	-4.088329e-03	
   -1.007616	    0.049080	1.707876e-04	-4.799988e-03	
   -1.007616	    0.049080	-9.556224e-05	-5.041791e-03	


   -1.004358	   -0.200193	5.339716e-04	-4.838237e-03	
   -1.004358	   -0.200193	2.889667e-04	-4.625593e-03	
   -1.004358	   -0.200193	1.567567e-05	-3.960163e-03	
   -1.004358	   -0.200193	-2.591498e-04	-2.907085e-03	
   -1.004358	   -0.200193	-5.086079e-04	-1.569441e-03	
   -1.004358	   -0.200193	-7.082799e-04	-7.816925e-05	
   -1.004358	   -0.200193	-8.386205e-04	1.420754e-03	
   -1.004358	   -0.200193	-8.868711e-04	2.780604e-03	
   -1.004358	   -0.200193	-8.483086e-04	3.868269e-03	
   -1.004358	   -0.200193	-7.267077e-04	4.577281e-03	
   -1.004358	   -0.200193	-5.339716e-04	4.838237e-03	
   -1.004358	   -0.200193	-2.889667e-04	4.625593e-03	
   -1.004358	   -0.200193	-1.567567e-05	3.960163e-03	
   -1.004358	   -0.200193	2.591498e-04	2.907085e-03	
   -1.004358	   -0.200193	5.086079e-04	1.569441e-03	
   -1.004358	   -0.200193	7.082799e-04	7.816925e-05	
   -1.004358	   -0.200193	8.386205e-04	-1.420754e-03	
   -1.004358	   -0.200193	8.868711e-04	-2.780604e-03	
   -1.004358	   -0.200193	8.483086e-04	-3.868269e-03	
   -1.004358	   -0.200193	7.267077e-04	-4.577281e-03	
   -1.004358	   -0.200193	5.339716e-04	-4.838237e-03	


   -1.004358	   -0.200193	5.339716e-04	-4.838237e-03	
   -1.004358	   -0.200193	2.889667e-04	-4.625593e-03	
   -1.004358	   -0.200193	1.567567e-05	-3.960163e-03	
   -1.004358	   -0.200193	-2.591498e-04	-2.907085e-03	
   -1.004358	   -0.200193	-5.086079e-04	-1.569441e-03	
   -1.004358	   -0.200193	-7.082799e-04	-7.816925e-05	
   -1.004358	   -0.200193	-8.386205e-04	1.420754e-03	
   -1.004358	   -0.200193	-8.868711e-04	2.780604e-03	
   -1.004358	   -0.200193	-8.483086e-04	3.868269e-03	
   -1.004358	   -0.200193	-7.267077e-04	4.577281e-03	
   -1.004358	   -0.200193	-5.339716e-04	4.838237e-03	
   -1.004358	   -0.200193	-2.889667e-04	4.625593e-03	
   -1.004358	   -0.200193	-1.567567e-05	3.960163e-03	
   -1.004358	   -0.200193	2.591498e-04	2.907085e-03	
   -1.004358	   -0.200193	5.086079e-04	1.569441e-03	
   -1.004358	   -0.200193	7.082799e-04	7.816925e-05	
   -1.004358	   -0.200193	8.386205e-04	-1.420754e-03	
   -1.004358	   -0.200193	8.868711e-04	-2.780604e-03	
   -1.004358	   -0.200193	8.483086e-04	-3.868269e-03	
   -1.004358	   -0.200193	7.267077e-04	-4.577281e-03	
   -1.004358	   -0.200193	5.339716e-04	-4.838237e-03	


   -0.944030	   -0.438190	1.055671e-03	-4.383959e-03	
   -0.944030	   -0.438190	8.146940e-04	-4.214979e-03	
   -0.944030	   -0.438190	4.939690e-04	-3.633407e-03	
   -0.944030	   -0.438190	1.248909e-04	-2.696172e-03	
   -0.944030	   -0.438190	-2.564124e-04	-1.495018e-03	
   -0.944030	   -0.438190	-6.126163e-04	-1.475199e-04	
   -0.944030	   -0.438190	-9.088530e-04	1.214418e-03	
   -0.944030	   -0.438190	-1.116125e-03	2.457480e-03	
   -0.944030	   -0.438190	-1.214143e-03	3.459987e-03	
   -0.944030	   -0.438190	-1.193312e-03	4.123806e-03	
   -0.944030	   -0.438190	-1.055671e-03	4.383959e-03	
   -0.944030	   -0.438190	-8.146940e-04	4.214979e-03	
   -0.944030	   -0.438190	-4.939690e-04	3.633407e-03	
   -0.944030	   -0.438190	-1.248909e-04	2.696172e-03	
   -0.944030	   -0.438190	2.564124e-04	1.495018e-03	
   -0.944030	   -0.438190	6.126163e-04	1.475199e-04	
   -0.944030	   -0.438190	9.088530e-04	-1.214418e-03	
   -0.944030	   -0.438190	1.116125e-03	-2.457480e-03	
   -0.944030	   -0.438190	1.214143e-03	-3.459987e-03	
   -0.944030	   -0.438190	1.193312e-03	-4.123806e-03	
   -0.944030	   -0.438190	1.055671e-03	-4.383959e-03	


   -0.944030	   -0.438190	1.055671e-03	-4.383959e-03	
   -0.944030	   -0.438190	8.146940e-04	-4.214979e-03	
   -0.944030	   -0.438190	4.939690e-04	-3.633407e-03	
   -0.944030	   -0.438190	1.248909e-04	-2.696172e-03	
   -0.944030	   -0.438190	-2.564124e-04	-1.495018e-03	
   -0.944030	   -0.438190	-6.126163e-04	-1.475199e-04	
   -0.944030	   -0.438190	-9.088530e-04	1.214418e-03	
   -0.944030	   -0.438190	-1.116125e-03	2.457480e-03	
   -0.944030	   -0.438190	-1.214143e-03	3.459987e-03	
   -0.944030	   -0.438190	-1.193312e-03	4.123806e-03	
   -0.944030	   -0.438190	-1.055671e-03	4.383959e-03	
   -0.944030	   -0.438190	-8.146940e-04	4.214979e-03	
   -0.944030	   -0.438190	-4.939690e-04	3.633407e-03	
   -0.944030	   -0.438190	-1.248909e-04	2.696172e-03	
   -0.944030	   -0.438190	2.564124e-04	1.495018e-03	
   -0.944030	   -0.438190	6.126163e-04	1.475199e-04	
   -0.944030	   -0.438190	9.088530e-04	-1.214418e-03	
   -0.944030	   -0.438190	1.116125e-03	-2.457480e-03	
   -0.944030	   -0.438190	1.214143e-03	-3.459987e-03	
   -0.944030	   -0.438190	1.193312e-03	-4.123806e-03	
   -0.944030	   -0.438190	1.055671e-03	-4.383959e-03	


   -0.832542	   -0.652531	1.414295e-03	-3.783643e-03	
   -0.832542	   -0.652531	1.173514e-03	-3.662586e-03	
   -0.832542	   -0.652531	8.178607e-04	-3.183010e-03	
   -0.832542	   -0.652531	3.821497e-04	-2.391859e-03	
   -0.832542	   -0.652531	-9.096883e-05	-1.366576e-03	
   -0.832542	   -0.652531	-5.551827e-04	-2.075228e-04	
   -0.832542	   -0.652531	-9.650513e-04	9.718441e-04	
   -0.832542	   -0.652531	-1.280454e-03	2.056080e-03	
   -0.832542	   -0.652531	-1.470517e-03	2.939053e-03	
   -0.832542	   -0.652531	-1.516636e-03	3.534330e-03	
   -0.832542	   -0.652531	-1.414295e-03	3.783643e-03	
   -0.832542	   -0.652531	-1.173514e-03	3.662586e-03	
   -0.832542	   -0.652531	-8.178607e-04	3.183010e-03	
   -0.832542	   -0.652531	-3.821497e-04	2.391859e-03	
   -0.832542	   -0.652531	9.096883e-05	1.366576e-03	
   -0.832542	   -0.652531	5.551827e-04	2.075228e-04	
   -0.832542	   -0.652531	9.650513e-04	-9.718441e-04	
   -0.832542	   -0.652531	1.280454e-03	-2.056080e-03	
   -0.832542	   -0.652531	1.470517e-03	-2.939053e-03	
   -0.832542	   -0.652531	1.516636e-03	-3.534330e-03	
   -0.832542	   -0.652531	1.414295e-03	-3.783643e-03	


   -0.832542	   -0.652531	1.414295e-03	-3.783643e-03	
   -0.832542	   -0.652531	1.173514e-03	-3.662586e-03	
   -0.832542	   -0.652531	8.178607e-04	-3.183010e-03	
   -0.832542	   -0.652531	3.821497e-04	-2.391859e-03	
   -0.832542	   -0.652531	-9.096883e-05	-1.366576e-03	
   -0.832542	   -0.652531	-5.551827e-04	-2.075228e-04	
   -0.832542	   -0.652531	-9.650513e-04	9.718441e-04	
   -0.832542	   -0.652531	-1.280454e-03	2.056080e-03	
   -0.832542	   -0.652531	-1.470517e-03	2.939053e-03	
   -0.832542	   -0.652531	-1.516636e-03	3.534330e-03	
   -0.832542	   -0.652531	-1.414295e-03	3.783643e-03	
   -0.832542	   -0.652531	-1.173514e-03	3.662586e-03	
   -0.832542	   -0.652531	-8.178607e-04	3.183010e-03	
   -0.832542	   -0.652531	-3.821497e-04	2.391859e-03	
   -0.832542	   -0.652531	9.096883e-05	1.366576e-03	
   -0.832542	   -0.652531	5.551827e-04	2.075228e-04	
   -0.832542	   -0.652531	9.650513e-04	-9.718441e-04	
   -0.832542	   -0.652531	1.280454e-03	-2.056080e-03	
   -0.832542	   -0.652531	1.470517e-03	-2.939053e-03	
   -0.832542	   -0.652531	1.516636e-03	-3.534330e-03	
   -0.832542	   -0.652531	1.414295e-03	-3.783643e-03	


   -0.678047	   -0.833241	1.562373e-03	-3.110636e-03	
   -0.678047	   -0.833241	1.326516e-03	-3.038447e-03	
   -0.678047	   -0.833241	9.608111e-04	-2.668833e-03	
   -0.678047	   -0.833241	5.010551e-04	-2.037975e-03	
   -0.678047	   -0.833241	-7.747766e-06	-1.207626e-03	
   -0.678047	   -0.833241	-5.157922e-04	-2.590659e-04	
   -0.678047	   -0.833241	-9.733473e-04	7.148532e-04	
   -0.678047	   -0.833241	-1.335624e-03	1.618797e-03	
   -0.678047	   -0.833241	-1.567161e-03	2.364283e-03	
   -0.678047	   -0.833241	-1.645293e-03	2.878335e-03	
   -0.678047	   -0.833241	-1.562373e-03	3.110636e-03	
   -0.678047	   -0.833241	-1.326516e-03	3.038447e-03	
   -0.678047	   -0.833241	-9.608111e-04	2.668833e-03	
   -0.678047	   -0.833241	-5.010551e-04	2.037975e-03	
   -0.678047	   -0.833241	7.747766e-06	1.207626e-03	
   -0.678047	   -0.833241	5.157922e-04	2.590659e-04	
   -0.678047	   -0.833241	9.733473e-04	-7.148532e-04	
   -0.678047	   -0.833241	1.335624e-03	-1.618797e-03	
   -0.678047	   -0.833241	1.567161e-03	-2.364283e-03	
   -0.678047	   -0.833241	1.645293e-03	-2.878335e-03	
   -0.678047	   -0.833241	1.562373e-03	-3.110636e-03	


   -0.678047	   -0.833241	1.562373e-03	-3.110636e-03	
   -0.678047	   -0.833241	1.326516e-03	-3.038447e-03	
   -0.678047	   -0.833241	9.608111e-04	-2.668833e-03	
   -0.678047	   -0.833241	5.010551e-04	-2.037975e-03	
   -0.678047	   -0.833241	-7.747766e-06	-1.207626e-03	
   -0.678047	   -0.833241	-5.157922e-04	-2.590659e-04	
   -0.678047	   -0.833241	-9.733473e-04	7.148532e-04	
   -0.678047	   -0.833241	-1.335624e-03	1.618797e-03	
   -0.678047	   -0.833241	-1.567161e-03	2.364283e-03	
   -0.678047	   -0.833241	-1.645293e-03	2.878335e-03	
   -0.678047	   -0.833241	-1.562373e-03	3.110636e-03	
   -0.678047	   -0.833241	-1.326516e-03	3.038447e-03	
   -0.678047	   -0.833241	-9.608111e-04	2.668833e-03	
   -0.678047	   -0.833241	-5.010551e-04	2.037975e-03	
   -0.678047	   -0.833241	7.747766e-06	1.207626e-03	
   -0.678047	   -0.833241	5.157922e-04	2.590659e-04	
   -0.678047	   -0.833241	9.733473e-04	-7.148532e-04	
   -0.678047	   -0.833241	1.335624e-03	-1.618797e-03	
   -0.678047	   -0.833241	1.567161e-03	-2.364283e-03	
   -0.678047	   -0.833241	1.645293e-03	-2.878335e-03	
   -0.678047	   -0.833241	1.562373e-03	-3.110636e-03	


   -0.490077	   -0.972911	1.515640e-03	-2.469654e-03	
   -0.490077	   -0.972911	1.287899e-03	-2.443022e-03	
   -0.490077	   -0.972911	9.340895e-04	-2.177249e-03	
   -0.490077	   -0.972911	4.888448e-04	-1.698352e-03	
   -0.490077	   -0.972911	-4.251426e-06	-1.053208e-03	
   -0.490077	   -0.972911	-4.969315e-04	-3.049695e-04	
   -0.490077	   -0.972911	-9.409685e-04	4.731219e-04	
   -0.490077	   -0.972911	-1.292897e-03	1.204901e-03	
   -0.490077	   -0.972911	-1.518268e-03	1.818736e-03	
   -0.490077	   -0.972911	-1.595020e-03	2.254540e-03	
   -0.490077	   -0.972911	-1.515640e-03	2.469654e-03	
   -0.490077	   -0.972911	-1.287899e-03	2.443022e-03	
   -0.490077	   -0.972911	-9.340895e-04	2.177249e-03	
   -0.490077	   -0.972911	-4.888448e-04	1.698352e-03	
   -0.490077	   -0.972911	4.251426e-06	1.053208e-03	
   -0.490077	   -0.972911	4.969315e-04	3.049695e-04	
   -0.490077	   -0.972911	9.409685e-04	-4.731219e-04	
   -0.490077	   -0.972911	1.292897e-03	-1.204901e-03	
   -0.490077	   -0.972911	1.518268e-03	-1.818736e-03	
   -0.490077	   -0.972911	1.595020e-03	-2.254540e-03	
   -0.490077	   -0.972911	1.515640e-03	-2.469654e-03	


   -0.490077	   -0.972911	1.515640e-03	-2.469654e-03	
   -0.490077	   -0.972911	1.287899e-03	-2.443022e-03	
   -0.490077	   -0.972911	9.340895e-04	-2.177249e-03	
   -0.490077	   -0.972911	4.888448e-04	-1.698352e-03	
   -0.490077	   -0.972911	-4.251426e-06	-1.053208e-03	
   -0.490077	   -0.972911	-4.969315e-04	-3.049695e-04	
   -0.490077	   -0.972911	-9.409685e-04	4.731219e-04	
   -0.490077	   -0.972911	-1.292897e-03	1.204901e-03	
   -0.490077	   -0.972911	-1.518268e-03	1.818736e-03	
   -0.490077	   -0.972911	-1.595020e-03	2.254540e-03	
   -0.490077	   -0.972911	-1.515640e-03	2.469654e-03	
   -0.490077	   -0.972911	-1.287899e-03	2.443022e-03	
   -0.490077	   -0.972911	-9.340895e-04	2.177249e-03	
   -0.490077	   -0.972911	-4.888448e-04	1.698352e-03	
   -0.490077	   -0.972911	4.251426e-06	1.053208e-03	
   -0.490077	   -0.972911	4.969315e-04	3.049695e-04	
   -0.490077	   -0.972911	9.409685e-04	-4.731219e-04	
   -0.490077	   -0.972911	1.292897e-03	-1.204901e-03	
   -0.490077	   -0.972911	1.518268e-03	-1.818736e-03	
   -0.490077	   -0.972911	1.595020e-03	-2.254540e-03	
   -0.490077	   -0.972911	1.515640e-03	-2.469654e-03	


   -0.278874	   -1.066597	1.347387e-03	-1.926078e-03	
   -0.278874	   -1.066597	1.125985e-03	-1.940559e-03	
   -0.278874	   -1.066597	7.943626e-04	-1.765085e-03	
   -0.278874	   -1.066597	3.849828e-04	-1.416831e-03	
   -0.278874	   -1.066597	-6.208182e-05	-9.298887e-04	
   -0.278874	   -1.066597	-5.030694e-04	-3.519221e-04	
   -0.278874	   -1.066597	-8.948131e-04	2.604931e-04	
   -0.278874	   -1.066597	-1.198966e-03	8.474094e-04	
   -0.278874	   -1.066597	-1.385756e-03	1.351375e-03	
   -0.278874	   -1.066597	-1.436899e-03	1.723059e-03	
   -0.278874	   -1.066597	-1.347387e-03	1.926078e-03	
   -0.278874	   -1.066597	-1.125985e-03	1.940559e-03	
   -0.278874	   -1.066597	-7.943626e-04	1.765085e-03	
   -0.278874	   -1.066597	-3.849828e-04	1.416831e-03	
   -0.278874	   -1.066597	6.208182e-05	9.298887e-04	
   -0.278874	   -1.066597	5.030694e-04	3.519221e-04	
   -0.278874	   -1.066597	8.948131e-04	-2.604931e-04	
   -0.278874	   -1.066597	1.198966e-03	-8.474094e-04	
   -0.278874	   -1.066597	1.385756e-03	-1.351375e-03	
   -0.278874	   -1.066597	1.436899e-03	-1.723059e-03	
   -0.278874	   -1.066597	1.347387e-03	-1.926078e-03	


   -0.278874	   -1.066597	1.347387e-03	-1.926078e-03	
   -0.278874	   -1.066597	1.125985e-03	-1.940559e-03	
   -0.278874	   -1.066597	7.943626e-04	-1.765085e-03	
   -0.278874	   -1.066597	3.849828e-04	-1.416831e-03	
   -0.278874	   -1.066597	-6.208182e-05	-9.298887e-04	
   -0.278874	   -1.066597	-5.030694e-04	-3.519221e-04	
   -0.278874	   -1.066597	-8.948131e-04	2.604931e-04	
   -0.278874	   -1.066597	-1.198966e-03	8.474094e-04	
   -0.278874	   -1.066597	-1.385756e-03	1.351375e-03	
   -0.278874	   -1.066597	-1.436899e-03	1.723059e-03	
   -0.278874	   -1.066597	-1.347387e-03	1.926078e-03	
   -0.278874	   -1.066597	-1.125985e-03	1.940559e-03	
   -0.278874	   -1.066597	-7.943626e-04	1.765085e-03	
   -0.278874	   -1.066597	-3.849828e-04	1.416831e-03	
   -0.278874	   -1.066597	6.208182e-05	9.298887e-04	
   -0.278874	   -1.066597	5.030694e-04	3.519221e-04	
   -0.278874	   -1.066597	8.948131e-04	-2.604931e-04	
   -0.278874	   -1.066597	1.198966e-03	-8.474094e-04	
   -0.278874	   -1.066597	1.385756e-03	-1.351375e-03	
   -0.278874	   -1.066597	1.436899e-03	-1.723059e-03	
   -0.278874	   -1.066597	1.347387e-03	-1.926078e-03	


   -0.054896	   -1.111613	1.084233e-03	-1.503467e-03	
   -0.054896	   -1.111613	8.662217e-04	-1.548833e-03	
   -0.054896	   -1.111613	5.634184e-04	-1.442589e-03	
   -0.054896	   -1.111613	2.054638e-04	-1.195134e-03	
   -0.054896	   -1.111613	-1.726030e-04	-8.306909e-04	
   -0.054896	   -1.111613	-5.337743e-04	-3.849341e-04	
   -0.054896	   -1.111613	-8.426960e-04	9.850274e-05	
   -0.054896	   -1.111613	-1.069129e-03	5.722975e-04	
   -0.054896	   -1.111613	-1.190908e-03	9.900717e-04	
   -0.054896	   -1.111613	-1.196112e-03	1.310931e-03	
   -0.054896	   -1.111613	-1.084233e-03	1.503467e-03	
   -0.054896	   -1.111613	-8.662217e-04	1.548833e-03	
   -0.054896	   -1.111613	-5.634184e-04	1.442589e-03	
   -0.054896	   -1.111613	-2.054638e-04	1.195134e-03	
   -0.054896	   -1.111613	1.726030e-04	8.306909e-04	
   -0.054896	   -1.111613	5.337743e-04	3.849341e-04	
   -0.054896	   -1.111613	8.426960e-04	-9.850274e-05	
   -0.054896	   -1.111613	1.069129e-03	-5.722975e-04	
   -0.054896	   -1.111613	1.190908e-03	-9.900717e-04	
   -0.054896	   -1.111613	1.196112e-03	-1.310931e-03	
   -0.054896	   -1.111613	1.084233e-03	-1.503467e-03	


   -0.054896	   -1.111613	1.084233e-03	-1.503467e-03	
   -0.054896	   -1.111613	8.662217e-04	-1.548833e-03	
   -0.054896	   -1.111613	5.634184e-04	-1.442589e-03	
   -0.054896	   -1.111613	2.054638e-04	-1.195134e-03	
   -0.054896	   -1.111613	-1.726030e-04	-8.306909e-04	
   -0.054896	   -1.111613	-5.337743e-04	-3.849341e-04	
   -0.054896	   -1.111613	-8.426960e-04	9.850274e-05	
   -0.054896	   -1.111613	-1.069129e-03	5.722975e-04	
   -0.054896	   -1.111613	-1.190908e-03	9.900717e-04	
   -0.054896	   -1.111613	-1.196112e-03	1.310931e-03	
   -0.054896	   -1.111613	-1.084233e-03	1.503467e-03	
   -0.054896	   -1.111613	-8.662217e-04	1.548833e-03	
   -0.054896	   -1.111613	-5.634184e-04	1.442589e-03	
   -0.054896	   -1.111613	-2.054638e-04	1.195134e-03	
   -0.054896	   -1.111613	1.726030e-04	8.306909e-04	
   -0.054896	   -1.111613	5.337743e-04	3.849341e-04	
   -0.054896	   -1.111613	8.426960e-04	-9.850274e-05	
   -0.054896	   -1.111613	1.069129e-03	-5.722975e-04	
   -0.054896	   -1.111613	1.190908e-03	-9.900717e-04	
   -0.054896	   -1.111613	1.196112e-03	-1.310931e-03	
   -0.054896	   -1.111613	1.084233e-03	-1.503467e-03	


    0.171548	   -1.107314	7.647564e-04	-1.217339e-03	
    0.171548	   -1.107314	5.459815e-04	-1.271683e-03	
    0.171548	   -1.107314	2.737621e-04	-1.201545e-03	
    0.171548	   -1.107314	-2.525496e-05	-1.013792e-03	
    0.171548	   -1.107314	-3.217999e-04	-7.268021e-04	
    0.171548	   -1.107314	-5.868449e-04	-3.686674e-04	
    0.171548	   -1.107314	-7.944454e-04	2.555497e-05	
    0.171548	   -1.107314	-9.242800e-04	4.172759e-04	
    0.171548	   -1.107314	-9.636397e-04	7.681509e-04	
    0.171548	   -1.107314	-9.086716e-04	1.043834e-03	
    0.171548	   -1.107314	-7.647564e-04	1.217339e-03	
    0.171548	   -1.107314	-5.459815e-04	1.271683e-03	
    0.171548	   -1.107314	-2.737621e-04	1.201545e-03	
    0.171548	   -1.107314	2.525496e-05	1.013792e-03	
    0.171548	   -1.107314	3.217999e-04	7.268021e-04	
    0.171548	   -1.107314	5.868449e-04	3.686674e-04	
    0.171548	   -1.107314	7.944454e-04	-2.555497e-05	
    0.171548	   -1.107314	9.242800e-04	-4.172759e-04	
    0.171548	   -1.107314	9.636397e-04	-7.681509e-04	
    0.171548	   -1.107314	9.086716e-04	-1.043834e-03	
    0.171548	   -1.107314	7.647564e-04	-1.217339e-03	


    0.171548	   -1.107314	7.647564e-04	-1.217339e-03	
    0.171548	   -1.107314	5.459815e-04	-1.271683e-03	
    0.171548	   -1.107314	2.737621e-04	-1.201545e-03	
    0.171548	   -1.107314	-2.525496e-05	-1.013792e-03	
    0.171548	   -1.107314	-3.217999e-04	-7.268021e-04	
    0.171548	   -1.107314	-5.868449e-04	-3.686674e-04	
    0.171548	   -1.107314	-7.944454e-04	2.555497e-05	
    0.171548	   -1.107314	-9.242800e-04	4.172759e-04	
    0.171548	   -1.107314	-9.636397e-04	7.681509e-04	
    0.171548	   -1.107314	-9.086716e-04	1.043834e-03	
    0.171548	   -1.107314	-7.647564e-04	1.217339e-03	
    0.171548	   -1.107314	-5.459815e-04	1.271683e-03	
    0.171548	   -1.107314	-2.737621e-04	1.201545e-03	
    0.171548	   -1.107314	2.525496e-05	1.013792e-03	
    0.171548	   -1.107314	3.217999e-04	7.268021e-04	
    0.171548	   -1.107314	5.868449e-04	3.686674e-04	
    0.171548	   -1.107314	7.944454e-04	-2.555497e-05	
    0.171548	   -1.107314	9.242800e-04	-4.172759e-04	
    0.171548	   -1.107314	9.636397e-04	-7.681509e-04	
    0.171548	   -1.107314	9.086716e-04	-1.043834e-03	
    0.171548	   -1.107314	7.647564e-04	-1.217339e-03	


    0.390535	   -1.054873	3.780376e-04	-1.087293e-03	
    0.390535	   -1.054873	1.581792e-04	-1.104086e-03	
    0.390535	   -1.054873	-7.716298e-05	-1.012804e-03	
    0.390535	   -1.054873	-3.049519e-04	-8.223805e-04	
    0.390535	   -1.054873	-5.028900e-04	-5.514572e-04	
    0.390535	   -1.054873	-6.516017e-04	-2.265533e-04	
    0.390535	   -1.054873	-7.365301e-04	1.205271e-04	
    0.390535	   -1.054873	-7.493618e-04	4.558095e-04	
    0.390535	   -1.054873	-6.888407e-04	7.464741e-04	
    0.390535	   -1.054873	-5.608912e-04	9.640686e-04	
    0.390535	   -1.054873	-3.780376e-04	1.087293e-03	
    0.390535	   -1.054873	-1.581792e-04	1.104086e-03	
    0.390535	   -1.054873	7.716298e-05	1.012804e-03	
    0.390535	   -1.054873	3.049519e-04	8.223805e-04	
    0.390535	   -1.054873	5.028900e-04	5.514572e-04	
    0.390535	   -1.054873	6.516017e-04	2.265533e-04	
    0.390535	   -1.054873	7.365301e-04	-1.205271e-04	
    0.390535	   -1.054873	7.493618e-04	-4.558095e-04	
    0.390535	   -1.054873	6.888407e-04	-7.464741e-04	
    0.390535	   -1.054873	5.608912e-04	-9.640686e-04	
    0.390535	   -1.054873	3.780376e-04	-1.087293e-03	


    0.390535	   -1.054873	3.780376e-04	-1.087293e-03	
    0.390535	   -1.054873	1.581792e-04	-1.104086e-03	
    0.390535	   -1.054873	-7.716298e-05	-1.012804e-03	
    0.390535	   -1.054873	-3.049519e-04	-8.223805e-04	
    0.390535	   -1.054873	-5.028900e-04	-5.514572e-04	
    0.390535	   -1.054873	-6.516017e-04	-2.265533e-04	
    0.390535	   -1.054873	-7.365301e-04	1.205271e-04	
    0.390535	   -1.054873	-7.493618e-04	4.558095e-04	
    0.390535	   -1.054873	-6.888407e-04	7.464741e-04	
    0.390535	   -1.054873	-5.608912e-04	9.640686e-04	
    0.390535	   -1.054873	-3.780376e-04	1.087293e-03	
    0.390535	   -1.054873	-1.581792e-04	1.104086e-03	
    0.390535	   -1.054873	7.716298e-05	1.012804e-03	
    0.390535	   -1.054873	3.049519e-04	8.223805e-04	
    0.390535	   -1.054873	5.028900e-04	5.514572e-04	
    0.390535	   -1.054873	6.516017e-04	2.265533e-04	
    0.390535	   -1.054873	7.365301e-04	-1.205271e-04	
    0.390535	   -1.054873	7.493618e-04	-4.558095e-04	
    0.390535	   -1.054873	6.888407e-04	-7.464741e-04	
    0.390535	   -1.054873	5.608912e-04	-9.640686e-04	
    0.390535	   -1.054873	3.780376e-04	-1.087293e-03	


    0.592695	   -0.957116	-4.977759e-06	-1.035091e-03	
    0.592695	   -0.957116	-1.903369e-04	-9.835373e-04	
    0.592695	   -0.957116	-3.570645e-04	-8.357083e-04	
    0.592695	   -0.957116	-4.888402e-04	-6.060744e-04	
    0.592695	   -0.957116	-5.727648e-04	-3.171136e-04	
    0.592695	   -0.957116	-6.006232e-04	2.888401e-06	
    0.592695	   -0.957116	-5.696884e-04	3.226077e-04	
    0.592695	   -0.957116	-4.829885e-04	6.107479e-04	
    0.592695	   -0.957116	-3.490104e-04	8.391039e-04	
    0.592695	   -0.957116	-1.808686e-04	9.853225e-04	
    0.592695	   -0.957116	4.977759e-06	1.035091e-03	
    0.592695	   -0.957116	1.903369e-04	9.835373e-04	
    0.592695	   -0.957116	3.570645e-04	8.357083e-04	
    0.592695	   -0.957116	4.888402e-04	6.060744e-04	
    0.592695	   -0.957116	5.727648e-04	3.171136e-04	
    0.592695	   -0.957116	6.006232e-04	-2.888401e-06	
    0.592695	   -0.957116	5.696884e-04	-3.226077e-04	
    0.592695	   -0.957116	4.829885e-04	-6.107479e-04	
    0.592695	   -0.957116	3.490104e-04	-8.391039e-04	
    0.592695	   -0.957116	1.808686e-04	-9.853225e-04	
    0.592695	   -0.957116	-4.977759e-06	-1.035091e-03	


    0.592695	   -0.957116	-4.977759e-06	-1.035091e-03	
    0.592695	   -0.957116	-1.903369e-04	-9.835373e-04	
    0.592695	   -0.957116	-3.570645e-04	-8.357083e-04	
    0.592695	   -0.957116	-4.888402e-04	-6.060744e-04	
    0.592695	   -0.957116	-5.727648e-04	-3.171136e-04	
    0.592695	   -0.957116	-6.006232e-04	2.888401e-06	
    0.592695	   -0.957116	-5.696884e-04	3.226077e-04	
    0.592695	   -0.957116	-4.829885e-04	6.107479e-04	
    0.592695	   -0.957116	-3.490104e-04	8.391039e-04	
    0.592695	   -0.957116	-1.808686e-04	9.853225e-04	
    0.592695	   -0.957116	4.977759e-06	1.035091e-03	
    0.592695	   -0.957116	1.903369e-04	9.835373e-04	
    0.592695	   -0.957116	3.570645e-04	8.357083e-04	
    0.592695	   -0.957116	4.888402e-04	6.060744e-04	
    0.592695	   -0.957116	5.727648e-04	3.171136e-04	
    0.592695	   -0.957116	6.006232e-04	-2.888401e-06	
    0.592695	   -0.957116	5.696884e-04	-3.226077e-04	
    0.592695	   -0.957116	4.829885e-04	-6.107479e-04	
    0.592695	   -0.957116	3.490104e-04	-8.391039e-04	
    0.592695	   -0.957116	1.808686e-04	-9.853225e-04	
    0.592695	   -0.957116	-4.977759e-06	-1.035091e-03	


    0.769332	   -0.818405	-1.873912e-04	-9.998836e-04	
    0.769332	   -0.818405	-3.211645e-04	-9.241561e-04	
    0.769332	   -0.818405	-4.235000e-04	-7.579657e-04	
    0.769332	   -0.818405	-4.843803e-04	-5.175804e-04	
    0.769332	   -0.818405	-4.978461e-04	-2.265307e-04	
    0.769332	   -0.818405	-4.625793e-04	8.669340e-05	
    0.769332	   -0.818405	-3.820320e-04	3.914313e-04	
    0.769332	   -0.818405	-2.640887e-04	6.578533e-04	
    0.769332	   -0.818405	-1.202946e-04	8.598799e-04	
    0.769332	   -0.818405	3.527477e-05	9.777355e-04	
    0.769332	   -0.818405	1.873912e-04	9.998836e-04	
    0.769332	   -0.818405	3.211645e-04	9.241561e-04	
    0.769332	   -0.818405	4.235000e-04	7.579657e-04	
    0.769332	   -0.818405	4.843803e-04	5.175804e-04	
    0.769332	   -0.818405	4.978461e-04	2.265307e-04	
    0.769332	   -0.818405	4.625793e-04	-8.669340e-05	
    0.769332	   -0.818405	3.820320e-04	-3.914313e-04	
    0.769332	   -0.818405	2.640887e-04	-6.578533e-04	
    0.769332	   -0.818405	1.202946e-04	-8.598799e-04	
    0.769332	   -0.818405	-3.527477e-05	-9.777355e-04	
    0.769332	   -0.818405	-1.873912e-04	-9.998836e-04	


    0.769332	   -0.818405	-1.873912e-04	-9.998836e-04	
    0.769332	   -0.818405	-3.211645e-04	-9.241561e-04	
    0.769332	   -0.818405	-4.235000e-04	-7.579657e-04	
    0.769332	   -0.818405	-4.843803e-04	-5.175804e-04	
    0.769332	   -0.818405	-4.978461e-04	-2.265307e-04	
    0.769332	   -0.818405	-4.625793e-04	8.669340e-05	
    0.769332	   -0.818405	-3.820320e-04	3.914313e-04	
    0.769332	   -0.818405	-2.640887e-04	6.578533e-04	
    0.769332	   -0.818405	-1.202946e-04	8.598799e-04	
    0.769332	   -0.818405	3.527477e-05	9.777355e-04	
    0.769332	   -0.818405	1.873912e-04	9.998836e-04	
    0.769332	   -0.818405	3.211645e-04	9.241561e-04	
    0.769332	   -0.818405	4.235000e-04	7.579657e-04	
    0.769332	   -0.818405	4.843803e-04	5.175804e-04	
    0.769332	   -0.818405	4.978461e-04	2.265307e-04	
    0.769332	   -0.818405	4.625793e-04	-8.669340e-05	
    0.769332	   -0.818405	3.820320e-04	-3.914313e-04	
    0.769332	   -0.818405	2.640887e-04	-6.578533e-04	
    0.769332	   -0.818405	1.202946e-04	-8.598799e-04	
    0.769332	   -0.818405	-3.527477e-05	-9.777355e-04	
    0.769332	   -0.818405	-1.873912e-04	-9.998836e-04	


    0.912450	   -0.644688	-2.294815e-04	-9.842034e-04	
    0.912450	   -0.644688	-3.284582e-04	-9.103363e-04	
    0.912450	   -0.644688	-3.952832e-04	-7.473592e-04	
    0.912450	   -0.644688	-4.234151e-04	-5.112254e-04	
    0.912450	   -0.644688	-4.101002e-04	-2.250492e-04	
    0.912450	   -0.644688	-3.566418e-04	8.315628e-05	
    0.912450	   -0.644688	-2.682728e-04	3.832219e-04	
    0.912450	   -0.644688	-1.536434e-04	6.457751e-04	
    0.912450	   -0.644688	-2.397436e-05	8.451153e-04	
    0.912450	   -0.644688	1.080415e-04	9.617297e-04	
    0.912450	   -0.644688	2.294815e-04	9.842034e-04	
    0.912450	   -0.644688	3.284582e-04	9.103363e-04	
    0.912450	   -0.644688	3.952832e-04	7.473592e-04	
    0.912450	   -0.644688	4.234151e-04	5.112254e-04	
    0.912450	   -0.644688	4.101002e-04	2.250492e-04	
    0.912450	   -0.644688	3.566418e-04	-8.315628e-05	
    0.912450	   -0.644688	2.682728e-04	-3.832219e-04	
    0.912450	   -0.644688	1.536434e-04	-6.457751e-04	
    0.912450	   -0.644688	2.397436e-05	-8.451153e-04	
    0.912450	   -0.644688	-1.080415e-04	-9.617297e-04	
    0.912450	   -0.644688	-2.294815e-04	-9.842034e-04	


    0.912450	   -0.644688	-2.294815e-04	-9.842034e-04	
    0.912450	   -0.644688	-3.284582e-04	-9.103363e-04	
    0.912450	   -0.644688	-3.952832e-04	-7.473592e-04	
    0.912450	   -0.644688	-4.234151e-04	-5.112254e-04	
    0.912450	   -0.644688	-4.101002e-04	-2.250492e-04	
    0.912450	   -0.644688	-3.566418e-04	8.315628e-05	
    0.912450	   -0.644688	-2.682728e-04	3.832219e-04	
    0.912450	   -0.644688	-1.536434e-04	6.457751e-04	
    0.912450	   -0.644688	-2.397436e-05	8.451153e-04	
    0.912450	   -0.644688	1.080415e-04	9.617297e-04	
    0.912450	   -0.644688	2.294815e-04	9.842034e-04	
    0.912450	   -0.644688	3.284582e-04	9.103363e-04	
    0.912450	   -0.644688	3.952832e-04	7.473592e-04	
    0.912450	   -0.644688	4.234151e-04	5.112254e-04	
    0.912450	   -0.644688	4.101002e-04	2.250492e-04	
    0.912450	   -0.644688	3.566418e-04	-8.315628e-05	
    0.912450	   -0.644688	2.682728e-04	-3.832219e-04	
    0.912450	   -0.644688	1.536434e-04	-6.457751e-04	
    0.912450	   -0.644688	2.397436e-05	-8.451153e-04	
    0.912450	   -0.644688	-1.080415e-04	-9.617297e-04	
    0.912450	   -0.644688	-2.294815e-04	-9.842034e-04	


    1.015106	   -0.443368	-2.055704e-04	-9.576661e-04	
    1.015106	   -0.443368	-2.840185e-04	-8.917954e-04	
    1.015106	   -0.443368	-3.346648e-04	-7.386295e-04	
    1.015106	   -0.443368	-3.525519e-04	-5.131614e-04	
    1.015106	   -0.443368	-3.359286e-04	-2.374615e-04	
    1.015106	   -0.443368	-2.864224e-04	6.148278e-05	
    1.015106	   -0.443368	-2.088791e-04	3.544087e-04	
    1.015106	   -0.443368	-1.108893e-04	6.126426e-04	
    1.015106	   -0.443368	-2.044871e-06	8.109068e-04	
    1.015106	   -0.443368	1.069997e-04	9.297938e-04	
    1.015106	   -0.443368	2.055704e-04	9.576661e-04	
    1.015106	   -0.443368	2.840185e-04	8.917954e-04	
    1.015106	   -0.443368	3.346648e-04	7.386295e-04	
    1.015106	   -0.443368	3.525519e-04	5.131614e-04	
    1.015106	   -0.443368	3.359286e-04	2.374615e-04	
    1.015106	   -0.443368	2.864224e-04	-6.148278e-05	
    1.015106	   -0.443368	2.088791e-04	-3.544087e-04	
    1.015106	   -0.443368	1.108893e-04	-6.126426e-04	
    1.015106	   -0.443368	2.044871e-06	-8.109068e-04	
    1.015106	   -0.443368	-1.069997e-04	-9.297938e-04	
    1.015106	   -0.443368	-2.055704e-04	-9.576661e-04	


    1.015106	   -0.443368	-2.055704e-04	-9.576661e-04	
    1.015106	   -0.443368	-2.840185e-04	-8.917954e-04	
    1.015106	   -0.443368	-3.346648e-04	-7.386295e-04	
    1.015106	   -0.443368	-3.525519e-04	-5.131614e-04	
    1.015106	   -0.443368	-3.359286e-04	-2.374615e-04	
    1.015106	   -0.443368	-2.864224e-04	6.148278e-05	
    1.015106	   -0.443368	-2.088791e-04	3.544087e-04	
    1.015106	   -0.443368	-1.108893e-04	6.126426e-04	
    1.015106	   -0.443368	-2.044871e-06	8.109068e-04	
    1.015106	   -0.443368	1.069997e-04	9.297938e-04	
    1.015106	   -0.443368	2.055704e-04	9.576661e-04	
    1.015106	   -0.443368	2.840185e-04	8.917954e-04	
    1.015106	   -0.443368	3.346648e-04	7.386295e-04	
    1.015106	   -0.443368	3.525519e-04	5.131614e-04	
    1.015106	   -0.443368	3.359286e-04	2.374615e-04	
    1.015106	   -0.443368	2.864224e-04	-6.148278e-05	
    1.015106	   -0.443368	2.088791e-04	-3.544087e-04	
    1.015106	   -0.443368	1.108893e-04	-6.126426e-04	
    1.015106	   -0.443368	2.044871e-06	-8.109068e-04	
    1.015106	   -0.443368	-1.069997e-04	-9.297938e-04	
    1.015106	   -0.443368	-2.055704e-04	-9.576661e-04	


    1.071796	   -0.222854	-1.476084e-04	-8.979592e-04	
    1.071796	   -0.222854	-2.152548e-04	-8.417025e-04	
    1.071796	   -0.222854	-2.618306e-04	-7.030541e-04	
    1.071796	   -0.222854	-2.827766e-04	-4.955859e-04	
    1.071796	   -0.222854	-2.760424e-04	-2.396063e-04	
    1.071796	   -0.222854	-2.422872e-04	3.982769e-05	
    1.071796	   -0.222854	-1.848154e-04	3.153630e-04	
    1.071796	   -0.222854	-1.092524e-04	5.600284e-04	
    1.071796	   -0.222854	-2.299515e-05	7.498743e-04	
    1.071796	   -0.222854	6.551307e-05	8.663173e-04	
    1.071796	   -0.222854	1.476084e-04	8.979592e-04	
    1.071796	   -0.222854	2.152548e-04	8.417025e-04	
    1.071796	   -0.222854	2.618306e-04	7.030541e-04	
    1.071796	   -0.222854	2.827766e-04	4.955859e-04	
    1.071796	   -0.222854	2.760424e-04	2.396063e-04	
    1.071796	   -0.222854	2.422872e-04	-3.982769e-05	
    1.071796	   -0.222854	1.848154e-04	-3.153630e-04	
    1.071796	   -0.222854	1.092524e-04	-5.600284e-04	
    1.071796	   -0.222854	2.299515e-05	-7.498743e-04	
    1.071796	   -0.222854	-6.551307e-05	-8.663173e-04	
    1.071796	   -0.222854	-1.476084e-04	-8.979592e-04	


    1.071796	   -0.222854	-1.476084e-04	-8.979592e-04	
    1.071796	   -0.222854	-2.152548e-04	-8.417025e-04	
    1.071796	   -0.222854	-2.618306e-04	-7.030541e-04	
    1.071796	   -0.222854	-2.827766e-04	-4.955859e-04	
    1.071796	   -0.222854	-2.760424e-04	-2.396063e-04	
    1.071796	   -0.222854	-2.422872e-04	3.982769e-05	
    1.071796	   -0.222854	-1.848154e-04	3.153630e-04	
    1.071796	   -0.222854	-1.092524e-04	5.600284e-04	
    1.071796	   -0.222854	-2.299515e-05	7.498743e-04	
    1.071796	   -0.222854	6.551307e-05	8.663173e-04	
    1.071796	   -0.222854	1.476084e-04	8.979592e-04	
    1.071796	   -0.222854	2.152548e-04	8.417025e-04	
    1.071796	   -0.222854	2.618306e-04	7.030541e-04	
    1.071796	   -0.222854	2.827766e-04	4.955859e-04	
    1.071796	   -0.222854	2.760424e-04	2.396063e-04	
    1.071796	   -0.222854	2.422872e-04	-3.982769e-05	
    1.071796	   -0.222854	1.848154e-04	-3.153630e-04	
    1.071796	   -0.222854	1.092524e-04	-5.600284e-04	
    1.071796	   -0.222854	2.299515e-05	-7.498743e-04	
    1.071796	   -0.222854	-6.551307e-05	-8.663173e-04	
    1.071796	   -0.222854	-1.476084e-04	-8.979592e-04	


    1.078398	    0.007204	-7.537026e-05	-8.062987e-04	
    1.078398	    0.007204	-1.399284e-04	-7.604561e-04	
    1.078398	    0.007204	-1.907894e-04	-6.401748e-04	
    1.078398	    0.007204	-2.229745e-04	-4.572287e-04	
    1.078398	    0.007204	-2.333334e-04	-2.295259e-04	
    1.078398	    0.007204	-2.208520e-04	2.064455e-05	
    1.078398	    0.007204	-1.867520e-04	2.687941e-04	
    1.078398	    0.007204	-1.343715e-04	4.906323e-04	
    1.078398	    0.007204	-6.883772e-05	6.644439e-04	
    1.078398	    0.007204	3.434360e-06	7.732152e-04	
    1.078398	    0.007204	7.537026e-05	8.062987e-04	
    1.078398	    0.007204	1.399284e-04	7.604561e-04	
    1.078398	    0.007204	1.907894e-04	6.401748e-04	
    1.078398	    0.007204	2.229745e-04	4.572287e-04	
    1.078398	    0.007204	2.333334e-04	2.295259e-04	
    1.078398	    0.007204	2.208520e-04	-2.064455e-05	
    1.078398	    0.007204	1.867520e-04	-2.687941e-04	
    1.078398	    0.007204	1.343715e-04	-4.906323e-04	
    1.078398	    0.007204	6.883772e-05	-6.644439e-04	
    1.078398	    0.007204	-3.434360e-06	-7.732152e-04	
    1.078398	    0.007204	-7.537026e-05	-8.062987e-04	


    1.078398	    0.007204	-7.537026e-05	-8.062987e-04	
    1.078398	    0.007204	-1.399284e-04	-7.604561e-04	
    1.078398	    0.007204	-1.907894e-04	-6.401748e-04	
    1.078398	    0.007204	-2.229745e-04	-4.572287e-04	
    1.078398	    0.007204	-2.333334e-04	-2.295259e-04	
    1.078398	    0.007204	-2.208520e-04	2.064455e-05	
    1.078398	    0.007204	-1.867520e-04	2.687941e-04	
    1.078398	    0.007204	-1.343715e-04	4.906323e-04	
    1.078398	    0.007204	-6.883772e-05	6.644439e-04	
    1.078398	    0.007204	3.434360e-06	7.732152e-04	
    1.078398	    0.007204	7.537026e-05	8.062987e-04	
    1.078398	    0.007204	1.399284e-04	7.604561e-04	
    1.078398	    0.007204	1.907894e-04	6.401748e-04	
    1.078398	    0.007204	2.229745e-04	4.572287e-04	
    1.078398	    0.007204	2.333334e-04	2.295259e-04	
    1.078398	    0.007204	2.208520e-04	-2.064455e-05	
    1.078398	    0.007204	1.867520e-04	-2.687941e-04	
    1.078398	    0.007204	1.343715e-04	-4.906323e-04	
    1.078398	    0.007204	6.883772e-05	-6.644439e-04	
    1.078398	    0.007204	-3.434360e-06	-7.732152e-04	
    1.078398	    0.007204	-7.537026e-05	-8.062987e-04	


    1.032482	    0.236088	-8.210185e-07	-6.980197e-04	
    1.032482	    0.236088	-6.509036e-05	-6.637805e-04	
    1.032482	    0.236088	-1.229882e-04	-5.645659e-04	
    1.032482	    0.236088	-1.688471e-04	-4.100876e-04	
    1.032482	    0.236088	-1.981781e-04	-2.154671e-04	
    1.032482	    0.236088	-2.081100e-04	2.447813e-07	
    1.032482	    0.236088	-1.976707e-04	2.159327e-04	
    1.032482	    0.236088	-1.678819e-04	4.104837e-04	
    1.032482	    0.236088	-1.216598e-04	5.648537e-04	
    1.032482	    0.236088	-6.352869e-05	6.639318e-04	
    1.032482	    0.236088	8.210185e-07	6.980197e-04	
    1.032482	    0.236088	6.509036e-05	6.637805e-04	
    1.032482	    0.236088	1.229882e-04	5.645659e-04	
    1.032482	    0.236088	1.688471e-04	4.100876e-04	
    1.032482	    0.236088	1.981781e-04	2.154671e-04	
    1.032482	    0.236088	2.081100e-04	-2.447813e-07	
    1.032482	    0.236088	1.976707e-04	-2.159327e-04	
    1.032482	    0.236088	1.678819e-04	-4.104837e-04	
    1.032482	    0.236088	1.216598e-04	-5.648537e-04	
    1.032482	    0.236088	6.352869e-05	-6.639318e-04	
    1.032482	    0.236088	-8.210185e-07	-6.980197e-04	


    1.032482	    0.236088	-8.210185e-07	-6.980197e-04	
    1.032482	    0.236088	-6.509036e-05	-6.637805e-04	
    1.032482	    0.236088	-1.229882e-04	-5.645659e-04	
    1.032482	    0.236088	-1.688471e-04	-4.100876e-04	
    1.032482	    0.236088	-1.981781e-04	-2.154671e-04	
    1.032482	    0.236088	-2.081100e-04	2.447813e-07	
    1.032482	    0.236088	-1.976707e-04	2.159327e-04	
    1.032482	    0.236088	-1.678819e-04	4.104837e-04	
    1.032482	    0.236088	-1.216598e-04	5.648537e-04	
    1.032482	    0.236088	-6.352869e-05	6.639318e-04	
    1.032482	    0.236088	8.210185e-07	6.980197e-04	
    1.032482	    0.236088	6.509036e-05	6.637805e-04	
    1.032482	    0.236088	1.229882e-04	5.645659e-04	
    1.032482	    0.236088	1.688471e-04	4.100876e-04	
    1.032482	    0.236088	1.981781e-04	2.154671e-04	
    1.032482	    0.236088	2.081100e-04	-2.447813e-07	
    1.032482	    0.236088	1.976707e-04	-2.159327e-04	
    1.032482	    0.236088	1.678819e-04	-4.104837e-04	
    1.032482	    0.236088	1.216598e-04	-5.648537e-04	
    1.032482	    0.236088	6.352869e-05	-6.639318e-04	
    1.032482	    0.236088	-8.210185e-07	-6.980197e-04	


    0.933685	    0.451996	6.566336e-05	-5.803980e-04	
    0.933685	    0.451996	1.590091e-06	-5.588766e-04	
    0.933685	    0.451996	-6.263883e-05	-4.826485e-04	
    0.933685	    0.451996	-1.207362e-04	-3.591754e-04	
    0.933685	    0.451996	-1.670151e-04	-2.005437e-04	
    0.933685	    0.451996	-1.969454e-04	-2.228143e-05	
    0.933685	    0.451996	-2.075973e-04	1.581619e-04	
    0.933685	    0.451996	-1.979281e-04	3.231233e-04	
    0.933685	    0.451996	-1.688844e-04	4.564551e-04	
    0.933685	    0.451996	-1.233090e-04	5.451059e-04	
    0.933685	    0.451996	-6.566336e-05	5.803980e-04	
    0.933685	    0.451996	-1.590091e-06	5.588766e-04	
    0.933685	    0.451996	6.263883e-05	4.826485e-04	
    0.933685	    0.451996	1.207362e-04	3.591754e-04	
    0.933685	    0.451996	1.670151e-04	2.005437e-04	
    0.933685	    0.451996	1.969454e-04	2.228143e-05	
    0.933685	    0.451996	2.075973e-04	-1.581619e-04	
    0.933685	    0.451996	1.979281e-04	-3.231233e-04	
    0.933685	    0.451996	1.688844e-04	-4.564551e-04	
    0.933685	    0.451996	1.233090e-04	-5.451059e-04	
    0.933685	    0.451996	6.566336e-05	-5.803980e-04	


    0.933685	    0.451996	6.566336e-05	-5.803980e-04	
    0.933685	    0.451996	1.590091e-06	-5.588766e-04	
    0.933685	    0.451996	-6.263883e-05	-4.826485e-04	
    0.933685	    0.451996	-1.207362e-04	-3.591754e-04	
    0.933685	    0.451996	-1.670151e-04	-2.005437e-04	
    0.933685	    0.451996	-1.969454e-04	-2.228143e-05	
    0.933685	    0.451996	-2.075973e-04	1.581619e-04	
    0.933685	    0.451996	-1.979281e-04	3.231233e-04	
    0.933685	    0.451996	-1.688844e-04	4.564551e-04	
    0.933685	    0.451996	-1.233090e-04	5.451059e-04	
    0.933685	    0.451996	-6.566336e-05	5.803980e-04	
    0.933685	    0.451996	-1.590091e-06	5.588766e-04	
    0.933685	    0.451996	6.263883e-05	4.826485e-04	
    0.933685	    0.451996	1.207362e-04	3.591754e-04	
    0.933685	    0.451996	1.670151e-04	2.005437e-04	
    0.933685	    0.451996	1.969454e-04	2.228143e-05	
    0.933685	    0.451996	2.075973e-04	-1.581619e-04	
    0.933685	    0.451996	1.979281e-04	-3.231233e-04	
    0.933685	    0.451996	1.688844e-04	-4.564551e-04	
    0.933685	    0.451996	1.233090e-04	-5.451059e-04	
    0.933685	    0.451996	6.566336e-05	-5.803980e-04	


    0.783951	    0.642844	1.073879e-04	-4.627350e-04	
    0.783951	    0.642844	4.344755e-05	-4.537062e-04	
    0.783951	    0.642844	-2.474577e-05	-4.002654e-04	
    0.783951	    0.642844	-9.051680e-05	-3.076439e-04	
    0.783951	    0.642844	-1.474274e-04	-1.849080e-04	
    0.783951	    0.642844	-1.899068e-04	-4.407208e-05	
    0.783951	    0.642844	-2.137968e-04	1.010779e-04	
    0.783951	    0.642844	-2.167589e-04	2.363337e-04	
    0.783951	    0.642844	-1.985031e-04	3.484556e-04	
    0.783951	    0.642844	-1.608164e-04	4.264681e-04	
    0.783951	    0.642844	-1.073879e-04	4.627350e-04	
    0.783951	    0.642844	-4.344755e-05	4.537062e-04	
    0.783951	    0.642844	2.474577e-05	4.002654e-04	
    0.783951	    0.642844	9.051680e-05	3.076439e-04	
    0.783951	    0.642844	1.474274e-04	1.849080e-04	
    0.783951	    0.642844	1.899068e-04	4.407208e-05	
    0.783951	    0.642844	2.137968e-04	-1.010779e-04	
    0.783951	    0.642844	2.167589e-04	-2.363337e-04	
    0.783951	    0.642844	1.985031e-04	-3.484556e-04	
    0.783951	    0.642844	1.608164e-04	-4.264681e-04	
    0.783951	    0.642844	1.073879e-04	-4.627350e-04	


    0.783951	    0.642844	1.073879e-04	-4.627350e-04	
    0.783951	    0.642844	4.344755e-05	-4.537062e-04	
    0.783951	    0.642844	-2.474577e-05	-4.002654e-04	
    0.783951	    0.642844	-9.051680e-05	-3.076439e-04	
    0.783951	    0.642844	-1.474274e-04	-1.849080e-04	
    0.783951	    0.642844	-1.899068e-04	-4.407208e-05	
    0.783951	    0.642844	-2.137968e-04	1.010779e-04	
    0.783951	    0.642844	-2.167589e-04	2.363337e-04	
    0.783951	    0.642844	-1.985031e-04	3.484556e-04	
    0.783951	    0.642844	-1.608164e-04	4.264681e-04	
    0.783951	    0.642844	-1.073879e-04	4.627350e-04	
    0.783951	    0.642844	-4.344755e-05	4.537062e-04	
    0.783951	    0.642844	2.474577e-05	4.002654e-04	
    0.783951	    0.642844	9.051680e-05	3.076439e-04	
    0.783951	    0.642844	1.474274e-04	1.849080e-04	
    0.783951	    0.642844	1.899068e-04	4.407208e-05	
    0.783951	    0.642844	2.137968e-04	-1.010779e-04	
    0.783951	    0.642844	2.167589e-04	-2.363337e-04	
    0.783951	    0.642844	1.985031e-04	-3.484556e-04	
    0.783951	    0.642844	1.608164e-04	-4.264681e-04	
    0.783951	    0.642844	1.073879e-04	-4.627350e-04	


    0.588464	    0.795791	1.312571e-04	-3.518872e-04	
    0.588464	    0.795791	6.820614e-05	-3.557869e-04	
    0.588464	    0.795791	-1.521295e-06	-3.248597e-04	
    0.588464	    0.795791	-7.109981e-05	-2.621330e-04	
    0.588464	    0.795791	-1.337186e-04	-1.737468e-04	
    0.588464	    0.795791	-1.832480e-04	-6.835316e-05	
    0.588464	    0.795791	-2.148399e-04	4.373141e-05	
    0.588464	    0.795791	-2.254018e-04	1.515352e-04	
    0.588464	    0.795791	-2.138997e-04	2.445057e-04	
    0.588464	    0.795791	-1.814597e-04	3.135423e-04	
    0.588464	    0.795791	-1.312571e-04	3.518872e-04	
    0.588464	    0.795791	-6.820614e-05	3.557869e-04	
    0.588464	    0.795791	1.521295e-06	3.248597e-04	
    0.588464	    0.795791	7.109981e-05	2.621330e-04	
    0.588464	    0.795791	1.337186e-04	1.737468e-04	
    0.588464	    0.795791	1.832480e-04	6.835316e-05	
    0.588464	    0.795791	2.148399e-04	-4.373141e-05	
    0.588464	    0.795791	2.254018e-04	-1.515352e-04	
    0.588464	    0.795791	2.138997e-04	-2.445057e-04	
    0.588464	    0.795791	1.814597e-04	-3.135423e-04	
    0.588464	    0.795791	1.312571e-04	-3.518872e-04	


    0.588464	    0.795791	1.312571e-04	-3.518872e-04	
    0.588464	    0.795791	6.820614e-05	-3.557869e-04	
    0.588464	    0.795791	-1.521295e-06	-3.248597e-04	
    0.588464	    0.795791	-7.109981e-05	-2.621330e-04	
    0.588464	    0.795791	-1.337186e-04	-1.737468e-04	
    0.588464	    0.795791	-1.832480e-04	-6.835316e-05	
    0.588464	    0.795791	-2.148399e-04	4.373141e-05	
    0.588464	    0.795791	-2.254018e-04	1.515352e-04	
    0.588464	    0.795791	-2.138997e-04	2.445057e-04	
    0.588464	    0.795791	-1.814597e-04	3.135423e-04	
    0.588464	    0.795791	-1.312571e-04	3.518872e-04	
    0.588464	    0.795791	-6.820614e-05	3.557869e-04	
    0.588464	    0.795791	1.521295e-06	3.248597e-04	
    0.588464	    0.795791	7.109981e-05	2.621330e-04	
    0.588464	    0.795791	1.337186e-04	1.737468e-04	
    0.588464	    0.795791	1.832480e-04	6.835316e-05	
    0.588464	    0.795791	2.148399e-04	-4.373141e-05	
    0.588464	    0.795791	2.254018e-04	-1.515352e-04	
    0.588464	    0.795791	2.138997e-04	-2.445057e-04	
    0.588464	    0.795791	1.814597e-04	-3.135423e-04	
    0.588464	    0.795791	1.312571e-04	-3.518872e-04	


    0.356138	    0.898494	1.328613e-04	-2.566338e-04	
    0.356138	    0.898494	6.980853e-05	-2.733497e-04	
    0.356138	    0.898494	-7.761336e-08	-2.633082e-04	
    0.356138	    0.898494	-6.995616e-05	-2.274923e-04	
    0.356138	    0.898494	-1.329869e-04	-1.694078e-04	
    0.356138	    0.898494	-1.830000e-04	-9.474053e-05	
    0.356138	    0.898494	-2.150997e-04	-1.079940e-05	
    0.356138	    0.898494	-2.261440e-04	7.419886e-05	
    0.356138	    0.898494	-2.150518e-04	1.519340e-04	
    0.356138	    0.898494	-1.829087e-04	2.147968e-04	
    0.356138	    0.898494	-1.328613e-04	2.566338e-04	
    0.356138	    0.898494	-6.980853e-05	2.733497e-04	
    0.356138	    0.898494	7.761336e-08	2.633082e-04	
    0.356138	    0.898494	6.995616e-05	2.274923e-04	
    0.356138	    0.898494	1.329869e-04	1.694078e-04	
    0.356138	    0.898494	1.830000e-04	9.474053e-05	
    0.356138	    0.898494	2.150997e-04	1.079940e-05	
    0.356138	    0.898494	2.261440e-04	-7.419886e-05	
    0.356138	    0.898494	2.150518e-04	-1.519340e-04	
    0.356138	    0.898494	1.829087e-04	-2.147968e-04	
    0.356138	    0.898494	1.328613e-04	-2.566338e-04	


    0.356138	    0.898494	1.328613e-04	-2.566338e-04	
    0.356138	    0.898494	6.980853e-05	-2.733497e-04	
    0.356138	    0.898494	-7.761336e-08	-2.633082e-04	
    0.356138	    0.898494	-6.995616e-05	-2.274923e-04	
    0.356138	    0.898494	-1.329869e-04	-1.694078e-04	
    0.356138	    0.898494	-1.830000e-04	-9.474053e-05	
    0.356138	    0.898494	-2.150997e-04	-1.079940e-05	
    0.356138	    0.898494	-2.261440e-04	7.419886e-05	
    0.356138	    0.898494	-2.150518e-04	1.519340e-04	
    0.356138	    0.898494	-1.829087e-04	2.147968e-04	
    0.356138	    0.898494	-1.328613e-04	2.566338e-04	
    0.356138	    0.898494	-6.980853e-05	2.733497e-04	
    0.356138	    0.898494	7.761336e-08	2.633082e-04	
    0.356138	    0.898494	6.995616e-05	2.274923e-04	
    0.356138	    0.898494	1.329869e-04	1.694078e-04	
    0.356138	    0.898494	1.830000e-04	9.474053e-05	
    0.356138	    0.898494	2.150997e-04	1.079940e-05	
    0.356138	    0.898494	2.261440e-04	-7.419886e-05	
    0.356138	    0.898494	2.150518e-04	-1.519340e-04	
    0.356138	    0.898494	1.829087e-04	-2.147968e-04	
    0.356138	    0.898494	1.328613e-04	-2.566338e-04	


    0.099977	    0.940423	-7.214549e-05	-2.119399e-04	
    0.099977	    0.940423	-1.339914e-04	-1.793121e-04	
    0.099977	    0.940423	-1.827213e-04	-1.291320e-04	
    0.099977	    0.940423	-2.135652e-04	-6.631162e-05	
    0.099977	    0.940423	-2.235038e-04	2.999845e-06	
    0.099977	    0.940423	-2.115643e-04	7.201766e-05	
    0.099977	    0.940423	-1.789155e-04	1.339859e-04	
    0.099977	    0.940423	-1.287531e-04	1.828386e-04	
    0.099977	    0.940423	-6.598747e-05	2.137939e-04	
    0.099977	    0.940423	3.237463e-06	2.238215e-04	
    0.099977	    0.940423	7.214549e-05	2.119399e-04	
    0.099977	    0.940423	1.339914e-04	1.793121e-04	
    0.099977	    0.940423	1.827213e-04	1.291320e-04	
    0.099977	    0.940423	2.135652e-04	6.631162e-05	
    0.099977	    0.940423	2.235038e-04	-2.999845e-06	
    0.099977	    0.940423	2.115643e-04	-7.201766e-05	
    0.099977	    0.940423	1.789155e-04	-1.339859e-04	
    0.099977	    0.940423	1.287531e-04	-1.828386e-04	
    0.099977	    0.940423	6.598747e-05	-2.137939e-04	
    0.099977	    0.940423	-3.237463e-06	-2.238215e-04	
    0.099977	    0.940423	-7.214549e-05	-2.119399e-04	


    0.099977	    0.940423	-7.214549e-05	-2.119399e-04	
    0.099977	    0.940423	-1.339914e-04	-1.793121e-04	
    0.099977	    0.940423	-1.827213e-04	-1.291320e-04	
    0.099977	    0.940423	-2.135652e-04	-6.631162e-05	
    0.099977	    0.940423	-2.235038e-04	2.999845e-06	
    0.099977	    0.940423	-2.115643e-04	7.201766e-05	
    0.099977	    0.940423	-1.789155e-04	1.339859e-04	
    0.099977	    0.940423	-1.287531e-04	1.828386e-04	
    0.099977	    0.940423	-6.598747e-05	2.137939e-04	
    0.099977	    0.940423	3.237463e-06	2.238215e-04	
    0.099977	    0.940423	7.214549e-05	2.119399e-04	
    0.099977	    0.940423	1.339914e-04	1.793121e-04	
    0.099977	    0.940423	1.827213e-04	1.291320e-04	
    0.099977	    0.940423	2.135652e-04	6.631162e-05	
    0.099977	    0.940423	2.235038e-04	-2.999845e-06	
    0.099977	    0.940423	2.115643e-04	-7.201766e-05	
    0.099977	    0.940423	1.789155e-04	-1.339859e-04	
    0.099977	    0.940423	1.287531e-04	-1.828386e-04	
    0.099977	    0.940423	6.598747e-05	-2.137939e-04	
    0.099977	    0.940423	-3.237463e-06	-2.238215e-04	
    0.099977	    0.940423	-7.214549e-05	-2.119399e-04	


