0	  4.99644e-08 5.01050e-08 4.99385e-08 4.33541e-08 6.35966e-08 1.48914e-08
 0	  4.99644e-08 5.01050e-08 4.99385e-08 4.33541e-08 6.35966e-08 1.48914e-08

 1	  4.76250e-08 4.73438e-08 5.26709e-08 4.37879e-08 5.58982e-08 1.16171e-08
 1	  4.76250e-08 4.73438e-08 5.26709e-08 3.99224e-08 5.16049e-08 1.07718e-08

 2	  4.32208e-08 6.24149e-08 4.90012e-08 2.82467e-08 7.19147e-08 1.55045e-08
 2	  4.32208e-08 6.24149e-08 4.90012e-08 2.68104e-08 6.83989e-08 1.41588e-08

 3	  3.53127e-08 9.26145e-08 4.01803e-08 2.28557e-08 9.24823e-08 2.57505e-08
 3	  3.53127e-08 9.26145e-08 4.01803e-08 2.08700e-08 9.11255e-08 2.40803e-08

 4	  2.54880e-08 1.33731e-07 2.85546e-08 4.13615e-08 9.54374e-08 3.93706e-08
 4	  2.54880e-08 1.33731e-07 2.85546e-08 3.66822e-08 9.73756e-08 3.70804e-08

 5	  2.04157e-08 1.76703e-07 1.74956e-08 7.72653e-08 7.47857e-08 5.13604e-08
 5	  2.04157e-08 1.76703e-07 1.74956e-08 7.06478e-08 7.90080e-08 5.19118e-08

 6	  2.92798e-08 2.07430e-07 1.00226e-08 1.09309e-07 4.72555e-08 6.12808e-08
 6	  2.92798e-08 2.07430e-07 1.00226e-08 1.01436e-07 5.21830e-08 5.91513e-08

 7	  5.66940e-08 2.15900e-07 8.43413e-09 1.15033e-07 3.29461e-08 6.11855e-08
 7	  5.66940e-08 2.15900e-07 8.43413e-09 9.27200e-08 4.07193e-08 4.08336e-08

 8	  9.45455e-08 2.04961e-07 1.15130e-08 7.87639e-08 3.54392e-08 3.75908e-08
 8	  9.45455e-08 2.04961e-07 1.15130e-08 7.79665e-08 3.51810e-08 3.82351e-08

 9	  1.34619e-07 1.77844e-07 1.76989e-08 5.60208e-08 4.12542e-08 3.20034e-08
 9	  1.34619e-07 1.77844e-07 1.76989e-08 5.22947e-08 4.09295e-08 3.06612e-08

10	  1.63461e-07 1.48052e-07 2.53624e-08 4.56190e-08 4.43382e-08 2.33860e-08
10	  1.63461e-07 1.48052e-07 2.53624e-08 4.41844e-08 4.29384e-08 2.31218e-08

  2.68936e-07 4.29998e-08 2.49405e-08
  5.00176e-08 3.79198e-08 2.23072e-08

 0	      0.0000000000	      0.0000000000	      0.0000000000	
1	      0.0000099019	      0.0000206165	      0.0000671977	
2	      0.0000046471	      0.0000219926	      0.0000657673	
3	      0.0000036470	      0.0000164771	      0.0000494387	
4	      0.0014034916	      0.0000213848	      0.0014629227	
5	      0.0000061963	      0.0000180104	      0.0000562494	
6	      0.0000077521	      0.0000203250	      0.0000642379	
7	      0.0000080599	      0.0000587045	      0.0001712069	
8	      0.0000079257	      0.0000031005	      0.0000165423	
9	      0.0000084311	      0.0000109713	      0.0000389217	
10	      0.0000100374	      0.0000059480	      0.0000265676	

FLeg = 0.0020190521

F = 0.0440702013
