    0.292664	    0.956215	0.000000e+00	3.162278e-03	
    0.292664	    0.956215	9.771975e-04	3.007505e-03	
    0.292664	    0.956215	1.858740e-03	2.558336e-03	
    0.292664	    0.956215	2.558336e-03	1.858740e-03	
    0.292664	    0.956215	3.007505e-03	9.771975e-04	
    0.292664	    0.956215	3.162278e-03	1.936337e-19	
    0.292664	    0.956215	3.007505e-03	-9.771975e-04	
    0.292664	    0.956215	2.558336e-03	-1.858740e-03	
    0.292664	    0.956215	1.858740e-03	-2.558336e-03	
    0.292664	    0.956215	9.771975e-04	-3.007505e-03	
    0.292664	    0.956215	3.872673e-19	-3.162278e-03	
    0.292664	    0.956215	-9.771975e-04	-3.007505e-03	
    0.292664	    0.956215	-1.858740e-03	-2.558336e-03	
    0.292664	    0.956215	-2.558336e-03	-1.858740e-03	
    0.292664	    0.956215	-3.007505e-03	-9.771975e-04	
    0.292664	    0.956215	-3.162278e-03	-5.809010e-19	
    0.292664	    0.956215	-3.007505e-03	9.771975e-04	
    0.292664	    0.956215	-2.558336e-03	1.858740e-03	
    0.292664	    0.956215	-1.858740e-03	2.558336e-03	
    0.292664	    0.956215	-9.771975e-04	3.007505e-03	
    0.292664	    0.956215	-7.745346e-19	3.162278e-03	


    0.292664	    0.956215	0.000000e+00	3.162278e-03	
    0.292664	    0.956215	9.771975e-04	3.007505e-03	
    0.292664	    0.956215	1.858740e-03	2.558336e-03	
    0.292664	    0.956215	2.558336e-03	1.858740e-03	
    0.292664	    0.956215	3.007505e-03	9.771975e-04	
    0.292664	    0.956215	3.162278e-03	1.936337e-19	
    0.292664	    0.956215	3.007505e-03	-9.771975e-04	
    0.292664	    0.956215	2.558336e-03	-1.858740e-03	
    0.292664	    0.956215	1.858740e-03	-2.558336e-03	
    0.292664	    0.956215	9.771975e-04	-3.007505e-03	
    0.292664	    0.956215	3.872673e-19	-3.162278e-03	
    0.292664	    0.956215	-9.771975e-04	-3.007505e-03	
    0.292664	    0.956215	-1.858740e-03	-2.558336e-03	
    0.292664	    0.956215	-2.558336e-03	-1.858740e-03	
    0.292664	    0.956215	-3.007505e-03	-9.771975e-04	
    0.292664	    0.956215	-3.162278e-03	-5.809010e-19	
    0.292664	    0.956215	-3.007505e-03	9.771975e-04	
    0.292664	    0.956215	-2.558336e-03	1.858740e-03	
    0.292664	    0.956215	-1.858740e-03	2.558336e-03	
    0.292664	    0.956215	-9.771975e-04	3.007505e-03	
    0.292664	    0.956215	-7.745346e-19	3.162278e-03	


    0.040228	    0.988129	-1.859382e-03	-2.687141e-03	
    0.040228	    0.988129	-2.535358e-03	-2.024906e-03	
    0.040228	    0.988129	-2.963156e-03	-1.164459e-03	
    0.040228	    0.988129	-3.100899e-03	-1.900275e-04	
    0.040228	    0.988129	-2.935105e-03	8.030057e-04	
    0.040228	    0.988129	-2.482002e-03	1.717435e-03	
    0.040228	    0.988129	-1.785943e-03	2.463750e-03	
    0.040228	    0.988129	-9.150642e-04	2.968896e-03	
    0.040228	    0.988129	4.538767e-05	3.183425e-03	
    0.040228	    0.988129	1.001397e-03	3.086339e-03	
    0.040228	    0.988129	1.859382e-03	2.687141e-03	
    0.040228	    0.988129	2.535358e-03	2.024906e-03	
    0.040228	    0.988129	2.963156e-03	1.164459e-03	
    0.040228	    0.988129	3.100899e-03	1.900275e-04	
    0.040228	    0.988129	2.935105e-03	-8.030057e-04	
    0.040228	    0.988129	2.482002e-03	-1.717435e-03	
    0.040228	    0.988129	1.785943e-03	-2.463750e-03	
    0.040228	    0.988129	9.150642e-04	-2.968896e-03	
    0.040228	    0.988129	-4.538767e-05	-3.183425e-03	
    0.040228	    0.988129	-1.001397e-03	-3.086339e-03	
    0.040228	    0.988129	-1.859382e-03	-2.687141e-03	


    0.040228	    0.988129	-1.859382e-03	-2.687141e-03	
    0.040228	    0.988129	-2.535358e-03	-2.024906e-03	
    0.040228	    0.988129	-2.963156e-03	-1.164459e-03	
    0.040228	    0.988129	-3.100899e-03	-1.900275e-04	
    0.040228	    0.988129	-2.935105e-03	8.030057e-04	
    0.040228	    0.988129	-2.482002e-03	1.717435e-03	
    0.040228	    0.988129	-1.785943e-03	2.463750e-03	
    0.040228	    0.988129	-9.150642e-04	2.968896e-03	
    0.040228	    0.988129	4.538767e-05	3.183425e-03	
    0.040228	    0.988129	1.001397e-03	3.086339e-03	
    0.040228	    0.988129	1.859382e-03	2.687141e-03	
    0.040228	    0.988129	2.535358e-03	2.024906e-03	
    0.040228	    0.988129	2.963156e-03	1.164459e-03	
    0.040228	    0.988129	3.100899e-03	1.900275e-04	
    0.040228	    0.988129	2.935105e-03	-8.030057e-04	
    0.040228	    0.988129	2.482002e-03	-1.717435e-03	
    0.040228	    0.988129	1.785943e-03	-2.463750e-03	
    0.040228	    0.988129	9.150642e-04	-2.968896e-03	
    0.040228	    0.988129	-4.538767e-05	-3.183425e-03	
    0.040228	    0.988129	-1.001397e-03	-3.086339e-03	
    0.040228	    0.988129	-1.859382e-03	-2.687141e-03	


   -0.214553	    0.957660	-1.490383e-03	-3.328726e-03	
   -0.214553	    0.957660	-2.188083e-03	-2.820763e-03	
   -0.214553	    0.957660	-2.671597e-03	-2.036684e-03	
   -0.214553	    0.957660	-2.893598e-03	-1.053241e-03	
   -0.214553	    0.957660	-2.832353e-03	3.330140e-05	
   -0.214553	    0.957660	-2.493857e-03	1.116584e-03	
   -0.214553	    0.957660	-1.911245e-03	2.090567e-03	
   -0.214553	    0.957660	-1.141548e-03	2.859911e-03	
   -0.214553	    0.957660	-2.601073e-04	3.349307e-03	
   -0.214553	    0.957660	6.467942e-04	3.510850e-03	
   -0.214553	    0.957660	1.490383e-03	3.328726e-03	
   -0.214553	    0.957660	2.188083e-03	2.820763e-03	
   -0.214553	    0.957660	2.671597e-03	2.036684e-03	
   -0.214553	    0.957660	2.893598e-03	1.053241e-03	
   -0.214553	    0.957660	2.832353e-03	-3.330140e-05	
   -0.214553	    0.957660	2.493857e-03	-1.116584e-03	
   -0.214553	    0.957660	1.911245e-03	-2.090567e-03	
   -0.214553	    0.957660	1.141548e-03	-2.859911e-03	
   -0.214553	    0.957660	2.601073e-04	-3.349307e-03	
   -0.214553	    0.957660	-6.467942e-04	-3.510850e-03	
   -0.214553	    0.957660	-1.490383e-03	-3.328726e-03	


   -0.214553	    0.957660	-1.490383e-03	-3.328726e-03	
   -0.214553	    0.957660	-2.188083e-03	-2.820763e-03	
   -0.214553	    0.957660	-2.671597e-03	-2.036684e-03	
   -0.214553	    0.957660	-2.893598e-03	-1.053241e-03	
   -0.214553	    0.957660	-2.832353e-03	3.330140e-05	
   -0.214553	    0.957660	-2.493857e-03	1.116584e-03	
   -0.214553	    0.957660	-1.911245e-03	2.090567e-03	
   -0.214553	    0.957660	-1.141548e-03	2.859911e-03	
   -0.214553	    0.957660	-2.601073e-04	3.349307e-03	
   -0.214553	    0.957660	6.467942e-04	3.510850e-03	
   -0.214553	    0.957660	1.490383e-03	3.328726e-03	
   -0.214553	    0.957660	2.188083e-03	2.820763e-03	
   -0.214553	    0.957660	2.671597e-03	2.036684e-03	
   -0.214553	    0.957660	2.893598e-03	1.053241e-03	
   -0.214553	    0.957660	2.832353e-03	-3.330140e-05	
   -0.214553	    0.957660	2.493857e-03	-1.116584e-03	
   -0.214553	    0.957660	1.911245e-03	-2.090567e-03	
   -0.214553	    0.957660	1.141548e-03	-2.859911e-03	
   -0.214553	    0.957660	2.601073e-04	-3.349307e-03	
   -0.214553	    0.957660	-6.467942e-04	-3.510850e-03	
   -0.214553	    0.957660	-1.490383e-03	-3.328726e-03	


   -0.455371	    0.865359	-1.537442e-03	-3.942400e-03	
   -0.455371	    0.865359	-2.136043e-03	-3.486660e-03	
   -0.455371	    0.865359	-2.525554e-03	-2.689622e-03	
   -0.455371	    0.865359	-2.667845e-03	-1.629304e-03	
   -0.455371	    0.865359	-2.548990e-03	-4.094994e-04	
   -0.455371	    0.865359	-2.180621e-03	8.503902e-04	
   -0.455371	    0.865359	-1.598799e-03	2.027038e-03	
   -0.455371	    0.865359	-8.604742e-04	3.005265e-03	
   -0.455371	    0.865359	-3.792060e-05	3.689315e-03	
   -0.455371	    0.865359	7.883449e-04	4.012230e-03	
   -0.455371	    0.865359	1.537442e-03	3.942400e-03	
   -0.455371	    0.865359	2.136043e-03	3.486660e-03	
   -0.455371	    0.865359	2.525554e-03	2.689622e-03	
   -0.455371	    0.865359	2.667845e-03	1.629304e-03	
   -0.455371	    0.865359	2.548990e-03	4.094994e-04	
   -0.455371	    0.865359	2.180621e-03	-8.503902e-04	
   -0.455371	    0.865359	1.598799e-03	-2.027038e-03	
   -0.455371	    0.865359	8.604742e-04	-3.005265e-03	
   -0.455371	    0.865359	3.792060e-05	-3.689315e-03	
   -0.455371	    0.865359	-7.883449e-04	-4.012230e-03	
   -0.455371	    0.865359	-1.537442e-03	-3.942400e-03	


   -0.455371	    0.865359	-1.537442e-03	-3.942400e-03	
   -0.455371	    0.865359	-2.136043e-03	-3.486660e-03	
   -0.455371	    0.865359	-2.525554e-03	-2.689622e-03	
   -0.455371	    0.865359	-2.667845e-03	-1.629304e-03	
   -0.455371	    0.865359	-2.548990e-03	-4.094994e-04	
   -0.455371	    0.865359	-2.180621e-03	8.503902e-04	
   -0.455371	    0.865359	-1.598799e-03	2.027038e-03	
   -0.455371	    0.865359	-8.604742e-04	3.005265e-03	
   -0.455371	    0.865359	-3.792060e-05	3.689315e-03	
   -0.455371	    0.865359	7.883449e-04	4.012230e-03	
   -0.455371	    0.865359	1.537442e-03	3.942400e-03	
   -0.455371	    0.865359	2.136043e-03	3.486660e-03	
   -0.455371	    0.865359	2.525554e-03	2.689622e-03	
   -0.455371	    0.865359	2.667845e-03	1.629304e-03	
   -0.455371	    0.865359	2.548990e-03	4.094994e-04	
   -0.455371	    0.865359	2.180621e-03	-8.503902e-04	
   -0.455371	    0.865359	1.598799e-03	-2.027038e-03	
   -0.455371	    0.865359	8.604742e-04	-3.005265e-03	
   -0.455371	    0.865359	3.792060e-05	-3.689315e-03	
   -0.455371	    0.865359	-7.883449e-04	-4.012230e-03	
   -0.455371	    0.865359	-1.537442e-03	-3.942400e-03	


   -0.666439	    0.716615	-1.297611e-03	-4.768463e-03	
   -0.666439	    0.716615	-1.836479e-03	-4.371157e-03	
   -0.666439	    0.716615	-2.195579e-03	-3.545971e-03	
   -0.666439	    0.716615	-2.339761e-03	-2.373681e-03	
   -0.666439	    0.716615	-2.254911e-03	-9.690389e-04	
   -0.666439	    0.716615	-1.949334e-03	5.304597e-04	
   -0.666439	    0.716615	-1.452943e-03	1.978033e-03	
   -0.666439	    0.716615	-8.143276e-04	3.231983e-03	
   -0.666439	    0.716615	-9.600034e-05	4.169564e-03	
   -0.666439	    0.716615	6.317241e-04	4.698999e-03	
   -0.666439	    0.716615	1.297611e-03	4.768463e-03	
   -0.666439	    0.716615	1.836479e-03	4.371157e-03	
   -0.666439	    0.716615	2.195579e-03	3.545971e-03	
   -0.666439	    0.716615	2.339761e-03	2.373681e-03	
   -0.666439	    0.716615	2.254911e-03	9.690389e-04	
   -0.666439	    0.716615	1.949334e-03	-5.304597e-04	
   -0.666439	    0.716615	1.452943e-03	-1.978033e-03	
   -0.666439	    0.716615	8.143276e-04	-3.231983e-03	
   -0.666439	    0.716615	9.600034e-05	-4.169564e-03	
   -0.666439	    0.716615	-6.317241e-04	-4.698999e-03	
   -0.666439	    0.716615	-1.297611e-03	-4.768463e-03	


   -0.666439	    0.716615	-1.297611e-03	-4.768463e-03	
   -0.666439	    0.716615	-1.836479e-03	-4.371157e-03	
   -0.666439	    0.716615	-2.195579e-03	-3.545971e-03	
   -0.666439	    0.716615	-2.339761e-03	-2.373681e-03	
   -0.666439	    0.716615	-2.254911e-03	-9.690389e-04	
   -0.666439	    0.716615	-1.949334e-03	5.304597e-04	
   -0.666439	    0.716615	-1.452943e-03	1.978033e-03	
   -0.666439	    0.716615	-8.143276e-04	3.231983e-03	
   -0.666439	    0.716615	-9.600034e-05	4.169564e-03	
   -0.666439	    0.716615	6.317241e-04	4.698999e-03	
   -0.666439	    0.716615	1.297611e-03	4.768463e-03	
   -0.666439	    0.716615	1.836479e-03	4.371157e-03	
   -0.666439	    0.716615	2.195579e-03	3.545971e-03	
   -0.666439	    0.716615	2.339761e-03	2.373681e-03	
   -0.666439	    0.716615	2.254911e-03	9.690389e-04	
   -0.666439	    0.716615	1.949334e-03	-5.304597e-04	
   -0.666439	    0.716615	1.452943e-03	-1.978033e-03	
   -0.666439	    0.716615	8.143276e-04	-3.231983e-03	
   -0.666439	    0.716615	9.600034e-05	-4.169564e-03	
   -0.666439	    0.716615	-6.317241e-04	-4.698999e-03	
   -0.666439	    0.716615	-1.297611e-03	-4.768463e-03	


   -0.834166	    0.521223	-8.400396e-04	-5.544917e-03	
   -0.834166	    0.521223	-1.334738e-03	-5.192355e-03	
   -0.834166	    0.521223	-1.698782e-03	-4.331530e-03	
   -0.834166	    0.521223	-1.896538e-03	-3.046704e-03	
   -0.834166	    0.521223	-1.908648e-03	-1.463645e-03	
   -0.834166	    0.521223	-1.733926e-03	2.626850e-04	
   -0.834166	    0.521223	-1.389475e-03	1.963302e-03	
   -0.834166	    0.521223	-9.090126e-04	3.471737e-03	
   -0.834166	    0.521223	-3.395697e-04	4.640334e-03	
   -0.834166	    0.521223	2.631126e-04	5.354704e-03	
   -0.834166	    0.521223	8.400396e-04	5.544917e-03	
   -0.834166	    0.521223	1.334738e-03	5.192355e-03	
   -0.834166	    0.521223	1.698782e-03	4.331530e-03	
   -0.834166	    0.521223	1.896538e-03	3.046704e-03	
   -0.834166	    0.521223	1.908648e-03	1.463645e-03	
   -0.834166	    0.521223	1.733926e-03	-2.626850e-04	
   -0.834166	    0.521223	1.389475e-03	-1.963302e-03	
   -0.834166	    0.521223	9.090126e-04	-3.471737e-03	
   -0.834166	    0.521223	3.395697e-04	-4.640334e-03	
   -0.834166	    0.521223	-2.631126e-04	-5.354704e-03	
   -0.834166	    0.521223	-8.400396e-04	-5.544917e-03	


   -0.834166	    0.521223	-8.400396e-04	-5.544917e-03	
   -0.834166	    0.521223	-1.334738e-03	-5.192355e-03	
   -0.834166	    0.521223	-1.698782e-03	-4.331530e-03	
   -0.834166	    0.521223	-1.896538e-03	-3.046704e-03	
   -0.834166	    0.521223	-1.908648e-03	-1.463645e-03	
   -0.834166	    0.521223	-1.733926e-03	2.626850e-04	
   -0.834166	    0.521223	-1.389475e-03	1.963302e-03	
   -0.834166	    0.521223	-9.090126e-04	3.471737e-03	
   -0.834166	    0.521223	-3.395697e-04	4.640334e-03	
   -0.834166	    0.521223	2.631126e-04	5.354704e-03	
   -0.834166	    0.521223	8.400396e-04	5.544917e-03	
   -0.834166	    0.521223	1.334738e-03	5.192355e-03	
   -0.834166	    0.521223	1.698782e-03	4.331530e-03	
   -0.834166	    0.521223	1.896538e-03	3.046704e-03	
   -0.834166	    0.521223	1.908648e-03	1.463645e-03	
   -0.834166	    0.521223	1.733926e-03	-2.626850e-04	
   -0.834166	    0.521223	1.389475e-03	-1.963302e-03	
   -0.834166	    0.521223	9.090126e-04	-3.471737e-03	
   -0.834166	    0.521223	3.395697e-04	-4.640334e-03	
   -0.834166	    0.521223	-2.631126e-04	-5.354704e-03	
   -0.834166	    0.521223	-8.400396e-04	-5.544917e-03	


   -0.948514	    0.292320	-3.185590e-04	-6.102687e-03	
   -0.948514	    0.292320	-7.808392e-04	-5.779055e-03	
   -0.948514	    0.292320	-1.166685e-03	-4.889730e-03	
   -0.948514	    0.292320	-1.438328e-03	-3.521763e-03	
   -0.948514	    0.292320	-1.569178e-03	-1.809062e-03	
   -0.948514	    0.292320	-1.546425e-03	8.072307e-05	
   -0.948514	    0.292320	-1.372297e-03	1.962606e-03	
   -0.948514	    0.292320	-1.063840e-03	3.652376e-03	
   -0.948514	    0.292320	-6.512460e-04	4.984625e-03	
   -0.948514	    0.292320	-1.749039e-04	5.828945e-03	
   -0.948514	    0.292320	3.185590e-04	6.102687e-03	
   -0.948514	    0.292320	7.808392e-04	5.779055e-03	
   -0.948514	    0.292320	1.166685e-03	4.889730e-03	
   -0.948514	    0.292320	1.438328e-03	3.521763e-03	
   -0.948514	    0.292320	1.569178e-03	1.809062e-03	
   -0.948514	    0.292320	1.546425e-03	-8.072307e-05	
   -0.948514	    0.292320	1.372297e-03	-1.962606e-03	
   -0.948514	    0.292320	1.063840e-03	-3.652376e-03	
   -0.948514	    0.292320	6.512460e-04	-4.984625e-03	
   -0.948514	    0.292320	1.749039e-04	-5.828945e-03	
   -0.948514	    0.292320	-3.185590e-04	-6.102687e-03	


   -0.948514	    0.292320	-3.185590e-04	-6.102687e-03	
   -0.948514	    0.292320	-7.808392e-04	-5.779055e-03	
   -0.948514	    0.292320	-1.166685e-03	-4.889730e-03	
   -0.948514	    0.292320	-1.438328e-03	-3.521763e-03	
   -0.948514	    0.292320	-1.569178e-03	-1.809062e-03	
   -0.948514	    0.292320	-1.546425e-03	8.072307e-05	
   -0.948514	    0.292320	-1.372297e-03	1.962606e-03	
   -0.948514	    0.292320	-1.063840e-03	3.652376e-03	
   -0.948514	    0.292320	-6.512460e-04	4.984625e-03	
   -0.948514	    0.292320	-1.749039e-04	5.828945e-03	
   -0.948514	    0.292320	3.185590e-04	6.102687e-03	
   -0.948514	    0.292320	7.808392e-04	5.779055e-03	
   -0.948514	    0.292320	1.166685e-03	4.889730e-03	
   -0.948514	    0.292320	1.438328e-03	3.521763e-03	
   -0.948514	    0.292320	1.569178e-03	1.809062e-03	
   -0.948514	    0.292320	1.546425e-03	-8.072307e-05	
   -0.948514	    0.292320	1.372297e-03	-1.962606e-03	
   -0.948514	    0.292320	1.063840e-03	-3.652376e-03	
   -0.948514	    0.292320	6.512460e-04	-4.984625e-03	
   -0.948514	    0.292320	1.749039e-04	-5.828945e-03	
   -0.948514	    0.292320	-3.185590e-04	-6.102687e-03	


   -1.003780	    0.045020	2.842366e-04	-6.187857e-03	
   -1.003780	    0.045020	-1.444987e-04	-5.904057e-03	
   -1.003780	    0.045020	-5.590894e-04	-5.042326e-03	
   -1.003780	    0.045020	-9.189525e-04	-3.687017e-03	
   -1.003780	    0.045020	-1.188862e-03	-1.970798e-03	
   -1.003780	    0.045020	-1.342398e-03	-6.166246e-05	
   -1.003780	    0.045020	-1.364530e-03	1.853509e-03	
   -1.003780	    0.045020	-1.253093e-03	3.587245e-03	
   -1.003780	    0.045020	-1.018994e-03	4.969838e-03	
   -1.003780	    0.045020	-6.851487e-04	5.865947e-03	
   -1.003780	    0.045020	-2.842366e-04	6.187857e-03	
   -1.003780	    0.045020	1.444987e-04	5.904057e-03	
   -1.003780	    0.045020	5.590894e-04	5.042326e-03	
   -1.003780	    0.045020	9.189525e-04	3.687017e-03	
   -1.003780	    0.045020	1.188862e-03	1.970798e-03	
   -1.003780	    0.045020	1.342398e-03	6.166246e-05	
   -1.003780	    0.045020	1.364530e-03	-1.853509e-03	
   -1.003780	    0.045020	1.253093e-03	-3.587245e-03	
   -1.003780	    0.045020	1.018994e-03	-4.969838e-03	
   -1.003780	    0.045020	6.851487e-04	-5.865947e-03	
   -1.003780	    0.045020	2.842366e-04	-6.187857e-03	


   -1.003780	    0.045020	2.842366e-04	-6.187857e-03	
   -1.003780	    0.045020	-1.444987e-04	-5.904057e-03	
   -1.003780	    0.045020	-5.590894e-04	-5.042326e-03	
   -1.003780	    0.045020	-9.189525e-04	-3.687017e-03	
   -1.003780	    0.045020	-1.188862e-03	-1.970798e-03	
   -1.003780	    0.045020	-1.342398e-03	-6.166246e-05	
   -1.003780	    0.045020	-1.364530e-03	1.853509e-03	
   -1.003780	    0.045020	-1.253093e-03	3.587245e-03	
   -1.003780	    0.045020	-1.018994e-03	4.969838e-03	
   -1.003780	    0.045020	-6.851487e-04	5.865947e-03	
   -1.003780	    0.045020	-2.842366e-04	6.187857e-03	
   -1.003780	    0.045020	1.444987e-04	5.904057e-03	
   -1.003780	    0.045020	5.590894e-04	5.042326e-03	
   -1.003780	    0.045020	9.189525e-04	3.687017e-03	
   -1.003780	    0.045020	1.188862e-03	1.970798e-03	
   -1.003780	    0.045020	1.342398e-03	6.166246e-05	
   -1.003780	    0.045020	1.364530e-03	-1.853509e-03	
   -1.003780	    0.045020	1.253093e-03	-3.587245e-03	
   -1.003780	    0.045020	1.018994e-03	-4.969838e-03	
   -1.003780	    0.045020	6.851487e-04	-5.865947e-03	
   -1.003780	    0.045020	2.842366e-04	-6.187857e-03	


   -0.998712	   -0.205176	8.753769e-04	-5.862321e-03	
   -0.998712	   -0.205176	4.644748e-04	-5.630358e-03	
   -0.998712	   -0.205176	8.106563e-06	-4.847256e-03	
   -0.998712	   -0.205176	-4.490552e-04	-3.589671e-03	
   -0.998712	   -0.205176	-8.622602e-04	-1.980704e-03	
   -0.998712	   -0.205176	-1.191061e-03	-1.778523e-04	
   -0.998712	   -0.205176	-1.403273e-03	1.642409e-03	
   -0.998712	   -0.205176	-1.478122e-03	3.301900e-03	
   -0.998712	   -0.205176	-1.408283e-03	4.638178e-03	
   -0.998712	   -0.205176	-1.200591e-03	5.520439e-03	
   -0.998712	   -0.205176	-8.753769e-04	5.862321e-03	
   -0.998712	   -0.205176	-4.644748e-04	5.630358e-03	
   -0.998712	   -0.205176	-8.106563e-06	4.847256e-03	
   -0.998712	   -0.205176	4.490552e-04	3.589671e-03	
   -0.998712	   -0.205176	8.622602e-04	1.980704e-03	
   -0.998712	   -0.205176	1.191061e-03	1.778523e-04	
   -0.998712	   -0.205176	1.403273e-03	-1.642409e-03	
   -0.998712	   -0.205176	1.478122e-03	-3.301900e-03	
   -0.998712	   -0.205176	1.408283e-03	-4.638178e-03	
   -0.998712	   -0.205176	1.200591e-03	-5.520439e-03	
   -0.998712	   -0.205176	8.753769e-04	-5.862321e-03	


   -0.998712	   -0.205176	8.753769e-04	-5.862321e-03	
   -0.998712	   -0.205176	4.644748e-04	-5.630358e-03	
   -0.998712	   -0.205176	8.106563e-06	-4.847256e-03	
   -0.998712	   -0.205176	-4.490552e-04	-3.589671e-03	
   -0.998712	   -0.205176	-8.622602e-04	-1.980704e-03	
   -0.998712	   -0.205176	-1.191061e-03	-1.778523e-04	
   -0.998712	   -0.205176	-1.403273e-03	1.642409e-03	
   -0.998712	   -0.205176	-1.478122e-03	3.301900e-03	
   -0.998712	   -0.205176	-1.408283e-03	4.638178e-03	
   -0.998712	   -0.205176	-1.200591e-03	5.520439e-03	
   -0.998712	   -0.205176	-8.753769e-04	5.862321e-03	
   -0.998712	   -0.205176	-4.644748e-04	5.630358e-03	
   -0.998712	   -0.205176	-8.106563e-06	4.847256e-03	
   -0.998712	   -0.205176	4.490552e-04	3.589671e-03	
   -0.998712	   -0.205176	8.622602e-04	1.980704e-03	
   -0.998712	   -0.205176	1.191061e-03	1.778523e-04	
   -0.998712	   -0.205176	1.403273e-03	-1.642409e-03	
   -0.998712	   -0.205176	1.478122e-03	-3.301900e-03	
   -0.998712	   -0.205176	1.408283e-03	-4.638178e-03	
   -0.998712	   -0.205176	1.200591e-03	-5.520439e-03	
   -0.998712	   -0.205176	8.753769e-04	-5.862321e-03	


   -0.936195	   -0.443795	1.338553e-03	-5.226926e-03	
   -0.936195	   -0.443795	9.247063e-04	-5.060306e-03	
   -0.936195	   -0.443795	4.203425e-04	-4.398348e-03	
   -0.936195	   -0.443795	-1.251673e-04	-3.305849e-03	
   -0.936195	   -0.443795	-6.584249e-04	-1.889751e-03	
   -0.936195	   -0.443795	-1.127231e-03	-2.886705e-04	
   -0.936195	   -0.443795	-1.485696e-03	1.340667e-03	
   -0.936195	   -0.443795	-1.698731e-03	2.838771e-03	
   -0.936195	   -0.443795	-1.745482e-03	4.058996e-03	
   -0.936195	   -0.443795	-1.621374e-03	4.881898e-03	
   -0.936195	   -0.443795	-1.338553e-03	5.226926e-03	
   -0.936195	   -0.443795	-9.247063e-04	5.060306e-03	
   -0.936195	   -0.443795	-4.203425e-04	4.398348e-03	
   -0.936195	   -0.443795	1.251673e-04	3.305849e-03	
   -0.936195	   -0.443795	6.584249e-04	1.889751e-03	
   -0.936195	   -0.443795	1.127231e-03	2.886705e-04	
   -0.936195	   -0.443795	1.485696e-03	-1.340667e-03	
   -0.936195	   -0.443795	1.698731e-03	-2.838771e-03	
   -0.936195	   -0.443795	1.745482e-03	-4.058996e-03	
   -0.936195	   -0.443795	1.621374e-03	-4.881898e-03	
   -0.936195	   -0.443795	1.338553e-03	-5.226926e-03	


   -0.936195	   -0.443795	1.338553e-03	-5.226926e-03	
   -0.936195	   -0.443795	9.247063e-04	-5.060306e-03	
   -0.936195	   -0.443795	4.203425e-04	-4.398348e-03	
   -0.936195	   -0.443795	-1.251673e-04	-3.305849e-03	
   -0.936195	   -0.443795	-6.584249e-04	-1.889751e-03	
   -0.936195	   -0.443795	-1.127231e-03	-2.886705e-04	
   -0.936195	   -0.443795	-1.485696e-03	1.340667e-03	
   -0.936195	   -0.443795	-1.698731e-03	2.838771e-03	
   -0.936195	   -0.443795	-1.745482e-03	4.058996e-03	
   -0.936195	   -0.443795	-1.621374e-03	4.881898e-03	
   -0.936195	   -0.443795	-1.338553e-03	5.226926e-03	
   -0.936195	   -0.443795	-9.247063e-04	5.060306e-03	
   -0.936195	   -0.443795	-4.203425e-04	4.398348e-03	
   -0.936195	   -0.443795	1.251673e-04	3.305849e-03	
   -0.936195	   -0.443795	6.584249e-04	1.889751e-03	
   -0.936195	   -0.443795	1.127231e-03	2.886705e-04	
   -0.936195	   -0.443795	1.485696e-03	-1.340667e-03	
   -0.936195	   -0.443795	1.698731e-03	-2.838771e-03	
   -0.936195	   -0.443795	1.745482e-03	-4.058996e-03	
   -0.936195	   -0.443795	1.621374e-03	-4.881898e-03	
   -0.936195	   -0.443795	1.338553e-03	-5.226926e-03	


   -0.822297	   -0.658211	1.658699e-03	-4.455397e-03	
   -0.822297	   -0.658211	1.255109e-03	-4.357363e-03	
   -0.822297	   -0.658211	7.286594e-04	-3.832801e-03	
   -0.822297	   -0.658211	1.308836e-04	-2.933057e-03	
   -0.822297	   -0.658211	-4.797039e-04	-1.746206e-03	
   -0.822297	   -0.658211	-1.043335e-03	-3.884230e-04	
   -0.822297	   -0.658211	-1.504837e-03	1.007381e-03	
   -0.822297	   -0.658211	-1.819035e-03	2.304576e-03	
   -0.822297	   -0.658211	-1.955173e-03	3.376182e-03	
   -0.822297	   -0.658211	-1.899925e-03	4.117305e-03	
   -0.822297	   -0.658211	-1.658699e-03	4.455397e-03	
   -0.822297	   -0.658211	-1.255109e-03	4.357363e-03	
   -0.822297	   -0.658211	-7.286594e-04	3.832801e-03	
   -0.822297	   -0.658211	-1.308836e-04	2.933057e-03	
   -0.822297	   -0.658211	4.797039e-04	1.746206e-03	
   -0.822297	   -0.658211	1.043335e-03	3.884230e-04	
   -0.822297	   -0.658211	1.504837e-03	-1.007381e-03	
   -0.822297	   -0.658211	1.819035e-03	-2.304576e-03	
   -0.822297	   -0.658211	1.955173e-03	-3.376182e-03	
   -0.822297	   -0.658211	1.899925e-03	-4.117305e-03	
   -0.822297	   -0.658211	1.658699e-03	-4.455397e-03	


   -0.822297	   -0.658211	1.658699e-03	-4.455397e-03	
   -0.822297	   -0.658211	1.255109e-03	-4.357363e-03	
   -0.822297	   -0.658211	7.286594e-04	-3.832801e-03	
   -0.822297	   -0.658211	1.308836e-04	-2.933057e-03	
   -0.822297	   -0.658211	-4.797039e-04	-1.746206e-03	
   -0.822297	   -0.658211	-1.043335e-03	-3.884230e-04	
   -0.822297	   -0.658211	-1.504837e-03	1.007381e-03	
   -0.822297	   -0.658211	-1.819035e-03	2.304576e-03	
   -0.822297	   -0.658211	-1.955173e-03	3.376182e-03	
   -0.822297	   -0.658211	-1.899925e-03	4.117305e-03	
   -0.822297	   -0.658211	-1.658699e-03	4.455397e-03	
   -0.822297	   -0.658211	-1.255109e-03	4.357363e-03	
   -0.822297	   -0.658211	-7.286594e-04	3.832801e-03	
   -0.822297	   -0.658211	-1.308836e-04	2.933057e-03	
   -0.822297	   -0.658211	4.797039e-04	1.746206e-03	
   -0.822297	   -0.658211	1.043335e-03	3.884230e-04	
   -0.822297	   -0.658211	1.504837e-03	-1.007381e-03	
   -0.822297	   -0.658211	1.819035e-03	-2.304576e-03	
   -0.822297	   -0.658211	1.955173e-03	-3.376182e-03	
   -0.822297	   -0.658211	1.899925e-03	-4.117305e-03	
   -0.822297	   -0.658211	1.658699e-03	-4.455397e-03	


   -0.665439	   -0.838360	1.723079e-03	-3.652073e-03	
   -0.665439	   -0.838360	1.344191e-03	-3.612301e-03	
   -0.665439	   -0.838360	8.337246e-04	-3.218932e-03	
   -0.665439	   -0.838360	2.416474e-04	-2.510471e-03	
   -0.665439	   -0.838360	-3.740839e-04	-1.556268e-03	
   -0.665439	   -0.838360	-9.531973e-04	-4.497264e-04	
   -0.665439	   -0.838360	-1.439005e-03	7.008375e-04	
   -0.665439	   -0.838360	-1.783953e-03	1.782798e-03	
   -0.665439	   -0.838360	-1.954275e-03	2.690247e-03	
   -0.665439	   -0.838360	-1.933299e-03	3.334355e-03	
   -0.665439	   -0.838360	-1.723079e-03	3.652073e-03	
   -0.665439	   -0.838360	-1.344191e-03	3.612301e-03	
   -0.665439	   -0.838360	-8.337246e-04	3.218932e-03	
   -0.665439	   -0.838360	-2.416474e-04	2.510471e-03	
   -0.665439	   -0.838360	3.740839e-04	1.556268e-03	
   -0.665439	   -0.838360	9.531973e-04	4.497264e-04	
   -0.665439	   -0.838360	1.439005e-03	-7.008375e-04	
   -0.665439	   -0.838360	1.783953e-03	-1.782798e-03	
   -0.665439	   -0.838360	1.954275e-03	-2.690247e-03	
   -0.665439	   -0.838360	1.933299e-03	-3.334355e-03	
   -0.665439	   -0.838360	1.723079e-03	-3.652073e-03	


   -0.665439	   -0.838360	1.723079e-03	-3.652073e-03	
   -0.665439	   -0.838360	1.344191e-03	-3.612301e-03	
   -0.665439	   -0.838360	8.337246e-04	-3.218932e-03	
   -0.665439	   -0.838360	2.416474e-04	-2.510471e-03	
   -0.665439	   -0.838360	-3.740839e-04	-1.556268e-03	
   -0.665439	   -0.838360	-9.531973e-04	-4.497264e-04	
   -0.665439	   -0.838360	-1.439005e-03	7.008375e-04	
   -0.665439	   -0.838360	-1.783953e-03	1.782798e-03	
   -0.665439	   -0.838360	-1.954275e-03	2.690247e-03	
   -0.665439	   -0.838360	-1.933299e-03	3.334355e-03	
   -0.665439	   -0.838360	-1.723079e-03	3.652073e-03	
   -0.665439	   -0.838360	-1.344191e-03	3.612301e-03	
   -0.665439	   -0.838360	-8.337246e-04	3.218932e-03	
   -0.665439	   -0.838360	-2.416474e-04	2.510471e-03	
   -0.665439	   -0.838360	3.740839e-04	1.556268e-03	
   -0.665439	   -0.838360	9.531973e-04	4.497264e-04	
   -0.665439	   -0.838360	1.439005e-03	-7.008375e-04	
   -0.665439	   -0.838360	1.783953e-03	-1.782798e-03	
   -0.665439	   -0.838360	1.954275e-03	-2.690247e-03	
   -0.665439	   -0.838360	1.933299e-03	-3.334355e-03	
   -0.665439	   -0.838360	1.723079e-03	-3.652073e-03	


   -0.475503	   -0.976896	1.621159e-03	-2.919150e-03	
   -0.475503	   -0.976896	1.263262e-03	-2.930972e-03	
   -0.475503	   -0.976896	7.817081e-04	-2.655889e-03	
   -0.475503	   -0.976896	2.236351e-04	-2.120829e-03	
   -0.475503	   -0.976896	-3.563288e-04	-1.378168e-03	
   -0.475503	   -0.976896	-9.014127e-04	-5.006023e-04	
   -0.475503	   -0.976896	-1.358260e-03	4.259660e-04	
   -0.475503	   -0.976896	-1.682152e-03	1.310838e-03	
   -0.475503	   -0.976896	-1.841382e-03	2.067396e-03	
   -0.475503	   -0.976896	-1.820366e-03	2.621582e-03	
   -0.475503	   -0.976896	-1.621159e-03	2.919150e-03	
   -0.475503	   -0.976896	-1.263262e-03	2.930972e-03	
   -0.475503	   -0.976896	-7.817081e-04	2.655889e-03	
   -0.475503	   -0.976896	-2.236351e-04	2.120829e-03	
   -0.475503	   -0.976896	3.563288e-04	1.378168e-03	
   -0.475503	   -0.976896	9.014127e-04	5.006023e-04	
   -0.475503	   -0.976896	1.358260e-03	-4.259660e-04	
   -0.475503	   -0.976896	1.682152e-03	-1.310838e-03	
   -0.475503	   -0.976896	1.841382e-03	-2.067396e-03	
   -0.475503	   -0.976896	1.820366e-03	-2.621582e-03	
   -0.475503	   -0.976896	1.621159e-03	-2.919150e-03	


   -0.475503	   -0.976896	1.621159e-03	-2.919150e-03	
   -0.475503	   -0.976896	1.263262e-03	-2.930972e-03	
   -0.475503	   -0.976896	7.817081e-04	-2.655889e-03	
   -0.475503	   -0.976896	2.236351e-04	-2.120829e-03	
   -0.475503	   -0.976896	-3.563288e-04	-1.378168e-03	
   -0.475503	   -0.976896	-9.014127e-04	-5.006023e-04	
   -0.475503	   -0.976896	-1.358260e-03	4.259660e-04	
   -0.475503	   -0.976896	-1.682152e-03	1.310838e-03	
   -0.475503	   -0.976896	-1.841382e-03	2.067396e-03	
   -0.475503	   -0.976896	-1.820366e-03	2.621582e-03	
   -0.475503	   -0.976896	-1.621159e-03	2.919150e-03	
   -0.475503	   -0.976896	-1.263262e-03	2.930972e-03	
   -0.475503	   -0.976896	-7.817081e-04	2.655889e-03	
   -0.475503	   -0.976896	-2.236351e-04	2.120829e-03	
   -0.475503	   -0.976896	3.563288e-04	1.378168e-03	
   -0.475503	   -0.976896	9.014127e-04	5.006023e-04	
   -0.475503	   -0.976896	1.358260e-03	-4.259660e-04	
   -0.475503	   -0.976896	1.682152e-03	-1.310838e-03	
   -0.475503	   -0.976896	1.841382e-03	-2.067396e-03	
   -0.475503	   -0.976896	1.820366e-03	-2.621582e-03	
   -0.475503	   -0.976896	1.621159e-03	-2.919150e-03	


   -0.263031	   -1.068990	1.501322e-03	-2.265609e-03	
   -0.263031	   -1.068990	1.148328e-03	-2.339944e-03	
   -0.263031	   -1.068990	6.829275e-04	-2.185229e-03	
   -0.263031	   -1.068990	1.506774e-04	-1.816609e-03	
   -0.263031	   -1.068990	-3.963221e-04	-1.270166e-03	
   -0.263031	   -1.068990	-9.045267e-04	-5.993912e-04	
   -0.263031	   -1.068990	-1.324190e-03	1.300566e-04	
   -0.263031	   -1.068990	-1.614232e-03	8.467736e-04	
   -0.263031	   -1.068990	-1.746262e-03	1.480602e-03	
   -0.263031	   -1.068990	-1.707356e-03	1.969500e-03	
   -0.263031	   -1.068990	-1.501322e-03	2.265609e-03	
   -0.263031	   -1.068990	-1.148328e-03	2.339944e-03	
   -0.263031	   -1.068990	-6.829275e-04	2.185229e-03	
   -0.263031	   -1.068990	-1.506774e-04	1.816609e-03	
   -0.263031	   -1.068990	3.963221e-04	1.270166e-03	
   -0.263031	   -1.068990	9.045267e-04	5.993912e-04	
   -0.263031	   -1.068990	1.324190e-03	-1.300566e-04	
   -0.263031	   -1.068990	1.614232e-03	-8.467736e-04	
   -0.263031	   -1.068990	1.746262e-03	-1.480602e-03	
   -0.263031	   -1.068990	1.707356e-03	-1.969500e-03	
   -0.263031	   -1.068990	1.501322e-03	-2.265609e-03	


   -0.263031	   -1.068990	1.501322e-03	-2.265609e-03	
   -0.263031	   -1.068990	1.148328e-03	-2.339944e-03	
   -0.263031	   -1.068990	6.829275e-04	-2.185229e-03	
   -0.263031	   -1.068990	1.506774e-04	-1.816609e-03	
   -0.263031	   -1.068990	-3.963221e-04	-1.270166e-03	
   -0.263031	   -1.068990	-9.045267e-04	-5.993912e-04	
   -0.263031	   -1.068990	-1.324190e-03	1.300566e-04	
   -0.263031	   -1.068990	-1.614232e-03	8.467736e-04	
   -0.263031	   -1.068990	-1.746262e-03	1.480602e-03	
   -0.263031	   -1.068990	-1.707356e-03	1.969500e-03	
   -0.263031	   -1.068990	-1.501322e-03	2.265609e-03	
   -0.263031	   -1.068990	-1.148328e-03	2.339944e-03	
   -0.263031	   -1.068990	-6.829275e-04	2.185229e-03	
   -0.263031	   -1.068990	-1.506774e-04	1.816609e-03	
   -0.263031	   -1.068990	3.963221e-04	1.270166e-03	
   -0.263031	   -1.068990	9.045267e-04	5.993912e-04	
   -0.263031	   -1.068990	1.324190e-03	-1.300566e-04	
   -0.263031	   -1.068990	1.614232e-03	-8.467736e-04	
   -0.263031	   -1.068990	1.746262e-03	-1.480602e-03	
   -0.263031	   -1.068990	1.707356e-03	-1.969500e-03	
   -0.263031	   -1.068990	1.501322e-03	-2.265609e-03	


   -0.038697	   -1.112243	1.343736e-03	-1.772121e-03	
   -0.038697	   -1.112243	1.010424e-03	-1.888257e-03	
   -0.038697	   -1.112243	5.782043e-04	-1.819557e-03	
   -0.038697	   -1.112243	8.938617e-05	-1.572747e-03	
   -0.038697	   -1.112243	-4.081817e-04	-1.171985e-03	
   -0.038697	   -1.112243	-8.657939e-04	-6.565005e-04	
   -0.038697	   -1.112243	-1.238656e-03	-7.675350e-05	
   -0.038697	   -1.112243	-1.490270e-03	5.105067e-04	
   -0.038697	   -1.112243	-1.596006e-03	1.047795e-03	
   -0.038697	   -1.112243	-1.545514e-03	1.482518e-03	
   -0.038697	   -1.112243	-1.343736e-03	1.772121e-03	
   -0.038697	   -1.112243	-1.010424e-03	1.888257e-03	
   -0.038697	   -1.112243	-5.782043e-04	1.819557e-03	
   -0.038697	   -1.112243	-8.938617e-05	1.572747e-03	
   -0.038697	   -1.112243	4.081817e-04	1.171985e-03	
   -0.038697	   -1.112243	8.657939e-04	6.565005e-04	
   -0.038697	   -1.112243	1.238656e-03	7.675350e-05	
   -0.038697	   -1.112243	1.490270e-03	-5.105067e-04	
   -0.038697	   -1.112243	1.596006e-03	-1.047795e-03	
   -0.038697	   -1.112243	1.545514e-03	-1.482518e-03	
   -0.038697	   -1.112243	1.343736e-03	-1.772121e-03	


   -0.038697	   -1.112243	1.343736e-03	-1.772121e-03	
   -0.038697	   -1.112243	1.010424e-03	-1.888257e-03	
   -0.038697	   -1.112243	5.782043e-04	-1.819557e-03	
   -0.038697	   -1.112243	8.938617e-05	-1.572747e-03	
   -0.038697	   -1.112243	-4.081817e-04	-1.171985e-03	
   -0.038697	   -1.112243	-8.657939e-04	-6.565005e-04	
   -0.038697	   -1.112243	-1.238656e-03	-7.675350e-05	
   -0.038697	   -1.112243	-1.490270e-03	5.105067e-04	
   -0.038697	   -1.112243	-1.596006e-03	1.047795e-03	
   -0.038697	   -1.112243	-1.545514e-03	1.482518e-03	
   -0.038697	   -1.112243	-1.343736e-03	1.772121e-03	
   -0.038697	   -1.112243	-1.010424e-03	1.888257e-03	
   -0.038697	   -1.112243	-5.782043e-04	1.819557e-03	
   -0.038697	   -1.112243	-8.938617e-05	1.572747e-03	
   -0.038697	   -1.112243	4.081817e-04	1.171985e-03	
   -0.038697	   -1.112243	8.657939e-04	6.565005e-04	
   -0.038697	   -1.112243	1.238656e-03	7.675350e-05	
   -0.038697	   -1.112243	1.490270e-03	-5.105067e-04	
   -0.038697	   -1.112243	1.596006e-03	-1.047795e-03	
   -0.038697	   -1.112243	1.545514e-03	-1.482518e-03	
   -0.038697	   -1.112243	1.343736e-03	-1.772121e-03	


    0.187183	   -1.106303	1.111470e-03	-1.455709e-03	
    0.187183	   -1.106303	7.789584e-04	-1.596807e-03	
    0.187183	   -1.106303	3.701966e-04	-1.581599e-03	
    0.187183	   -1.106303	-7.480271e-05	-1.411573e-03	
    0.187183	   -1.106303	-5.124798e-04	-1.103373e-03	
    0.187183	   -1.106303	-8.999917e-04	-6.871665e-04	
    0.187183	   -1.106303	-1.199406e-03	-2.036955e-04	
    0.187183	   -1.106303	-1.381414e-03	2.997146e-04	
    0.187183	   -1.106303	-1.428200e-03	7.737866e-04	
    0.187183	   -1.106303	-1.335184e-03	1.172115e-03	
    0.187183	   -1.106303	-1.111470e-03	1.455709e-03	
    0.187183	   -1.106303	-7.789584e-04	1.596807e-03	
    0.187183	   -1.106303	-3.701966e-04	1.581599e-03	
    0.187183	   -1.106303	7.480271e-05	1.411573e-03	
    0.187183	   -1.106303	5.124798e-04	1.103373e-03	
    0.187183	   -1.106303	8.999917e-04	6.871665e-04	
    0.187183	   -1.106303	1.199406e-03	2.036955e-04	
    0.187183	   -1.106303	1.381414e-03	-2.997146e-04	
    0.187183	   -1.106303	1.428200e-03	-7.737866e-04	
    0.187183	   -1.106303	1.335184e-03	-1.172115e-03	
    0.187183	   -1.106303	1.111470e-03	-1.455709e-03	


    0.187183	   -1.106303	1.111470e-03	-1.455709e-03	
    0.187183	   -1.106303	7.789584e-04	-1.596807e-03	
    0.187183	   -1.106303	3.701966e-04	-1.581599e-03	
    0.187183	   -1.106303	-7.480271e-05	-1.411573e-03	
    0.187183	   -1.106303	-5.124798e-04	-1.103373e-03	
    0.187183	   -1.106303	-8.999917e-04	-6.871665e-04	
    0.187183	   -1.106303	-1.199406e-03	-2.036955e-04	
    0.187183	   -1.106303	-1.381414e-03	2.997146e-04	
    0.187183	   -1.106303	-1.428200e-03	7.737866e-04	
    0.187183	   -1.106303	-1.335184e-03	1.172115e-03	
    0.187183	   -1.106303	-1.111470e-03	1.455709e-03	
    0.187183	   -1.106303	-7.789584e-04	1.596807e-03	
    0.187183	   -1.106303	-3.701966e-04	1.581599e-03	
    0.187183	   -1.106303	7.480271e-05	1.411573e-03	
    0.187183	   -1.106303	5.124798e-04	1.103373e-03	
    0.187183	   -1.106303	8.999917e-04	6.871665e-04	
    0.187183	   -1.106303	1.199406e-03	2.036955e-04	
    0.187183	   -1.106303	1.381414e-03	-2.997146e-04	
    0.187183	   -1.106303	1.428200e-03	-7.737866e-04	
    0.187183	   -1.106303	1.335184e-03	-1.172115e-03	
    0.187183	   -1.106303	1.111470e-03	-1.455709e-03	


    0.404744	   -1.052644	7.605444e-04	-1.369414e-03	
    0.404744	   -1.052644	4.052884e-04	-1.479019e-03	
    0.404744	   -1.052644	1.035995e-05	-1.443847e-03	
    0.404744	   -1.052644	-3.855826e-04	-1.267341e-03	
    0.404744	   -1.052644	-7.437817e-04	-9.667792e-04	
    0.404744	   -1.052644	-1.029174e-03	-5.715821e-04	
    0.404744	   -1.052644	-1.213824e-03	-1.204346e-04	
    0.404744	   -1.052644	-1.279656e-03	3.425019e-04	
    0.404744	   -1.052644	-1.220227e-03	7.719120e-04	
    0.404744	   -1.052644	-1.041353e-03	1.125762e-03	
    0.404744	   -1.052644	-7.605444e-04	1.369414e-03	
    0.404744	   -1.052644	-4.052884e-04	1.479019e-03	
    0.404744	   -1.052644	-1.035995e-05	1.443847e-03	
    0.404744	   -1.052644	3.855826e-04	1.267341e-03	
    0.404744	   -1.052644	7.437817e-04	9.667792e-04	
    0.404744	   -1.052644	1.029174e-03	5.715821e-04	
    0.404744	   -1.052644	1.213824e-03	1.204346e-04	
    0.404744	   -1.052644	1.279656e-03	-3.425019e-04	
    0.404744	   -1.052644	1.220227e-03	-7.719120e-04	
    0.404744	   -1.052644	1.041353e-03	-1.125762e-03	
    0.404744	   -1.052644	7.605444e-04	-1.369414e-03	


    0.404744	   -1.052644	7.605444e-04	-1.369414e-03	
    0.404744	   -1.052644	4.052884e-04	-1.479019e-03	
    0.404744	   -1.052644	1.035995e-05	-1.443847e-03	
    0.404744	   -1.052644	-3.855826e-04	-1.267341e-03	
    0.404744	   -1.052644	-7.437817e-04	-9.667792e-04	
    0.404744	   -1.052644	-1.029174e-03	-5.715821e-04	
    0.404744	   -1.052644	-1.213824e-03	-1.204346e-04	
    0.404744	   -1.052644	-1.279656e-03	3.425019e-04	
    0.404744	   -1.052644	-1.220227e-03	7.719120e-04	
    0.404744	   -1.052644	-1.041353e-03	1.125762e-03	
    0.404744	   -1.052644	-7.605444e-04	1.369414e-03	
    0.404744	   -1.052644	-4.052884e-04	1.479019e-03	
    0.404744	   -1.052644	-1.035995e-05	1.443847e-03	
    0.404744	   -1.052644	3.855826e-04	1.267341e-03	
    0.404744	   -1.052644	7.437817e-04	9.667792e-04	
    0.404744	   -1.052644	1.029174e-03	5.715821e-04	
    0.404744	   -1.052644	1.213824e-03	1.204346e-04	
    0.404744	   -1.052644	1.279656e-03	-3.425019e-04	
    0.404744	   -1.052644	1.220227e-03	-7.719120e-04	
    0.404744	   -1.052644	1.041353e-03	-1.125762e-03	
    0.404744	   -1.052644	7.605444e-04	-1.369414e-03	


    0.604792	   -0.954331	6.740207e-05	-1.484485e-03	
    0.604792	   -0.954331	-3.005710e-04	-1.428387e-03	
    0.604792	   -0.954331	-6.391220e-04	-1.232468e-03	
    0.604792	   -0.954331	-9.151114e-04	-9.159072e-04	
    0.604792	   -0.954331	-1.101523e-03	-5.096907e-04	
    0.604792	   -0.954331	-1.180110e-03	-5.358214e-05	
    0.604792	   -0.954331	-1.143180e-03	4.077714e-04	
    0.604792	   -0.954331	-9.943473e-04	8.292095e-04	
    0.604792	   -0.954331	-7.481809e-04	1.169479e-03	
    0.604792	   -0.954331	-4.287773e-04	1.395271e-03	
    0.604792	   -0.954331	-6.740207e-05	1.484485e-03	
    0.604792	   -0.954331	3.005710e-04	1.428387e-03	
    0.604792	   -0.954331	6.391220e-04	1.232468e-03	
    0.604792	   -0.954331	9.151114e-04	9.159072e-04	
    0.604792	   -0.954331	1.101523e-03	5.096907e-04	
    0.604792	   -0.954331	1.180110e-03	5.358214e-05	
    0.604792	   -0.954331	1.143180e-03	-4.077714e-04	
    0.604792	   -0.954331	9.943473e-04	-8.292095e-04	
    0.604792	   -0.954331	7.481809e-04	-1.169479e-03	
    0.604792	   -0.954331	4.287773e-04	-1.395271e-03	
    0.604792	   -0.954331	6.740207e-05	-1.484485e-03	


    0.604792	   -0.954331	6.740207e-05	-1.484485e-03	
    0.604792	   -0.954331	-3.005710e-04	-1.428387e-03	
    0.604792	   -0.954331	-6.391220e-04	-1.232468e-03	
    0.604792	   -0.954331	-9.151114e-04	-9.159072e-04	
    0.604792	   -0.954331	-1.101523e-03	-5.096907e-04	
    0.604792	   -0.954331	-1.180110e-03	-5.358214e-05	
    0.604792	   -0.954331	-1.143180e-03	4.077714e-04	
    0.604792	   -0.954331	-9.943473e-04	8.292095e-04	
    0.604792	   -0.954331	-7.481809e-04	1.169479e-03	
    0.604792	   -0.954331	-4.287773e-04	1.395271e-03	
    0.604792	   -0.954331	-6.740207e-05	1.484485e-03	
    0.604792	   -0.954331	3.005710e-04	1.428387e-03	
    0.604792	   -0.954331	6.391220e-04	1.232468e-03	
    0.604792	   -0.954331	9.151114e-04	9.159072e-04	
    0.604792	   -0.954331	1.101523e-03	5.096907e-04	
    0.604792	   -0.954331	1.180110e-03	5.358214e-05	
    0.604792	   -0.954331	1.143180e-03	-4.077714e-04	
    0.604792	   -0.954331	9.943473e-04	-8.292095e-04	
    0.604792	   -0.954331	7.481809e-04	-1.169479e-03	
    0.604792	   -0.954331	4.287773e-04	-1.395271e-03	
    0.604792	   -0.954331	6.740207e-05	-1.484485e-03	


    0.778972	   -0.815836	-2.089401e-04	-1.492758e-03	
    0.778972	   -0.815836	-5.337977e-04	-1.372796e-03	
    0.778972	   -0.815836	-8.064035e-04	-1.118455e-03	
    0.778972	   -0.815836	-1.000073e-03	-7.546317e-04	
    0.778972	   -0.815836	-1.095848e-03	-3.169399e-04	
    0.778972	   -0.815836	-1.084354e-03	1.517761e-04	
    0.778972	   -0.815836	-9.667160e-04	6.056353e-04	
    0.778972	   -0.815836	-7.544490e-04	1.000211e-03	
    0.778972	   -0.815836	-4.683313e-04	1.296878e-03	
    0.778972	   -0.815836	-1.363700e-04	1.466599e-03	
    0.778972	   -0.815836	2.089401e-04	1.492758e-03	
    0.778972	   -0.815836	5.337977e-04	1.372796e-03	
    0.778972	   -0.815836	8.064035e-04	1.118455e-03	
    0.778972	   -0.815836	1.000073e-03	7.546317e-04	
    0.778972	   -0.815836	1.095848e-03	3.169399e-04	
    0.778972	   -0.815836	1.084354e-03	-1.517761e-04	
    0.778972	   -0.815836	9.667160e-04	-6.056353e-04	
    0.778972	   -0.815836	7.544490e-04	-1.000211e-03	
    0.778972	   -0.815836	4.683313e-04	-1.296878e-03	
    0.778972	   -0.815836	1.363700e-04	-1.466599e-03	
    0.778972	   -0.815836	-2.089401e-04	-1.492758e-03	


    0.778972	   -0.815836	-2.089401e-04	-1.492758e-03	
    0.778972	   -0.815836	-5.337977e-04	-1.372796e-03	
    0.778972	   -0.815836	-8.064035e-04	-1.118455e-03	
    0.778972	   -0.815836	-1.000073e-03	-7.546317e-04	
    0.778972	   -0.815836	-1.095848e-03	-3.169399e-04	
    0.778972	   -0.815836	-1.084354e-03	1.517761e-04	
    0.778972	   -0.815836	-9.667160e-04	6.056353e-04	
    0.778972	   -0.815836	-7.544490e-04	1.000211e-03	
    0.778972	   -0.815836	-4.683313e-04	1.296878e-03	
    0.778972	   -0.815836	-1.363700e-04	1.466599e-03	
    0.778972	   -0.815836	2.089401e-04	1.492758e-03	
    0.778972	   -0.815836	5.337977e-04	1.372796e-03	
    0.778972	   -0.815836	8.064035e-04	1.118455e-03	
    0.778972	   -0.815836	1.000073e-03	7.546317e-04	
    0.778972	   -0.815836	1.095848e-03	3.169399e-04	
    0.778972	   -0.815836	1.084354e-03	-1.517761e-04	
    0.778972	   -0.815836	9.667160e-04	-6.056353e-04	
    0.778972	   -0.815836	7.544490e-04	-1.000211e-03	
    0.778972	   -0.815836	4.683313e-04	-1.296878e-03	
    0.778972	   -0.815836	1.363700e-04	-1.466599e-03	
    0.778972	   -0.815836	-2.089401e-04	-1.492758e-03	


    0.919737	   -0.642909	-2.375089e-04	-1.545888e-03	
    0.919737	   -0.642909	-5.453709e-04	-1.421141e-03	
    0.919737	   -0.642909	-7.998483e-04	-1.157283e-03	
    0.919737	   -0.642909	-9.760309e-04	-7.801424e-04	
    0.919737	   -0.642909	-1.056673e-03	-3.266357e-04	
    0.919737	   -0.642909	-1.033880e-03	1.588445e-04	
    0.919737	   -0.642909	-9.098842e-04	6.287757e-04	
    0.919737	   -0.642909	-6.968224e-04	1.037158e-03	
    0.919737	   -0.642909	-4.155508e-04	1.344016e-03	
    0.919737	   -0.642909	-9.360215e-05	1.519313e-03	
    0.919737	   -0.642909	2.375089e-04	1.545888e-03	
    0.919737	   -0.642909	5.453709e-04	1.421141e-03	
    0.919737	   -0.642909	7.998483e-04	1.157283e-03	
    0.919737	   -0.642909	9.760309e-04	7.801424e-04	
    0.919737	   -0.642909	1.056673e-03	3.266357e-04	
    0.919737	   -0.642909	1.033880e-03	-1.588445e-04	
    0.919737	   -0.642909	9.098842e-04	-6.287757e-04	
    0.919737	   -0.642909	6.968224e-04	-1.037158e-03	
    0.919737	   -0.642909	4.155508e-04	-1.344016e-03	
    0.919737	   -0.642909	9.360215e-05	-1.519313e-03	
    0.919737	   -0.642909	-2.375089e-04	-1.545888e-03	


    0.919737	   -0.642909	-2.375089e-04	-1.545888e-03	
    0.919737	   -0.642909	-5.453709e-04	-1.421141e-03	
    0.919737	   -0.642909	-7.998483e-04	-1.157283e-03	
    0.919737	   -0.642909	-9.760309e-04	-7.801424e-04	
    0.919737	   -0.642909	-1.056673e-03	-3.266357e-04	
    0.919737	   -0.642909	-1.033880e-03	1.588445e-04	
    0.919737	   -0.642909	-9.098842e-04	6.287757e-04	
    0.919737	   -0.642909	-6.968224e-04	1.037158e-03	
    0.919737	   -0.642909	-4.155508e-04	1.344016e-03	
    0.919737	   -0.642909	-9.360215e-05	1.519313e-03	
    0.919737	   -0.642909	2.375089e-04	1.545888e-03	
    0.919737	   -0.642909	5.453709e-04	1.421141e-03	
    0.919737	   -0.642909	7.998483e-04	1.157283e-03	
    0.919737	   -0.642909	9.760309e-04	7.801424e-04	
    0.919737	   -0.642909	1.056673e-03	3.266357e-04	
    0.919737	   -0.642909	1.033880e-03	-1.588445e-04	
    0.919737	   -0.642909	9.098842e-04	-6.287757e-04	
    0.919737	   -0.642909	6.968224e-04	-1.037158e-03	
    0.919737	   -0.642909	4.155508e-04	-1.344016e-03	
    0.919737	   -0.642909	9.360215e-05	-1.519313e-03	
    0.919737	   -0.642909	-2.375089e-04	-1.545888e-03	


    1.020510	   -0.442531	-1.332050e-04	-1.590080e-03	
    1.020510	   -0.442531	-4.432505e-04	-1.485736e-03	
    1.020510	   -0.442531	-7.099075e-04	-1.235959e-03	
    1.020510	   -0.442531	-9.070738e-04	-8.651966e-04	
    1.020510	   -0.442531	-1.015449e-03	-4.097432e-04	
    1.020510	   -0.442531	-1.024426e-03	8.581875e-05	
    1.020510	   -0.442531	-9.331242e-04	5.729801e-04	
    1.020510	   -0.442531	-7.504819e-04	1.004054e-03	
    1.020510	   -0.442531	-4.943773e-04	1.336844e-03	
    1.020510	   -0.442531	-1.898795e-04	1.538775e-03	
    1.020510	   -0.442531	1.332050e-04	1.590080e-03	
    1.020510	   -0.442531	4.432505e-04	1.485736e-03	
    1.020510	   -0.442531	7.099075e-04	1.235959e-03	
    1.020510	   -0.442531	9.070738e-04	8.651966e-04	
    1.020510	   -0.442531	1.015449e-03	4.097432e-04	
    1.020510	   -0.442531	1.024426e-03	-8.581875e-05	
    1.020510	   -0.442531	9.331242e-04	-5.729801e-04	
    1.020510	   -0.442531	7.504819e-04	-1.004054e-03	
    1.020510	   -0.442531	4.943773e-04	-1.336844e-03	
    1.020510	   -0.442531	1.898795e-04	-1.538775e-03	
    1.020510	   -0.442531	-1.332050e-04	-1.590080e-03	


    1.020510	   -0.442531	-1.332050e-04	-1.590080e-03	
    1.020510	   -0.442531	-4.432505e-04	-1.485736e-03	
    1.020510	   -0.442531	-7.099075e-04	-1.235959e-03	
    1.020510	   -0.442531	-9.070738e-04	-8.651966e-04	
    1.020510	   -0.442531	-1.015449e-03	-4.097432e-04	
    1.020510	   -0.442531	-1.024426e-03	8.581875e-05	
    1.020510	   -0.442531	-9.331242e-04	5.729801e-04	
    1.020510	   -0.442531	-7.504819e-04	1.004054e-03	
    1.020510	   -0.442531	-4.943773e-04	1.336844e-03	
    1.020510	   -0.442531	-1.898795e-04	1.538775e-03	
    1.020510	   -0.442531	1.332050e-04	1.590080e-03	
    1.020510	   -0.442531	4.432505e-04	1.485736e-03	
    1.020510	   -0.442531	7.099075e-04	1.235959e-03	
    1.020510	   -0.442531	9.070738e-04	8.651966e-04	
    1.020510	   -0.442531	1.015449e-03	4.097432e-04	
    1.020510	   -0.442531	1.024426e-03	-8.581875e-05	
    1.020510	   -0.442531	9.331242e-04	-5.729801e-04	
    1.020510	   -0.442531	7.504819e-04	-1.004054e-03	
    1.020510	   -0.442531	4.943773e-04	-1.336844e-03	
    1.020510	   -0.442531	1.898795e-04	-1.538775e-03	
    1.020510	   -0.442531	-1.332050e-04	-1.590080e-03	


    1.075784	   -0.222927	-2.620220e-06	-1.509015e-03	
    1.075784	   -0.222927	-3.095952e-04	-1.434625e-03	
    1.075784	   -0.222927	-5.862648e-04	-1.219804e-03	
    1.075784	   -0.222927	-8.055468e-04	-8.855804e-04	
    1.075784	   -0.222927	-9.459762e-04	-4.646700e-04	
    1.075784	   -0.222927	-9.938069e-04	1.725625e-06	
    1.075784	   -0.222927	-9.443568e-04	4.679523e-04	
    1.075784	   -0.222927	-8.024665e-04	8.883725e-04	
    1.075784	   -0.222927	-5.820252e-04	1.221833e-03	
    1.075784	   -0.222927	-3.046112e-04	1.435691e-03	
    1.075784	   -0.222927	2.620220e-06	1.509015e-03	
    1.075784	   -0.222927	3.095952e-04	1.434625e-03	
    1.075784	   -0.222927	5.862648e-04	1.219804e-03	
    1.075784	   -0.222927	8.055468e-04	8.855804e-04	
    1.075784	   -0.222927	9.459762e-04	4.646700e-04	
    1.075784	   -0.222927	9.938069e-04	-1.725625e-06	
    1.075784	   -0.222927	9.443568e-04	-4.679523e-04	
    1.075784	   -0.222927	8.024665e-04	-8.883725e-04	
    1.075784	   -0.222927	5.820252e-04	-1.221833e-03	
    1.075784	   -0.222927	3.046112e-04	-1.435691e-03	
    1.075784	   -0.222927	-2.620220e-06	-1.509015e-03	


    1.075784	   -0.222927	-2.620220e-06	-1.509015e-03	
    1.075784	   -0.222927	-3.095952e-04	-1.434625e-03	
    1.075784	   -0.222927	-5.862648e-04	-1.219804e-03	
    1.075784	   -0.222927	-8.055468e-04	-8.855804e-04	
    1.075784	   -0.222927	-9.459762e-04	-4.646700e-04	
    1.075784	   -0.222927	-9.938069e-04	1.725625e-06	
    1.075784	   -0.222927	-9.443568e-04	4.679523e-04	
    1.075784	   -0.222927	-8.024665e-04	8.883725e-04	
    1.075784	   -0.222927	-5.820252e-04	1.221833e-03	
    1.075784	   -0.222927	-3.046112e-04	1.435691e-03	
    1.075784	   -0.222927	2.620220e-06	1.509015e-03	
    1.075784	   -0.222927	3.095952e-04	1.434625e-03	
    1.075784	   -0.222927	5.862648e-04	1.219804e-03	
    1.075784	   -0.222927	8.055468e-04	8.855804e-04	
    1.075784	   -0.222927	9.459762e-04	4.646700e-04	
    1.075784	   -0.222927	9.938069e-04	-1.725625e-06	
    1.075784	   -0.222927	9.443568e-04	-4.679523e-04	
    1.075784	   -0.222927	8.024665e-04	-8.883725e-04	
    1.075784	   -0.222927	5.820252e-04	-1.221833e-03	
    1.075784	   -0.222927	3.046112e-04	-1.435691e-03	
    1.075784	   -0.222927	-2.620220e-06	-1.509015e-03	


    1.081384	    0.006485	1.655254e-04	-1.333392e-03	
    1.081384	    0.006485	-1.380174e-04	-1.304807e-03	
    1.081384	    0.006485	-4.280502e-04	-1.148498e-03	
    1.081384	    0.006485	-6.761824e-04	-8.797665e-04	
    1.081384	    0.006485	-8.581252e-04	-5.249170e-04	
    1.081384	    0.006485	-9.560687e-04	-1.186850e-04	
    1.081384	    0.006485	-9.604256e-04	2.991647e-04	
    1.081384	    0.006485	-8.707692e-04	6.877301e-04	
    1.081384	    0.006485	-6.958760e-04	1.008976e-03	
    1.081384	    0.006485	-4.528655e-04	1.231456e-03	
    1.081384	    0.006485	-1.655254e-04	1.333392e-03	
    1.081384	    0.006485	1.380174e-04	1.304807e-03	
    1.081384	    0.006485	4.280502e-04	1.148498e-03	
    1.081384	    0.006485	6.761824e-04	8.797665e-04	
    1.081384	    0.006485	8.581252e-04	5.249170e-04	
    1.081384	    0.006485	9.560687e-04	1.186850e-04	
    1.081384	    0.006485	9.604256e-04	-2.991647e-04	
    1.081384	    0.006485	8.707692e-04	-6.877301e-04	
    1.081384	    0.006485	6.958760e-04	-1.008976e-03	
    1.081384	    0.006485	4.528655e-04	-1.231456e-03	
    1.081384	    0.006485	1.655254e-04	-1.333392e-03	


    1.081384	    0.006485	1.655254e-04	-1.333392e-03	
    1.081384	    0.006485	-1.380174e-04	-1.304807e-03	
    1.081384	    0.006485	-4.280502e-04	-1.148498e-03	
    1.081384	    0.006485	-6.761824e-04	-8.797665e-04	
    1.081384	    0.006485	-8.581252e-04	-5.249170e-04	
    1.081384	    0.006485	-9.560687e-04	-1.186850e-04	
    1.081384	    0.006485	-9.604256e-04	2.991647e-04	
    1.081384	    0.006485	-8.707692e-04	6.877301e-04	
    1.081384	    0.006485	-6.958760e-04	1.008976e-03	
    1.081384	    0.006485	-4.528655e-04	1.231456e-03	
    1.081384	    0.006485	-1.655254e-04	1.333392e-03	
    1.081384	    0.006485	1.380174e-04	1.304807e-03	
    1.081384	    0.006485	4.280502e-04	1.148498e-03	
    1.081384	    0.006485	6.761824e-04	8.797665e-04	
    1.081384	    0.006485	8.581252e-04	5.249170e-04	
    1.081384	    0.006485	9.560687e-04	1.186850e-04	
    1.081384	    0.006485	9.604256e-04	-2.991647e-04	
    1.081384	    0.006485	8.707692e-04	-6.877301e-04	
    1.081384	    0.006485	6.958760e-04	-1.008976e-03	
    1.081384	    0.006485	4.528655e-04	-1.231456e-03	
    1.081384	    0.006485	1.655254e-04	-1.333392e-03	


    1.034738	    0.235113	4.119573e-04	-1.079313e-03	
    1.034738	    0.235113	1.184451e-04	-1.130821e-03	
    1.034738	    0.235113	-1.866613e-04	-1.071637e-03	
    1.034738	    0.235113	-4.734960e-04	-9.075527e-04	
    1.034738	    0.235113	-7.139816e-04	-6.546311e-04	
    1.034738	    0.235113	-8.845778e-04	-3.376297e-04	
    1.034738	    0.235113	-9.685853e-04	1.242127e-05	
    1.034738	    0.235113	-9.577809e-04	3.612564e-04	
    1.034738	    0.235113	-8.532222e-04	6.747292e-04	
    1.034738	    0.235113	-6.651443e-04	9.221548e-04	
    1.034738	    0.235113	-4.119573e-04	1.079313e-03	
    1.034738	    0.235113	-1.184451e-04	1.130821e-03	
    1.034738	    0.235113	1.866613e-04	1.071637e-03	
    1.034738	    0.235113	4.734960e-04	9.075527e-04	
    1.034738	    0.235113	7.139816e-04	6.546311e-04	
    1.034738	    0.235113	8.845778e-04	3.376297e-04	
    1.034738	    0.235113	9.685853e-04	-1.242127e-05	
    1.034738	    0.235113	9.577809e-04	-3.612564e-04	
    1.034738	    0.235113	8.532222e-04	-6.747292e-04	
    1.034738	    0.235113	6.651443e-04	-9.221548e-04	
    1.034738	    0.235113	4.119573e-04	-1.079313e-03	


    1.034738	    0.235113	4.119573e-04	-1.079313e-03	
    1.034738	    0.235113	1.184451e-04	-1.130821e-03	
    1.034738	    0.235113	-1.866613e-04	-1.071637e-03	
    1.034738	    0.235113	-4.734960e-04	-9.075527e-04	
    1.034738	    0.235113	-7.139816e-04	-6.546311e-04	
    1.034738	    0.235113	-8.845778e-04	-3.376297e-04	
    1.034738	    0.235113	-9.685853e-04	1.242127e-05	
    1.034738	    0.235113	-9.577809e-04	3.612564e-04	
    1.034738	    0.235113	-8.532222e-04	6.747292e-04	
    1.034738	    0.235113	-6.651443e-04	9.221548e-04	
    1.034738	    0.235113	-4.119573e-04	1.079313e-03	
    1.034738	    0.235113	-1.184451e-04	1.130821e-03	
    1.034738	    0.235113	1.866613e-04	1.071637e-03	
    1.034738	    0.235113	4.734960e-04	9.075527e-04	
    1.034738	    0.235113	7.139816e-04	6.546311e-04	
    1.034738	    0.235113	8.845778e-04	3.376297e-04	
    1.034738	    0.235113	9.685853e-04	-1.242127e-05	
    1.034738	    0.235113	9.577809e-04	-3.612564e-04	
    1.034738	    0.235113	8.532222e-04	-6.747292e-04	
    1.034738	    0.235113	6.651443e-04	-9.221548e-04	
    1.034738	    0.235113	4.119573e-04	-1.079313e-03	


    0.935272	    0.451291	5.548123e-04	6.769270e-04	
    0.935272	    0.451291	7.641637e-04	4.499546e-04	
    0.935272	    0.451291	8.987134e-04	1.789375e-04	
    0.935272	    0.451291	9.452908e-04	-1.095952e-04	
    0.935272	    0.451291	8.993365e-04	-3.874000e-04	
    0.935272	    0.451291	7.653489e-04	-6.272833e-04	
    0.935272	    0.451291	5.564436e-04	-8.057638e-04	
    0.935272	    0.451291	2.930698e-04	-9.053706e-04	
    0.935272	    0.451291	1.008190e-06	-9.163533e-04	
    0.935272	    0.451291	-2.911521e-04	-8.376370e-04	
    0.935272	    0.451291	-5.548123e-04	-6.769270e-04	
    0.935272	    0.451291	-7.641637e-04	-4.499546e-04	
    0.935272	    0.451291	-8.987134e-04	-1.789375e-04	
    0.935272	    0.451291	-9.452908e-04	1.095952e-04	
    0.935272	    0.451291	-8.993365e-04	3.874000e-04	
    0.935272	    0.451291	-7.653489e-04	6.272833e-04	
    0.935272	    0.451291	-5.564436e-04	8.057638e-04	
    0.935272	    0.451291	-2.930698e-04	9.053706e-04	
    0.935272	    0.451291	-1.008190e-06	9.163533e-04	
    0.935272	    0.451291	2.911521e-04	8.376370e-04	
    0.935272	    0.451291	5.548123e-04	6.769270e-04	


    0.935272	    0.451291	5.548123e-04	6.769270e-04	
    0.935272	    0.451291	7.641637e-04	4.499546e-04	
    0.935272	    0.451291	8.987134e-04	1.789375e-04	
    0.935272	    0.451291	9.452908e-04	-1.095952e-04	
    0.935272	    0.451291	8.993365e-04	-3.874000e-04	
    0.935272	    0.451291	7.653489e-04	-6.272833e-04	
    0.935272	    0.451291	5.564436e-04	-8.057638e-04	
    0.935272	    0.451291	2.930698e-04	-9.053706e-04	
    0.935272	    0.451291	1.008190e-06	-9.163533e-04	
    0.935272	    0.451291	-2.911521e-04	-8.376370e-04	
    0.935272	    0.451291	-5.548123e-04	-6.769270e-04	
    0.935272	    0.451291	-7.641637e-04	-4.499546e-04	
    0.935272	    0.451291	-8.987134e-04	-1.789375e-04	
    0.935272	    0.451291	-9.452908e-04	1.095952e-04	
    0.935272	    0.451291	-8.993365e-04	3.874000e-04	
    0.935272	    0.451291	-7.653489e-04	6.272833e-04	
    0.935272	    0.451291	-5.564436e-04	8.057638e-04	
    0.935272	    0.451291	-2.930698e-04	9.053706e-04	
    0.935272	    0.451291	-1.008190e-06	9.163533e-04	
    0.935272	    0.451291	2.911521e-04	8.376370e-04	
    0.935272	    0.451291	5.548123e-04	6.769270e-04	


    0.784979	    0.642442	9.391424e-05	7.276734e-04	
    0.784979	    0.642442	3.461587e-04	6.589104e-04	
    0.784979	    0.642442	5.645188e-04	5.256486e-04	
    0.784979	    0.642442	7.276198e-04	3.409327e-04	
    0.784979	    0.642442	8.194964e-04	1.228439e-04	
    0.784979	    0.642442	8.311549e-04	-1.072697e-04	
    0.784979	    0.642442	7.614542e-04	-3.268830e-04	
    0.784979	    0.642442	6.172170e-04	-5.144987e-04	
    0.784979	    0.642442	4.125624e-04	-6.517517e-04	
    0.784979	    0.642442	1.675232e-04	-7.252067e-04	
    0.784979	    0.642442	-9.391424e-05	-7.276734e-04	
    0.784979	    0.642442	-3.461587e-04	-6.589104e-04	
    0.784979	    0.642442	-5.645188e-04	-5.256486e-04	
    0.784979	    0.642442	-7.276198e-04	-3.409327e-04	
    0.784979	    0.642442	-8.194964e-04	-1.228439e-04	
    0.784979	    0.642442	-8.311549e-04	1.072697e-04	
    0.784979	    0.642442	-7.614542e-04	3.268830e-04	
    0.784979	    0.642442	-6.172170e-04	5.144987e-04	
    0.784979	    0.642442	-4.125624e-04	6.517517e-04	
    0.784979	    0.642442	-1.675232e-04	7.252067e-04	
    0.784979	    0.642442	9.391424e-05	7.276734e-04	


    0.784979	    0.642442	9.391424e-05	7.276734e-04	
    0.784979	    0.642442	3.461587e-04	6.589104e-04	
    0.784979	    0.642442	5.645188e-04	5.256486e-04	
    0.784979	    0.642442	7.276198e-04	3.409327e-04	
    0.784979	    0.642442	8.194964e-04	1.228439e-04	
    0.784979	    0.642442	8.311549e-04	-1.072697e-04	
    0.784979	    0.642442	7.614542e-04	-3.268830e-04	
    0.784979	    0.642442	6.172170e-04	-5.144987e-04	
    0.784979	    0.642442	4.125624e-04	-6.517517e-04	
    0.784979	    0.642442	1.675232e-04	-7.252067e-04	
    0.784979	    0.642442	-9.391424e-05	-7.276734e-04	
    0.784979	    0.642442	-3.461587e-04	-6.589104e-04	
    0.784979	    0.642442	-5.645188e-04	-5.256486e-04	
    0.784979	    0.642442	-7.276198e-04	-3.409327e-04	
    0.784979	    0.642442	-8.194964e-04	-1.228439e-04	
    0.784979	    0.642442	-8.311549e-04	1.072697e-04	
    0.784979	    0.642442	-7.614542e-04	3.268830e-04	
    0.784979	    0.642442	-6.172170e-04	5.144987e-04	
    0.784979	    0.642442	-4.125624e-04	6.517517e-04	
    0.784979	    0.642442	-1.675232e-04	7.252067e-04	
    0.784979	    0.642442	9.391424e-05	7.276734e-04	


    0.589055	    0.795620	5.308901e-05	6.507884e-04	
    0.589055	    0.795620	2.713954e-04	6.009159e-04	
    0.589055	    0.795620	4.631358e-04	4.922216e-04	
    0.589055	    0.795620	6.095412e-04	3.353452e-04	
    0.589055	    0.795620	6.962805e-04	1.456429e-04	
    0.589055	    0.795620	7.148629e-04	-5.831598e-05	
    0.589055	    0.795620	6.634696e-04	-2.565665e-04	
    0.589055	    0.795620	5.471313e-04	-4.297024e-04	
    0.589055	    0.795620	3.772360e-04	-5.607761e-04	
    0.589055	    0.795620	1.704141e-04	-6.369572e-04	
    0.589055	    0.795620	-5.308901e-05	-6.507884e-04	
    0.589055	    0.795620	-2.713954e-04	-6.009159e-04	
    0.589055	    0.795620	-4.631358e-04	-4.922216e-04	
    0.589055	    0.795620	-6.095412e-04	-3.353452e-04	
    0.589055	    0.795620	-6.962805e-04	-1.456429e-04	
    0.589055	    0.795620	-7.148629e-04	5.831598e-05	
    0.589055	    0.795620	-6.634696e-04	2.565665e-04	
    0.589055	    0.795620	-5.471313e-04	4.297024e-04	
    0.589055	    0.795620	-3.772360e-04	5.607761e-04	
    0.589055	    0.795620	-1.704141e-04	6.369572e-04	
    0.589055	    0.795620	5.308901e-05	6.507884e-04	


    0.589055	    0.795620	5.308901e-05	6.507884e-04	
    0.589055	    0.795620	2.713954e-04	6.009159e-04	
    0.589055	    0.795620	4.631358e-04	4.922216e-04	
    0.589055	    0.795620	6.095412e-04	3.353452e-04	
    0.589055	    0.795620	6.962805e-04	1.456429e-04	
    0.589055	    0.795620	7.148629e-04	-5.831598e-05	
    0.589055	    0.795620	6.634696e-04	-2.565665e-04	
    0.589055	    0.795620	5.471313e-04	-4.297024e-04	
    0.589055	    0.795620	3.772360e-04	-5.607761e-04	
    0.589055	    0.795620	1.704141e-04	-6.369572e-04	
    0.589055	    0.795620	-5.308901e-05	-6.507884e-04	
    0.589055	    0.795620	-2.713954e-04	-6.009159e-04	
    0.589055	    0.795620	-4.631358e-04	-4.922216e-04	
    0.589055	    0.795620	-6.095412e-04	-3.353452e-04	
    0.589055	    0.795620	-6.962805e-04	-1.456429e-04	
    0.589055	    0.795620	-7.148629e-04	5.831598e-05	
    0.589055	    0.795620	-6.634696e-04	2.565665e-04	
    0.589055	    0.795620	-5.471313e-04	4.297024e-04	
    0.589055	    0.795620	-3.772360e-04	5.607761e-04	
    0.589055	    0.795620	-1.704141e-04	6.369572e-04	
    0.589055	    0.795620	5.308901e-05	6.507884e-04	


    0.356451	    0.898403	2.378785e-04	5.915345e-04	
    0.356451	    0.898403	4.526411e-04	4.715366e-04	
    0.356451	    0.898403	6.230961e-04	3.053814e-04	
    0.356451	    0.898403	7.325581e-04	1.093333e-04	
    0.356451	    0.898403	7.703122e-04	-9.741706e-05	
    0.356451	    0.898403	7.326628e-04	-2.946316e-04	
    0.356451	    0.898403	6.232952e-04	-4.630055e-04	
    0.356451	    0.898403	4.529152e-04	-5.860572e-04	
    0.356451	    0.898403	2.382006e-04	-6.517415e-04	
    0.356451	    0.898403	1.693617e-07	-6.536289e-04	
    0.356451	    0.898403	-2.378785e-04	-5.915345e-04	
    0.356451	    0.898403	-4.526411e-04	-4.715366e-04	
    0.356451	    0.898403	-6.230961e-04	-3.053814e-04	
    0.356451	    0.898403	-7.325581e-04	-1.093333e-04	
    0.356451	    0.898403	-7.703122e-04	9.741706e-05	
    0.356451	    0.898403	-7.326628e-04	2.946316e-04	
    0.356451	    0.898403	-6.232952e-04	4.630055e-04	
    0.356451	    0.898403	-4.529152e-04	5.860572e-04	
    0.356451	    0.898403	-2.382006e-04	6.517415e-04	
    0.356451	    0.898403	-1.693617e-07	6.536289e-04	
    0.356451	    0.898403	2.378785e-04	5.915345e-04	


    0.356451	    0.898403	2.378785e-04	5.915345e-04	
    0.356451	    0.898403	4.526411e-04	4.715366e-04	
    0.356451	    0.898403	6.230961e-04	3.053814e-04	
    0.356451	    0.898403	7.325581e-04	1.093333e-04	
    0.356451	    0.898403	7.703122e-04	-9.741706e-05	
    0.356451	    0.898403	7.326628e-04	-2.946316e-04	
    0.356451	    0.898403	6.232952e-04	-4.630055e-04	
    0.356451	    0.898403	4.529152e-04	-5.860572e-04	
    0.356451	    0.898403	2.382006e-04	-6.517415e-04	
    0.356451	    0.898403	1.693617e-07	-6.536289e-04	
    0.356451	    0.898403	-2.378785e-04	-5.915345e-04	
    0.356451	    0.898403	-4.526411e-04	-4.715366e-04	
    0.356451	    0.898403	-6.230961e-04	-3.053814e-04	
    0.356451	    0.898403	-7.325581e-04	-1.093333e-04	
    0.356451	    0.898403	-7.703122e-04	9.741706e-05	
    0.356451	    0.898403	-7.326628e-04	2.946316e-04	
    0.356451	    0.898403	-6.232952e-04	4.630055e-04	
    0.356451	    0.898403	-4.529152e-04	5.860572e-04	
    0.356451	    0.898403	-2.382006e-04	6.517415e-04	
    0.356451	    0.898403	-1.693617e-07	6.536289e-04	
    0.356451	    0.898403	2.378785e-04	5.915345e-04	


    0.099977	    0.940423	-1.158880e-05	5.118596e-04	
    0.099977	    0.940423	1.573944e-04	4.906204e-04	
    0.099977	    0.940423	3.109708e-04	4.213559e-04	
    0.099977	    0.940423	4.341071e-04	3.108462e-04	
    0.099977	    0.940423	5.147500e-04	1.699086e-04	
    0.099977	    0.940423	5.450057e-04	1.233924e-05	
    0.099977	    0.940423	5.219123e-04	-1.464380e-04	
    0.099977	    0.940423	4.477306e-04	-2.908809e-04	
    0.099977	    0.940423	3.297218e-04	-4.068503e-04	
    0.099977	    0.940423	1.794376e-04	-4.829944e-04	
    0.099977	    0.940423	1.158880e-05	-5.118596e-04	
    0.099977	    0.940423	-1.573944e-04	-4.906204e-04	
    0.099977	    0.940423	-3.109708e-04	-4.213559e-04	
    0.099977	    0.940423	-4.341071e-04	-3.108462e-04	
    0.099977	    0.940423	-5.147500e-04	-1.699086e-04	
    0.099977	    0.940423	-5.450057e-04	-1.233924e-05	
    0.099977	    0.940423	-5.219123e-04	1.464380e-04	
    0.099977	    0.940423	-4.477306e-04	2.908809e-04	
    0.099977	    0.940423	-3.297218e-04	4.068503e-04	
    0.099977	    0.940423	-1.794376e-04	4.829944e-04	
    0.099977	    0.940423	-1.158880e-05	5.118596e-04	


    0.099977	    0.940423	-1.158880e-05	5.118596e-04	
    0.099977	    0.940423	1.573944e-04	4.906204e-04	
    0.099977	    0.940423	3.109708e-04	4.213559e-04	
    0.099977	    0.940423	4.341071e-04	3.108462e-04	
    0.099977	    0.940423	5.147500e-04	1.699086e-04	
    0.099977	    0.940423	5.450057e-04	1.233924e-05	
    0.099977	    0.940423	5.219123e-04	-1.464380e-04	
    0.099977	    0.940423	4.477306e-04	-2.908809e-04	
    0.099977	    0.940423	3.297218e-04	-4.068503e-04	
    0.099977	    0.940423	1.794376e-04	-4.829944e-04	
    0.099977	    0.940423	1.158880e-05	-5.118596e-04	
    0.099977	    0.940423	-1.573944e-04	-4.906204e-04	
    0.099977	    0.940423	-3.109708e-04	-4.213559e-04	
    0.099977	    0.940423	-4.341071e-04	-3.108462e-04	
    0.099977	    0.940423	-5.147500e-04	-1.699086e-04	
    0.099977	    0.940423	-5.450057e-04	-1.233924e-05	
    0.099977	    0.940423	-5.219123e-04	1.464380e-04	
    0.099977	    0.940423	-4.477306e-04	2.908809e-04	
    0.099977	    0.940423	-3.297218e-04	4.068503e-04	
    0.099977	    0.940423	-1.794376e-04	4.829944e-04	
    0.099977	    0.940423	-1.158880e-05	5.118596e-04	


