0	  2.97165e-07 2.62152e-07 2.42660e-07 7.68733e-08 6.30981e-08 5.58129e-08
 0	  2.97165e-07 2.62152e-07 2.42660e-07 7.68733e-08 6.30981e-08 5.58129e-08

 1	  5.23472e-07 5.26415e-07 4.66187e-07 1.16840e-07 1.13315e-07 8.04592e-08
 1	  5.23472e-07 5.26415e-07 4.66187e-07 2.43466e-07 3.00199e-08 4.90683e-08

 2	  6.65424e-07 8.17179e-07 6.28162e-07 2.44972e-07 1.35379e-07 1.52238e-07
 2	  6.65424e-07 8.17179e-07 6.28162e-07 3.14709e-07 9.37598e-08 3.55974e-07

 3	  7.84320e-07 1.22360e-06 7.07780e-07 1.83852e-07 2.61049e-07 5.71333e-07
 3	  7.84320e-07 1.22360e-06 7.07780e-07 4.55182e-07 9.58496e-08 4.68977e-07

 4	  8.18517e-07 1.52553e-06 6.93214e-07 2.81335e-07 4.21138e-07 8.07385e-07
 4	  8.18517e-07 1.52553e-06 6.93214e-07 4.74732e-07 1.38847e-07 9.16998e-07

 5	  8.67758e-07 1.77904e-06 5.87789e-07 2.30948e-07 3.42959e-07 1.36390e-06
 5	  8.67758e-07 1.77904e-06 5.87789e-07 8.24423e-07 1.06318e-06 3.63577e-07

 6	  8.59471e-07 1.56473e-06 6.22050e-07 2.50889e-07 1.71422e-06 6.20101e-07
 6	  8.59471e-07 1.56473e-06 6.22050e-07 9.27562e-07 1.48021e-06 1.16197e-07

 7	  8.15839e-07 1.17017e-06 7.54744e-07 3.22152e-07 2.11883e-06 2.46266e-07
 7	  8.15839e-07 1.17017e-06 7.54744e-07 1.23899e-06 1.97578e-06 6.28986e-07

 8	  6.93093e-07 7.79793e-07 6.82460e-07 8.40210e-07 2.41194e-06 9.74609e-07
 8	  6.93093e-07 7.79793e-07 6.82460e-07 2.22571e-06 3.12775e-06 2.45656e-06

 9	  4.82144e-07 4.54662e-07 4.33703e-07 2.11691e-06 3.20239e-06 2.96163e-06
 9	  4.82144e-07 4.54662e-07 4.33703e-07 4.24151e-06 4.18160e-06 3.89276e-06

10	  3.03216e-07 3.02203e-07 2.78904e-07 4.28476e-06 3.88906e-06 4.27538e-06
10	  3.03216e-07 3.02203e-07 2.78904e-07 3.03129e-08 1.50587e-08 6.23651e-10

  3.12514e-07 2.93028e-07 2.78781e-07
  4.52901e-08 6.47702e-11 6.40398e-10

 0	      0.0000000000	      0.0000000000	      0.0000000000	
1	      0.0008090996	      0.0004403344	      0.0020328423	
2	      0.0005428326	      0.0003737777	      0.0015816063	
3	      0.0003349337	      0.0004972939	      0.0017169738	
4	      0.0002782304	      0.0005605205	      0.0018359850	
5	      0.0003091924	      0.0008142387	      0.0025720606	
6	      0.0002145910	      0.0007343258	      0.0022553714	
7	      0.0000756243	      0.0007739767	      0.0022265994	
8	      0.0000249453	      0.0009574048	      0.0026856893	
9	      0.0000326661	      0.0013379908	      0.0037511049	
10	      0.0000720699	      0.0020620291	      0.0058026990	

FLeg = 0.0264609320

F = 0.1189083739
