0	  1.00000e-05 1.00000e-05 1.00000e-05 1.00000e-06 1.00000e-06 1.00000e-06
 0	  1.00000e-05 1.00000e-05 1.00000e-05 2.16172e-07 1.17148e-06 7.54120e-08

 1	  9.61763e-06 1.01703e-05 9.78168e-06 1.29993e-06 1.30180e-06 5.49572e-07
 1	  9.61763e-06 1.01703e-05 9.78168e-06 2.19160e-06 8.34370e-07 6.79593e-07

 2	  8.44056e-06 1.23272e-05 8.41238e-06 3.17142e-06 4.42147e-06 2.37237e-06
 2	  8.44056e-06 1.23272e-05 8.41238e-06 5.59332e-06 2.46098e-06 1.36709e-06

 3	  7.11884e-06 1.62657e-05 6.63922e-06 4.25441e-06 7.07892e-06 3.51212e-06
 3	  7.11884e-06 1.62657e-05 6.63922e-06 4.57769e-06 6.77591e-06 3.06036e-06

 4	  5.48370e-06 2.30196e-05 4.58660e-06 4.14833e-06 1.11596e-05 5.51197e-06
 4	  5.48370e-06 2.30196e-05 4.58660e-06 3.91364e-06 8.83201e-06 4.38822e-06

 5	  3.71217e-06 3.08151e-05 2.82679e-06 6.65778e-06 8.99883e-06 6.51290e-06
 5	  3.71217e-06 3.08151e-05 2.82679e-06 3.97459e-06 6.48121e-06 4.77759e-06

 6	  2.49291e-06 3.72493e-05 1.61463e-06 7.45952e-06 3.20169e-06 6.27438e-06
 6	  2.49291e-06 3.72493e-05 1.61463e-06 5.16063e-06 1.65591e-06 1.70027e-06

 7	  1.88282e-06 3.82934e-05 1.21098e-06 6.65560e-06 1.31629e-06 2.33033e-06
 7	  1.88282e-06 3.82934e-05 1.21098e-06 5.99916e-06 1.12507e-06 1.32286e-06

 8	  2.18491e-06 3.43984e-05 9.78425e-07 4.69281e-06 4.99667e-06 1.77618e-06
 8	  2.18491e-06 3.43984e-05 9.78425e-07 4.48588e-06 4.91130e-06 1.43029e-06

 9	  3.06238e-06 2.74041e-05 8.52571e-07 1.79011e-06 1.03916e-05 1.77448e-06
 9	  3.06238e-06 2.74041e-05 8.52571e-07 2.78778e-06 8.96151e-06 5.20165e-07

10	  3.83983e-06 2.00014e-05 9.13828e-07 4.11152e-07 1.22700e-05 6.88144e-07
10	  3.83983e-06 2.00014e-05 9.13828e-07 9.30396e-07 1.09924e-05 3.02761e-07

11	  3.87759e-06 1.35399e-05 9.64639e-07 5.66646e-07 1.13318e-05 4.67914e-07
11	  3.87759e-06 1.35399e-05 9.64639e-07 3.13700e-07 1.06712e-05 2.80775e-07

12	  3.44070e-06 8.77204e-06 1.03454e-06 1.33468e-06 8.64460e-06 4.20505e-07
12	  3.44070e-06 8.77204e-06 1.03454e-06 2.25414e-07 8.97669e-06 5.50674e-08

13	  3.07214e-06 5.49225e-06 1.30806e-06 1.27083e-06 5.95631e-06 3.20983e-08
13	  3.07214e-06 5.49225e-06 1.30806e-06 6.11873e-07 5.93601e-06 2.31606e-07

14	  2.55523e-06 3.57141e-06 1.26185e-06 1.41420e-06 3.26178e-06 4.45832e-07
14	  2.55523e-06 3.57141e-06 1.26185e-06 1.20328e-06 3.29536e-06 5.20645e-07

15	  2.04535e-06 2.59129e-06 1.15764e-06 1.63456e-06 1.48438e-06 7.69471e-07
15	  2.04535e-06 2.59129e-06 1.15764e-06 1.49984e-06 1.55893e-06 5.51892e-07

16	  1.63763e-06 2.20200e-06 1.06934e-06 1.51253e-06 5.78869e-07 7.87143e-07
16	  1.63763e-06 2.20200e-06 1.06934e-06 1.58703e-06 5.04733e-07 5.38263e-07

17	  1.39720e-06 2.20657e-06 9.51659e-07 1.22708e-06 1.15382e-07 7.95383e-07
17	  1.39720e-06 2.20657e-06 9.51659e-07 1.24329e-06 2.50189e-07 5.52903e-07

18	  1.21948e-06 2.25136e-06 8.62120e-07 8.69220e-07 1.33908e-07 7.91414e-07
18	  1.21948e-06 2.25136e-06 8.62120e-07 9.28981e-07 1.09678e-07 6.26403e-07

19	  1.12532e-06 2.41500e-06 7.90750e-07 5.96035e-07 1.76797e-07 8.53442e-07
19	  1.12532e-06 2.41500e-06 7.90750e-07 8.01038e-07 2.87756e-07 8.25450e-07

20	  1.06719e-06 2.53572e-06 7.19246e-07 5.13069e-07 5.02519e-07 1.05647e-06
20	  1.06719e-06 2.53572e-06 7.19246e-07 7.87008e-07 5.22155e-07 4.58601e-07

21	  9.87659e-07 2.27713e-06 7.08914e-07 4.25565e-07 9.27922e-07 6.47743e-07
21	  9.87659e-07 2.27713e-06 7.08914e-07 7.34909e-07 1.12205e-06 3.25371e-07

22	  9.41466e-07 1.79202e-06 7.17762e-07 3.23955e-07 1.71860e-06 5.07226e-07
22	  9.41466e-07 1.79202e-06 7.17762e-07 5.64191e-07 1.69243e-06 7.94768e-07

23	  9.52187e-07 1.27891e-06 6.33388e-07 2.04462e-07 2.28300e-06 1.06134e-06
23	  9.52187e-07 1.27891e-06 6.33388e-07 7.54895e-07 2.01966e-06 1.05217e-06

24	  8.93576e-07 8.51715e-07 5.25028e-07 3.80768e-07 2.44921e-06 1.35654e-06
24	  8.93576e-07 8.51715e-07 5.25028e-07 1.49509e-06 2.45889e-06 1.87248e-06

25	  6.99638e-07 5.41015e-07 3.87532e-07 1.16652e-06 2.64341e-06 2.22495e-06
25	  6.99638e-07 5.41015e-07 3.87532e-07 1.82521e-06 2.02120e-06 1.52601e-06

26	  5.13847e-07 4.26926e-07 3.64205e-07 1.68793e-06 1.84757e-06 1.79014e-06
26	  5.13847e-07 4.26926e-07 3.64205e-07 4.43111e-07 1.19065e-06 2.70127e-07

27	  5.93381e-07 4.36721e-07 4.75993e-07 4.32147e-07 7.81153e-07 4.10785e-07
27	  5.93381e-07 4.36721e-07 4.75993e-07 6.65591e-06 8.23255e-06 7.04426e-06

28	  2.97165e-07 2.62152e-07 2.42660e-07 7.15669e-06 7.51810e-06 7.58624e-06
28	  2.97165e-07 2.62152e-07 2.42660e-07 7.68733e-08 6.30981e-08 5.58129e-08

  2.97208e-07 2.42302e-07 2.62467e-07
  1.47599e-07 4.74850e-08 7.00522e-10

 0	      0.0006854999	      0.0009649665	      0.0033672589	
1	      0.0005772977	      0.0006909454	      0.0024975189	
2	      0.0005001634	      0.0013273829	      0.0041891215	
3	      0.0003729902	      0.0003479711	      0.0013400441	
4	      0.0003364076	      0.0006964810	      0.0022720127	
5	      0.0005614786	      0.0012228315	      0.0039598758	
6	      0.0006012609	      0.0013310829	      0.0043005018	
7	      0.0004842177	      0.0005234286	      0.0019388892	
8	      0.0008940612	      0.0002698361	      0.0016439685	
9	      0.0004752305	      0.0008122870	      0.0027326747	
10	      0.0004925086	      0.0004810987	      0.0018295403	
11	      0.0008243977	      0.0004691257	      0.0021281549	
12	      0.0009096696	      0.0007021898	      0.0028611402	
13	      0.0011784801	      0.0005099431	      0.0025956740	
14	      0.0011036459	      0.0003929241	      0.0021956297	
15	      0.0012771040	      0.0002605456	      0.0020011917	
16	      0.0014715475	      0.0004657922	      0.0027660405	
17	      0.0014922294	      0.0003626496	      0.0025000768	
18	      0.0015845832	      0.0003096044	      0.0024450115	
19	      0.0015813856	      0.0003687264	      0.0026061211	
20	      0.0017018403	      0.0005932730	      0.0033506180	
21	      0.0016831016	      0.0005003492	      0.0030736329	
22	      0.0015510675	      0.0004164306	      0.0027083786	
23	      0.0013123336	      0.0006400563	      0.0030911278	
24	      0.0012365096	      0.0008692194	      0.0036521759	
25	      0.0012956327	      0.0009464550	      0.0039259461	
26	      0.0013074039	      0.0013760363	      0.0051315758	
27	      0.0000950288	      0.0025668599	      0.0072286438	
28	      0.0008822722	      0.0026024859	      0.0081148963	

FLeg = 0.0924474418
