    0.292664	    0.956215	0.000000e+00	3.162278e-03	
    0.292664	    0.956215	9.771975e-04	3.007505e-03	
    0.292664	    0.956215	1.858740e-03	2.558336e-03	
    0.292664	    0.956215	2.558336e-03	1.858740e-03	
    0.292664	    0.956215	3.007505e-03	9.771975e-04	
    0.292664	    0.956215	3.162278e-03	1.936337e-19	
    0.292664	    0.956215	3.007505e-03	-9.771975e-04	
    0.292664	    0.956215	2.558336e-03	-1.858740e-03	
    0.292664	    0.956215	1.858740e-03	-2.558336e-03	
    0.292664	    0.956215	9.771975e-04	-3.007505e-03	
    0.292664	    0.956215	3.872673e-19	-3.162278e-03	
    0.292664	    0.956215	-9.771975e-04	-3.007505e-03	
    0.292664	    0.956215	-1.858740e-03	-2.558336e-03	
    0.292664	    0.956215	-2.558336e-03	-1.858740e-03	
    0.292664	    0.956215	-3.007505e-03	-9.771975e-04	
    0.292664	    0.956215	-3.162278e-03	-5.809010e-19	
    0.292664	    0.956215	-3.007505e-03	9.771975e-04	
    0.292664	    0.956215	-2.558336e-03	1.858740e-03	
    0.292664	    0.956215	-1.858740e-03	2.558336e-03	
    0.292664	    0.956215	-9.771975e-04	3.007505e-03	
    0.292664	    0.956215	-7.745346e-19	3.162278e-03	


    0.292664	    0.956215	0.000000e+00	3.162278e-03	
    0.292664	    0.956215	9.771975e-04	3.007505e-03	
    0.292664	    0.956215	1.858740e-03	2.558336e-03	
    0.292664	    0.956215	2.558336e-03	1.858740e-03	
    0.292664	    0.956215	3.007505e-03	9.771975e-04	
    0.292664	    0.956215	3.162278e-03	1.936337e-19	
    0.292664	    0.956215	3.007505e-03	-9.771975e-04	
    0.292664	    0.956215	2.558336e-03	-1.858740e-03	
    0.292664	    0.956215	1.858740e-03	-2.558336e-03	
    0.292664	    0.956215	9.771975e-04	-3.007505e-03	
    0.292664	    0.956215	3.872673e-19	-3.162278e-03	
    0.292664	    0.956215	-9.771975e-04	-3.007505e-03	
    0.292664	    0.956215	-1.858740e-03	-2.558336e-03	
    0.292664	    0.956215	-2.558336e-03	-1.858740e-03	
    0.292664	    0.956215	-3.007505e-03	-9.771975e-04	
    0.292664	    0.956215	-3.162278e-03	-5.809010e-19	
    0.292664	    0.956215	-3.007505e-03	9.771975e-04	
    0.292664	    0.956215	-2.558336e-03	1.858740e-03	
    0.292664	    0.956215	-1.858740e-03	2.558336e-03	
    0.292664	    0.956215	-9.771975e-04	3.007505e-03	
    0.292664	    0.956215	-7.745346e-19	3.162278e-03	


    0.040127	    0.988263	-2.147682e-03	-2.408253e-03	
    0.040127	    0.988263	-2.718435e-03	-1.687645e-03	
    0.040127	    0.988263	-3.023088e-03	-8.018393e-04	
    0.040127	    0.988263	-3.031820e-03	1.624563e-04	
    0.040127	    0.988263	-2.743776e-03	1.110849e-03	
    0.040127	    0.988263	-2.187153e-03	1.950505e-03	
    0.040127	    0.988263	-1.416435e-03	2.599232e-03	
    0.040127	    0.988263	-5.070677e-04	2.993527e-03	
    0.040127	    0.988263	4.519354e-04	3.094795e-03	
    0.040127	    0.988263	1.366700e-03	2.893124e-03	
    0.040127	    0.988263	2.147682e-03	2.408253e-03	
    0.040127	    0.988263	2.718435e-03	1.687645e-03	
    0.040127	    0.988263	3.023088e-03	8.018393e-04	
    0.040127	    0.988263	3.031820e-03	-1.624563e-04	
    0.040127	    0.988263	2.743776e-03	-1.110849e-03	
    0.040127	    0.988263	2.187153e-03	-1.950505e-03	
    0.040127	    0.988263	1.416435e-03	-2.599232e-03	
    0.040127	    0.988263	5.070677e-04	-2.993527e-03	
    0.040127	    0.988263	-4.519354e-04	-3.094795e-03	
    0.040127	    0.988263	-1.366700e-03	-2.893124e-03	
    0.040127	    0.988263	-2.147682e-03	-2.408253e-03	


    0.040127	    0.988263	-2.147682e-03	-2.408253e-03	
    0.040127	    0.988263	-2.718435e-03	-1.687645e-03	
    0.040127	    0.988263	-3.023088e-03	-8.018393e-04	
    0.040127	    0.988263	-3.031820e-03	1.624563e-04	
    0.040127	    0.988263	-2.743776e-03	1.110849e-03	
    0.040127	    0.988263	-2.187153e-03	1.950505e-03	
    0.040127	    0.988263	-1.416435e-03	2.599232e-03	
    0.040127	    0.988263	-5.070677e-04	2.993527e-03	
    0.040127	    0.988263	4.519354e-04	3.094795e-03	
    0.040127	    0.988263	1.366700e-03	2.893124e-03	
    0.040127	    0.988263	2.147682e-03	2.408253e-03	
    0.040127	    0.988263	2.718435e-03	1.687645e-03	
    0.040127	    0.988263	3.023088e-03	8.018393e-04	
    0.040127	    0.988263	3.031820e-03	-1.624563e-04	
    0.040127	    0.988263	2.743776e-03	-1.110849e-03	
    0.040127	    0.988263	2.187153e-03	-1.950505e-03	
    0.040127	    0.988263	1.416435e-03	-2.599232e-03	
    0.040127	    0.988263	5.070677e-04	-2.993527e-03	
    0.040127	    0.988263	-4.519354e-04	-3.094795e-03	
    0.040127	    0.988263	-1.366700e-03	-2.893124e-03	
    0.040127	    0.988263	-2.147682e-03	-2.408253e-03	


   -0.214864	    0.958032	-1.772299e-03	-2.991894e-03	
   -0.214864	    0.958032	-2.352621e-03	-2.450314e-03	
   -0.214864	    0.958032	-2.702653e-03	-1.668879e-03	
   -0.214864	    0.958032	-2.788130e-03	-7.240829e-04	
   -0.214864	    0.958032	-2.600685e-03	2.915915e-04	
   -0.214864	    0.958032	-2.158668e-03	1.278723e-03	
   -0.214864	    0.958032	-1.505345e-03	2.140684e-03	
   -0.214864	    0.958032	-7.046679e-04	2.793100e-03	
   -0.214864	    0.958032	1.649866e-04	3.172108e-03	
   -0.214864	    0.958032	1.018491e-03	3.240608e-03	
   -0.214864	    0.958032	1.772299e-03	2.991894e-03	
   -0.214864	    0.958032	2.352621e-03	2.450314e-03	
   -0.214864	    0.958032	2.702653e-03	1.668879e-03	
   -0.214864	    0.958032	2.788130e-03	7.240829e-04	
   -0.214864	    0.958032	2.600685e-03	-2.915915e-04	
   -0.214864	    0.958032	2.158668e-03	-1.278723e-03	
   -0.214864	    0.958032	1.505345e-03	-2.140684e-03	
   -0.214864	    0.958032	7.046679e-04	-2.793100e-03	
   -0.214864	    0.958032	-1.649866e-04	-3.172108e-03	
   -0.214864	    0.958032	-1.018491e-03	-3.240608e-03	
   -0.214864	    0.958032	-1.772299e-03	-2.991894e-03	


   -0.214864	    0.958032	-1.772299e-03	-2.991894e-03	
   -0.214864	    0.958032	-2.352621e-03	-2.450314e-03	
   -0.214864	    0.958032	-2.702653e-03	-1.668879e-03	
   -0.214864	    0.958032	-2.788130e-03	-7.240829e-04	
   -0.214864	    0.958032	-2.600685e-03	2.915915e-04	
   -0.214864	    0.958032	-2.158668e-03	1.278723e-03	
   -0.214864	    0.958032	-1.505345e-03	2.140684e-03	
   -0.214864	    0.958032	-7.046679e-04	2.793100e-03	
   -0.214864	    0.958032	1.649866e-04	3.172108e-03	
   -0.214864	    0.958032	1.018491e-03	3.240608e-03	
   -0.214864	    0.958032	1.772299e-03	2.991894e-03	
   -0.214864	    0.958032	2.352621e-03	2.450314e-03	
   -0.214864	    0.958032	2.702653e-03	1.668879e-03	
   -0.214864	    0.958032	2.788130e-03	7.240829e-04	
   -0.214864	    0.958032	2.600685e-03	-2.915915e-04	
   -0.214864	    0.958032	2.158668e-03	-1.278723e-03	
   -0.214864	    0.958032	1.505345e-03	-2.140684e-03	
   -0.214864	    0.958032	7.046679e-04	-2.793100e-03	
   -0.214864	    0.958032	-1.649866e-04	-3.172108e-03	
   -0.214864	    0.958032	-1.018491e-03	-3.240608e-03	
   -0.214864	    0.958032	-1.772299e-03	-2.991894e-03	


   -0.455974	    0.866117	-1.630736e-03	-3.565146e-03	
   -0.455974	    0.866117	-2.128056e-03	-3.126668e-03	
   -0.455974	    0.866117	-2.417068e-03	-2.382130e-03	
   -0.455974	    0.866117	-2.469480e-03	-1.404412e-03	
   -0.455974	    0.866117	-2.280162e-03	-2.892210e-04	
   -0.455974	    0.866117	-1.867646e-03	8.542812e-04	
   -0.455974	    0.866117	-1.272312e-03	1.914160e-03	
   -0.455974	    0.866117	-5.524347e-04	2.786668e-03	
   -0.455974	    0.866117	2.215184e-04	3.386398e-03	
   -0.455974	    0.866117	9.737877e-04	3.654643e-03	
   -0.455974	    0.866117	1.630736e-03	3.565146e-03	
   -0.455974	    0.866117	2.128056e-03	3.126668e-03	
   -0.455974	    0.866117	2.417068e-03	2.382130e-03	
   -0.455974	    0.866117	2.469480e-03	1.404412e-03	
   -0.455974	    0.866117	2.280162e-03	2.892210e-04	
   -0.455974	    0.866117	1.867646e-03	-8.542812e-04	
   -0.455974	    0.866117	1.272312e-03	-1.914160e-03	
   -0.455974	    0.866117	5.524347e-04	-2.786668e-03	
   -0.455974	    0.866117	-2.215184e-04	-3.386398e-03	
   -0.455974	    0.866117	-9.737877e-04	-3.654643e-03	
   -0.455974	    0.866117	-1.630736e-03	-3.565146e-03	


   -0.455974	    0.866117	-1.630736e-03	-3.565146e-03	
   -0.455974	    0.866117	-2.128056e-03	-3.126668e-03	
   -0.455974	    0.866117	-2.417068e-03	-2.382130e-03	
   -0.455974	    0.866117	-2.469480e-03	-1.404412e-03	
   -0.455974	    0.866117	-2.280162e-03	-2.892210e-04	
   -0.455974	    0.866117	-1.867646e-03	8.542812e-04	
   -0.455974	    0.866117	-1.272312e-03	1.914160e-03	
   -0.455974	    0.866117	-5.524347e-04	2.786668e-03	
   -0.455974	    0.866117	2.215184e-04	3.386398e-03	
   -0.455974	    0.866117	9.737877e-04	3.654643e-03	
   -0.455974	    0.866117	1.630736e-03	3.565146e-03	
   -0.455974	    0.866117	2.128056e-03	3.126668e-03	
   -0.455974	    0.866117	2.417068e-03	2.382130e-03	
   -0.455974	    0.866117	2.469480e-03	1.404412e-03	
   -0.455974	    0.866117	2.280162e-03	2.892210e-04	
   -0.455974	    0.866117	1.867646e-03	-8.542812e-04	
   -0.455974	    0.866117	1.272312e-03	-1.914160e-03	
   -0.455974	    0.866117	5.524347e-04	-2.786668e-03	
   -0.455974	    0.866117	-2.215184e-04	-3.386398e-03	
   -0.455974	    0.866117	-9.737877e-04	-3.654643e-03	
   -0.455974	    0.866117	-1.630736e-03	-3.565146e-03	


   -0.667450	    0.717930	-1.532186e-03	-4.166040e-03	
   -0.667450	    0.717930	-1.931124e-03	-3.787838e-03	
   -0.667450	    0.717930	-2.141031e-03	-3.038856e-03	
   -0.667450	    0.717930	-2.141358e-03	-1.992410e-03	
   -0.667450	    0.717930	-1.932075e-03	-7.509322e-04	
   -0.667450	    0.717930	-1.533666e-03	5.640516e-04	
   -0.667450	    0.717930	-9.851320e-04	1.823822e-03	
   -0.667450	    0.717930	-3.401661e-04	2.905064e-03	
   -0.667450	    0.717930	3.380977e-04	3.701938e-03	
   -0.667450	    0.717930	9.832661e-04	4.136441e-03	
   -0.667450	    0.717930	1.532186e-03	4.166040e-03	
   -0.667450	    0.717930	1.931124e-03	3.787838e-03	
   -0.667450	    0.717930	2.141031e-03	3.038856e-03	
   -0.667450	    0.717930	2.141358e-03	1.992410e-03	
   -0.667450	    0.717930	1.932075e-03	7.509322e-04	
   -0.667450	    0.717930	1.533666e-03	-5.640516e-04	
   -0.667450	    0.717930	9.851320e-04	-1.823822e-03	
   -0.667450	    0.717930	3.401661e-04	-2.905064e-03	
   -0.667450	    0.717930	-3.380977e-04	-3.701938e-03	
   -0.667450	    0.717930	-9.832661e-04	-4.136441e-03	
   -0.667450	    0.717930	-1.532186e-03	-4.166040e-03	


   -0.667450	    0.717930	-1.532186e-03	-4.166040e-03	
   -0.667450	    0.717930	-1.931124e-03	-3.787838e-03	
   -0.667450	    0.717930	-2.141031e-03	-3.038856e-03	
   -0.667450	    0.717930	-2.141358e-03	-1.992410e-03	
   -0.667450	    0.717930	-1.932075e-03	-7.509322e-04	
   -0.667450	    0.717930	-1.533666e-03	5.640516e-04	
   -0.667450	    0.717930	-9.851320e-04	1.823822e-03	
   -0.667450	    0.717930	-3.401661e-04	2.905064e-03	
   -0.667450	    0.717930	3.380977e-04	3.701938e-03	
   -0.667450	    0.717930	9.832661e-04	4.136441e-03	
   -0.667450	    0.717930	1.532186e-03	4.166040e-03	
   -0.667450	    0.717930	1.931124e-03	3.787838e-03	
   -0.667450	    0.717930	2.141031e-03	3.038856e-03	
   -0.667450	    0.717930	2.141358e-03	1.992410e-03	
   -0.667450	    0.717930	1.932075e-03	7.509322e-04	
   -0.667450	    0.717930	1.533666e-03	-5.640516e-04	
   -0.667450	    0.717930	9.851320e-04	-1.823822e-03	
   -0.667450	    0.717930	3.401661e-04	-2.905064e-03	
   -0.667450	    0.717930	-3.380977e-04	-3.701938e-03	
   -0.667450	    0.717930	-9.832661e-04	-4.136441e-03	
   -0.667450	    0.717930	-1.532186e-03	-4.166040e-03	


   -0.835780	    0.523289	-1.216774e-03	-4.719780e-03	
   -0.835780	    0.523289	-1.541431e-03	-4.389727e-03	
   -0.835780	    0.523289	-1.715201e-03	-3.629977e-03	
   -0.835780	    0.523289	-1.721076e-03	-2.514900e-03	
   -0.835780	    0.523289	-1.558480e-03	-1.153646e-03	
   -0.835780	    0.523289	-1.243329e-03	3.205341e-04	
   -0.835780	    0.523289	-8.064721e-04	1.763338e-03	
   -0.835780	    0.523289	-2.906723e-04	3.033535e-03	
   -0.835780	    0.523289	2.535806e-04	4.006788e-03	
   -0.835780	    0.523289	7.730112e-04	4.587828e-03	
   -0.835780	    0.523289	1.216774e-03	4.719780e-03	
   -0.835780	    0.523289	1.541431e-03	4.389727e-03	
   -0.835780	    0.523289	1.715201e-03	3.629977e-03	
   -0.835780	    0.523289	1.721076e-03	2.514900e-03	
   -0.835780	    0.523289	1.558480e-03	1.153646e-03	
   -0.835780	    0.523289	1.243329e-03	-3.205341e-04	
   -0.835780	    0.523289	8.064721e-04	-1.763338e-03	
   -0.835780	    0.523289	2.906723e-04	-3.033535e-03	
   -0.835780	    0.523289	-2.535806e-04	-4.006788e-03	
   -0.835780	    0.523289	-7.730112e-04	-4.587828e-03	
   -0.835780	    0.523289	-1.216774e-03	-4.719780e-03	


   -0.835780	    0.523289	-1.216774e-03	-4.719780e-03	
   -0.835780	    0.523289	-1.541431e-03	-4.389727e-03	
   -0.835780	    0.523289	-1.715201e-03	-3.629977e-03	
   -0.835780	    0.523289	-1.721076e-03	-2.514900e-03	
   -0.835780	    0.523289	-1.558480e-03	-1.153646e-03	
   -0.835780	    0.523289	-1.243329e-03	3.205341e-04	
   -0.835780	    0.523289	-8.064721e-04	1.763338e-03	
   -0.835780	    0.523289	-2.906723e-04	3.033535e-03	
   -0.835780	    0.523289	2.535806e-04	4.006788e-03	
   -0.835780	    0.523289	7.730112e-04	4.587828e-03	
   -0.835780	    0.523289	1.216774e-03	4.719780e-03	
   -0.835780	    0.523289	1.541431e-03	4.389727e-03	
   -0.835780	    0.523289	1.715201e-03	3.629977e-03	
   -0.835780	    0.523289	1.721076e-03	2.514900e-03	
   -0.835780	    0.523289	1.558480e-03	1.153646e-03	
   -0.835780	    0.523289	1.243329e-03	-3.205341e-04	
   -0.835780	    0.523289	8.064721e-04	-1.763338e-03	
   -0.835780	    0.523289	2.906723e-04	-3.033535e-03	
   -0.835780	    0.523289	-2.535806e-04	-4.006788e-03	
   -0.835780	    0.523289	-7.730112e-04	-4.587828e-03	
   -0.835780	    0.523289	-1.216774e-03	-4.719780e-03	


   -0.951032	    0.295341	-7.338891e-04	-5.073586e-03	
   -0.951032	    0.295341	-1.010286e-03	-4.780091e-03	
   -0.951032	    0.295341	-1.187789e-03	-4.018687e-03	
   -0.951032	    0.295341	-1.249023e-03	-2.863906e-03	
   -0.951032	    0.295341	-1.187994e-03	-1.428786e-03	
   -0.951032	    0.295341	-1.010676e-03	1.461932e-04	
   -0.951032	    0.295341	-7.344256e-04	1.706862e-03	
   -0.951032	    0.295341	-3.862847e-04	3.100452e-03	
   -0.951032	    0.295341	-3.315531e-07	4.190547e-03	
   -0.951032	    0.295341	3.856540e-04	4.870443e-03	
   -0.951032	    0.295341	7.338891e-04	5.073586e-03	
   -0.951032	    0.295341	1.010286e-03	4.780091e-03	
   -0.951032	    0.295341	1.187789e-03	4.018687e-03	
   -0.951032	    0.295341	1.249023e-03	2.863906e-03	
   -0.951032	    0.295341	1.187994e-03	1.428786e-03	
   -0.951032	    0.295341	1.010676e-03	-1.461932e-04	
   -0.951032	    0.295341	7.344256e-04	-1.706862e-03	
   -0.951032	    0.295341	3.862847e-04	-3.100452e-03	
   -0.951032	    0.295341	3.315531e-07	-4.190547e-03	
   -0.951032	    0.295341	-3.856540e-04	-4.870443e-03	
   -0.951032	    0.295341	-7.338891e-04	-5.073586e-03	


   -0.951032	    0.295341	-7.338891e-04	-5.073586e-03	
   -0.951032	    0.295341	-1.010286e-03	-4.780091e-03	
   -0.951032	    0.295341	-1.187789e-03	-4.018687e-03	
   -0.951032	    0.295341	-1.249023e-03	-2.863906e-03	
   -0.951032	    0.295341	-1.187994e-03	-1.428786e-03	
   -0.951032	    0.295341	-1.010676e-03	1.461932e-04	
   -0.951032	    0.295341	-7.344256e-04	1.706862e-03	
   -0.951032	    0.295341	-3.862847e-04	3.100452e-03	
   -0.951032	    0.295341	-3.315531e-07	4.190547e-03	
   -0.951032	    0.295341	3.856540e-04	4.870443e-03	
   -0.951032	    0.295341	7.338891e-04	5.073586e-03	
   -0.951032	    0.295341	1.010286e-03	4.780091e-03	
   -0.951032	    0.295341	1.187789e-03	4.018687e-03	
   -0.951032	    0.295341	1.249023e-03	2.863906e-03	
   -0.951032	    0.295341	1.187994e-03	1.428786e-03	
   -0.951032	    0.295341	1.010676e-03	-1.461932e-04	
   -0.951032	    0.295341	7.344256e-04	-1.706862e-03	
   -0.951032	    0.295341	3.862847e-04	-3.100452e-03	
   -0.951032	    0.295341	3.315531e-07	-4.190547e-03	
   -0.951032	    0.295341	-3.856540e-04	-4.870443e-03	
   -0.951032	    0.295341	-7.338891e-04	-5.073586e-03	


   -1.007617	    0.049083	-1.197584e-04	-5.132422e-03	
   -1.007617	    0.049083	-3.720622e-04	-4.875199e-03	
   -1.007617	    0.049083	-5.879460e-04	-4.140758e-03	
   -1.007617	    0.049083	-7.462776e-04	-3.000991e-03	
   -1.007617	    0.049083	-8.315583e-04	-1.567466e-03	
   -1.007617	    0.049083	-8.354403e-04	1.949391e-05	
   -1.007617	    0.049083	-7.575436e-04	1.604545e-03	
   -1.007617	    0.049083	-6.054932e-04	3.032533e-03	
   -1.007617	    0.049083	-3.941729e-04	4.163675e-03	
   -1.007617	    0.049083	-1.442683e-04	4.887247e-03	
   -1.007617	    0.049083	1.197584e-04	5.132422e-03	
   -1.007617	    0.049083	3.720622e-04	4.875199e-03	
   -1.007617	    0.049083	5.879460e-04	4.140758e-03	
   -1.007617	    0.049083	7.462776e-04	3.000991e-03	
   -1.007617	    0.049083	8.315583e-04	1.567466e-03	
   -1.007617	    0.049083	8.354403e-04	-1.949391e-05	
   -1.007617	    0.049083	7.575436e-04	-1.604545e-03	
   -1.007617	    0.049083	6.054932e-04	-3.032533e-03	
   -1.007617	    0.049083	3.941729e-04	-4.163675e-03	
   -1.007617	    0.049083	1.442683e-04	-4.887247e-03	
   -1.007617	    0.049083	-1.197584e-04	-5.132422e-03	


   -1.007617	    0.049083	-1.197584e-04	-5.132422e-03	
   -1.007617	    0.049083	-3.720622e-04	-4.875199e-03	
   -1.007617	    0.049083	-5.879460e-04	-4.140758e-03	
   -1.007617	    0.049083	-7.462776e-04	-3.000991e-03	
   -1.007617	    0.049083	-8.315583e-04	-1.567466e-03	
   -1.007617	    0.049083	-8.354403e-04	1.949391e-05	
   -1.007617	    0.049083	-7.575436e-04	1.604545e-03	
   -1.007617	    0.049083	-6.054932e-04	3.032533e-03	
   -1.007617	    0.049083	-3.941729e-04	4.163675e-03	
   -1.007617	    0.049083	-1.442683e-04	4.887247e-03	
   -1.007617	    0.049083	1.197584e-04	5.132422e-03	
   -1.007617	    0.049083	3.720622e-04	4.875199e-03	
   -1.007617	    0.049083	5.879460e-04	4.140758e-03	
   -1.007617	    0.049083	7.462776e-04	3.000991e-03	
   -1.007617	    0.049083	8.315583e-04	1.567466e-03	
   -1.007617	    0.049083	8.354403e-04	-1.949391e-05	
   -1.007617	    0.049083	7.575436e-04	-1.604545e-03	
   -1.007617	    0.049083	6.054932e-04	-3.032533e-03	
   -1.007617	    0.049083	3.941729e-04	-4.163675e-03	
   -1.007617	    0.049083	1.442683e-04	-4.887247e-03	
   -1.007617	    0.049083	-1.197584e-04	-5.132422e-03	


   -1.004359	   -0.200189	4.990228e-04	-4.906894e-03	
   -1.004359	   -0.200189	2.646725e-04	-4.688082e-03	
   -1.004359	   -0.200189	4.414110e-06	-4.010369e-03	
   -1.004359	   -0.200189	-2.562763e-04	-2.940093e-03	
   -1.004359	   -0.200189	-4.918806e-04	-1.582020e-03	
   -1.004359	   -0.200189	-6.793362e-04	-6.908735e-05	
   -1.004359	   -0.200189	-8.002937e-04	1.450608e-03	
   -1.004359	   -0.200189	-8.429128e-04	2.828307e-03	
   -1.004359	   -0.200189	-8.030218e-04	3.929152e-03	
   -1.004359	   -0.200189	-6.845253e-04	4.645384e-03	
   -1.004359	   -0.200189	-4.990228e-04	4.906894e-03	
   -1.004359	   -0.200189	-2.646725e-04	4.688082e-03	
   -1.004359	   -0.200189	-4.414110e-06	4.010369e-03	
   -1.004359	   -0.200189	2.562763e-04	2.940093e-03	
   -1.004359	   -0.200189	4.918806e-04	1.582020e-03	
   -1.004359	   -0.200189	6.793362e-04	6.908735e-05	
   -1.004359	   -0.200189	8.002937e-04	-1.450608e-03	
   -1.004359	   -0.200189	8.429128e-04	-2.828307e-03	
   -1.004359	   -0.200189	8.030218e-04	-3.929152e-03	
   -1.004359	   -0.200189	6.845253e-04	-4.645384e-03	
   -1.004359	   -0.200189	4.990228e-04	-4.906894e-03	


   -1.004359	   -0.200189	4.990228e-04	-4.906894e-03	
   -1.004359	   -0.200189	2.646725e-04	-4.688082e-03	
   -1.004359	   -0.200189	4.414110e-06	-4.010369e-03	
   -1.004359	   -0.200189	-2.562763e-04	-2.940093e-03	
   -1.004359	   -0.200189	-4.918806e-04	-1.582020e-03	
   -1.004359	   -0.200189	-6.793362e-04	-6.908735e-05	
   -1.004359	   -0.200189	-8.002937e-04	1.450608e-03	
   -1.004359	   -0.200189	-8.429128e-04	2.828307e-03	
   -1.004359	   -0.200189	-8.030218e-04	3.929152e-03	
   -1.004359	   -0.200189	-6.845253e-04	4.645384e-03	
   -1.004359	   -0.200189	-4.990228e-04	4.906894e-03	
   -1.004359	   -0.200189	-2.646725e-04	4.688082e-03	
   -1.004359	   -0.200189	-4.414110e-06	4.010369e-03	
   -1.004359	   -0.200189	2.562763e-04	2.940093e-03	
   -1.004359	   -0.200189	4.918806e-04	1.582020e-03	
   -1.004359	   -0.200189	6.793362e-04	6.908735e-05	
   -1.004359	   -0.200189	8.002937e-04	-1.450608e-03	
   -1.004359	   -0.200189	8.429128e-04	-2.828307e-03	
   -1.004359	   -0.200189	8.030218e-04	-3.929152e-03	
   -1.004359	   -0.200189	6.845253e-04	-4.645384e-03	
   -1.004359	   -0.200189	4.990228e-04	-4.906894e-03	


   -0.944031	   -0.438181	1.014295e-03	-4.427075e-03	
   -0.944031	   -0.438181	7.938265e-04	-4.249536e-03	
   -0.944031	   -0.438181	4.956529e-04	-3.656024e-03	
   -0.944031	   -0.438181	1.489615e-04	-2.704634e-03	
   -0.944031	   -0.438181	-2.123114e-04	-1.488496e-03	
   -0.944031	   -0.438181	-5.528018e-04	-1.266534e-04	
   -0.944031	   -0.438181	-8.391800e-04	1.247587e-03	
   -0.944031	   -0.438181	-1.043414e-03	2.499705e-03	
   -0.944031	   -0.438181	-1.145510e-03	3.507134e-03	
   -0.944031	   -0.438181	-1.135477e-03	4.171260e-03	
   -0.944031	   -0.438181	-1.014295e-03	4.427075e-03	
   -0.944031	   -0.438181	-7.938265e-04	4.249536e-03	
   -0.944031	   -0.438181	-4.956529e-04	3.656024e-03	
   -0.944031	   -0.438181	-1.489615e-04	2.704634e-03	
   -0.944031	   -0.438181	2.123114e-04	1.488496e-03	
   -0.944031	   -0.438181	5.528018e-04	1.266534e-04	
   -0.944031	   -0.438181	8.391800e-04	-1.247587e-03	
   -0.944031	   -0.438181	1.043414e-03	-2.499705e-03	
   -0.944031	   -0.438181	1.145510e-03	-3.507134e-03	
   -0.944031	   -0.438181	1.135477e-03	-4.171260e-03	
   -0.944031	   -0.438181	1.014295e-03	-4.427075e-03	


   -0.944031	   -0.438181	1.014295e-03	-4.427075e-03	
   -0.944031	   -0.438181	7.938265e-04	-4.249536e-03	
   -0.944031	   -0.438181	4.956529e-04	-3.656024e-03	
   -0.944031	   -0.438181	1.489615e-04	-2.704634e-03	
   -0.944031	   -0.438181	-2.123114e-04	-1.488496e-03	
   -0.944031	   -0.438181	-5.528018e-04	-1.266534e-04	
   -0.944031	   -0.438181	-8.391800e-04	1.247587e-03	
   -0.944031	   -0.438181	-1.043414e-03	2.499705e-03	
   -0.944031	   -0.438181	-1.145510e-03	3.507134e-03	
   -0.944031	   -0.438181	-1.135477e-03	4.171260e-03	
   -0.944031	   -0.438181	-1.014295e-03	4.427075e-03	
   -0.944031	   -0.438181	-7.938265e-04	4.249536e-03	
   -0.944031	   -0.438181	-4.956529e-04	3.656024e-03	
   -0.944031	   -0.438181	-1.489615e-04	2.704634e-03	
   -0.944031	   -0.438181	2.123114e-04	1.488496e-03	
   -0.944031	   -0.438181	5.528018e-04	1.266534e-04	
   -0.944031	   -0.438181	8.391800e-04	-1.247587e-03	
   -0.944031	   -0.438181	1.043414e-03	-2.499705e-03	
   -0.944031	   -0.438181	1.145510e-03	-3.507134e-03	
   -0.944031	   -0.438181	1.135477e-03	-4.171260e-03	
   -0.944031	   -0.438181	1.014295e-03	-4.427075e-03	


   -0.832546	   -0.652511	1.374186e-03	-3.821221e-03	
   -0.832546	   -0.652511	1.164750e-03	-3.685328e-03	
   -0.832546	   -0.652511	8.413003e-04	-3.188688e-03	
   -0.832546	   -0.652511	4.354981e-04	-2.379918e-03	
   -0.832546	   -0.652511	-1.293372e-05	-1.338185e-03	
   -0.832546	   -0.652511	-4.600995e-04	-1.654608e-04	
   -0.832546	   -0.652511	-8.622275e-04	1.023460e-03	
   -0.832546	   -0.652511	-1.179955e-03	2.112197e-03	
   -0.832546	   -0.652511	-1.382180e-03	2.994178e-03	
   -0.832546	   -0.652511	-1.449107e-03	3.583067e-03	
   -0.832546	   -0.652511	-1.374186e-03	3.821221e-03	
   -0.832546	   -0.652511	-1.164750e-03	3.685328e-03	
   -0.832546	   -0.652511	-8.413003e-04	3.188688e-03	
   -0.832546	   -0.652511	-4.354981e-04	2.379918e-03	
   -0.832546	   -0.652511	1.293372e-05	1.338185e-03	
   -0.832546	   -0.652511	4.600995e-04	1.654608e-04	
   -0.832546	   -0.652511	8.622275e-04	-1.023460e-03	
   -0.832546	   -0.652511	1.179955e-03	-2.112197e-03	
   -0.832546	   -0.652511	1.382180e-03	-2.994178e-03	
   -0.832546	   -0.652511	1.449107e-03	-3.583067e-03	
   -0.832546	   -0.652511	1.374186e-03	-3.821221e-03	


   -0.832546	   -0.652511	1.374186e-03	-3.821221e-03	
   -0.832546	   -0.652511	1.164750e-03	-3.685328e-03	
   -0.832546	   -0.652511	8.413003e-04	-3.188688e-03	
   -0.832546	   -0.652511	4.354981e-04	-2.379918e-03	
   -0.832546	   -0.652511	-1.293372e-05	-1.338185e-03	
   -0.832546	   -0.652511	-4.600995e-04	-1.654608e-04	
   -0.832546	   -0.652511	-8.622275e-04	1.023460e-03	
   -0.832546	   -0.652511	-1.179955e-03	2.112197e-03	
   -0.832546	   -0.652511	-1.382180e-03	2.994178e-03	
   -0.832546	   -0.652511	-1.449107e-03	3.583067e-03	
   -0.832546	   -0.652511	-1.374186e-03	3.821221e-03	
   -0.832546	   -0.652511	-1.164750e-03	3.685328e-03	
   -0.832546	   -0.652511	-8.413003e-04	3.188688e-03	
   -0.832546	   -0.652511	-4.354981e-04	2.379918e-03	
   -0.832546	   -0.652511	1.293372e-05	1.338185e-03	
   -0.832546	   -0.652511	4.600995e-04	1.654608e-04	
   -0.832546	   -0.652511	8.622275e-04	-1.023460e-03	
   -0.832546	   -0.652511	1.179955e-03	-2.112197e-03	
   -0.832546	   -0.652511	1.382180e-03	-2.994178e-03	
   -0.832546	   -0.652511	1.449107e-03	-3.583067e-03	
   -0.832546	   -0.652511	1.374186e-03	-3.821221e-03	


   -0.678051	   -0.833212	1.527743e-03	-3.162982e-03	
   -0.678051	   -0.833212	1.329526e-03	-3.067799e-03	
   -0.678051	   -0.833212	1.001166e-03	-2.672318e-03	
   -0.678051	   -0.833212	5.748043e-04	-2.015253e-03	
   -0.678051	   -0.833212	9.217725e-05	-1.160920e-03	
   -0.678051	   -0.833212	-3.994728e-04	-1.929482e-04	
   -0.678051	   -0.833212	-8.520196e-04	7.939106e-04	
   -0.678051	   -0.833212	-1.221165e-03	1.703056e-03	
   -0.678051	   -0.833212	-1.470774e-03	2.445494e-03	
   -0.678051	   -0.833212	-1.576413e-03	2.948550e-03	
   -0.678051	   -0.833212	-1.527743e-03	3.162982e-03	
   -0.678051	   -0.833212	-1.329526e-03	3.067799e-03	
   -0.678051	   -0.833212	-1.001166e-03	2.672318e-03	
   -0.678051	   -0.833212	-5.748043e-04	2.015253e-03	
   -0.678051	   -0.833212	-9.217725e-05	1.160920e-03	
   -0.678051	   -0.833212	3.994728e-04	1.929482e-04	
   -0.678051	   -0.833212	8.520196e-04	-7.939106e-04	
   -0.678051	   -0.833212	1.221165e-03	-1.703056e-03	
   -0.678051	   -0.833212	1.470774e-03	-2.445494e-03	
   -0.678051	   -0.833212	1.576413e-03	-2.948550e-03	
   -0.678051	   -0.833212	1.527743e-03	-3.162982e-03	


   -0.678051	   -0.833212	1.527743e-03	-3.162982e-03	
   -0.678051	   -0.833212	1.329526e-03	-3.067799e-03	
   -0.678051	   -0.833212	1.001166e-03	-2.672318e-03	
   -0.678051	   -0.833212	5.748043e-04	-2.015253e-03	
   -0.678051	   -0.833212	9.217725e-05	-1.160920e-03	
   -0.678051	   -0.833212	-3.994728e-04	-1.929482e-04	
   -0.678051	   -0.833212	-8.520196e-04	7.939106e-04	
   -0.678051	   -0.833212	-1.221165e-03	1.703056e-03	
   -0.678051	   -0.833212	-1.470774e-03	2.445494e-03	
   -0.678051	   -0.833212	-1.576413e-03	2.948550e-03	
   -0.678051	   -0.833212	-1.527743e-03	3.162982e-03	
   -0.678051	   -0.833212	-1.329526e-03	3.067799e-03	
   -0.678051	   -0.833212	-1.001166e-03	2.672318e-03	
   -0.678051	   -0.833212	-5.748043e-04	2.015253e-03	
   -0.678051	   -0.833212	-9.217725e-05	1.160920e-03	
   -0.678051	   -0.833212	3.994728e-04	1.929482e-04	
   -0.678051	   -0.833212	8.520196e-04	-7.939106e-04	
   -0.678051	   -0.833212	1.221165e-03	-1.703056e-03	
   -0.678051	   -0.833212	1.470774e-03	-2.445494e-03	
   -0.678051	   -0.833212	1.576413e-03	-2.948550e-03	
   -0.678051	   -0.833212	1.527743e-03	-3.162982e-03	


   -0.490076	   -0.972874	1.492553e-03	-2.538690e-03	
   -0.490076	   -0.972874	1.305970e-03	-2.481185e-03	
   -0.490076	   -0.972874	9.915507e-04	-2.180805e-03	
   -0.490076	   -0.972874	5.800712e-04	-1.666952e-03	
   -0.490076	   -0.972874	1.118102e-04	-9.899266e-04	
   -0.490076	   -0.972874	-3.673955e-04	-2.160001e-04	
   -0.490076	   -0.972874	-8.106380e-04	5.790701e-04	
   -0.490076	   -0.972874	-1.174530e-03	1.317457e-03	
   -0.490076	   -0.972874	-1.423450e-03	1.926882e-03	
   -0.490076	   -0.972874	-1.533033e-03	2.347690e-03	
   -0.490076	   -0.972874	-1.492553e-03	2.538690e-03	
   -0.490076	   -0.972874	-1.305970e-03	2.481185e-03	
   -0.490076	   -0.972874	-9.915507e-04	2.180805e-03	
   -0.490076	   -0.972874	-5.800712e-04	1.666952e-03	
   -0.490076	   -0.972874	-1.118102e-04	9.899266e-04	
   -0.490076	   -0.972874	3.673955e-04	2.160001e-04	
   -0.490076	   -0.972874	8.106380e-04	-5.790701e-04	
   -0.490076	   -0.972874	1.174530e-03	-1.317457e-03	
   -0.490076	   -0.972874	1.423450e-03	-1.926882e-03	
   -0.490076	   -0.972874	1.533033e-03	-2.347690e-03	
   -0.490076	   -0.972874	1.492553e-03	-2.538690e-03	


   -0.490076	   -0.972874	1.492553e-03	-2.538690e-03	
   -0.490076	   -0.972874	1.305970e-03	-2.481185e-03	
   -0.490076	   -0.972874	9.915507e-04	-2.180805e-03	
   -0.490076	   -0.972874	5.800712e-04	-1.666952e-03	
   -0.490076	   -0.972874	1.118102e-04	-9.899266e-04	
   -0.490076	   -0.972874	-3.673955e-04	-2.160001e-04	
   -0.490076	   -0.972874	-8.106380e-04	5.790701e-04	
   -0.490076	   -0.972874	-1.174530e-03	1.317457e-03	
   -0.490076	   -0.972874	-1.423450e-03	1.926882e-03	
   -0.490076	   -0.972874	-1.533033e-03	2.347690e-03	
   -0.490076	   -0.972874	-1.492553e-03	2.538690e-03	
   -0.490076	   -0.972874	-1.305970e-03	2.481185e-03	
   -0.490076	   -0.972874	-9.915507e-04	2.180805e-03	
   -0.490076	   -0.972874	-5.800712e-04	1.666952e-03	
   -0.490076	   -0.972874	-1.118102e-04	9.899266e-04	
   -0.490076	   -0.972874	3.673955e-04	2.160001e-04	
   -0.490076	   -0.972874	8.106380e-04	-5.790701e-04	
   -0.490076	   -0.972874	1.174530e-03	-1.317457e-03	
   -0.490076	   -0.972874	1.423450e-03	-1.926882e-03	
   -0.490076	   -0.972874	1.533033e-03	-2.347690e-03	
   -0.490076	   -0.972874	1.492553e-03	-2.538690e-03	


   -0.278866	   -1.066549	1.326029e-03	-1.995852e-03	
   -0.278866	   -1.066549	1.149461e-03	-1.972359e-03	
   -0.278866	   -1.066549	8.603759e-04	-1.755798e-03	
   -0.278866	   -1.066549	4.870714e-04	-1.367367e-03	
   -0.278866	   -1.066549	6.608889e-05	-8.450882e-04	
   -0.278866	   -1.066549	-3.613628e-04	-2.400867e-04	
   -0.278866	   -1.066549	-7.534419e-04	3.884163e-04	
   -0.278866	   -1.066549	-1.071769e-03	9.788983e-04	
   -0.278866	   -1.066549	-1.285183e-03	1.473559e-03	
   -0.278866	   -1.066549	-1.372795e-03	1.823977e-03	
   -0.278866	   -1.066549	-1.326029e-03	1.995852e-03	
   -0.278866	   -1.066549	-1.149461e-03	1.972359e-03	
   -0.278866	   -1.066549	-8.603759e-04	1.755798e-03	
   -0.278866	   -1.066549	-4.870714e-04	1.367367e-03	
   -0.278866	   -1.066549	-6.608889e-05	8.450882e-04	
   -0.278866	   -1.066549	3.613628e-04	2.400867e-04	
   -0.278866	   -1.066549	7.534419e-04	-3.884163e-04	
   -0.278866	   -1.066549	1.071769e-03	-9.788983e-04	
   -0.278866	   -1.066549	1.285183e-03	-1.473559e-03	
   -0.278866	   -1.066549	1.372795e-03	-1.823977e-03	
   -0.278866	   -1.066549	1.326029e-03	-1.995852e-03	


   -0.278866	   -1.066549	1.326029e-03	-1.995852e-03	
   -0.278866	   -1.066549	1.149461e-03	-1.972359e-03	
   -0.278866	   -1.066549	8.603759e-04	-1.755798e-03	
   -0.278866	   -1.066549	4.870714e-04	-1.367367e-03	
   -0.278866	   -1.066549	6.608889e-05	-8.450882e-04	
   -0.278866	   -1.066549	-3.613628e-04	-2.400867e-04	
   -0.278866	   -1.066549	-7.534419e-04	3.884163e-04	
   -0.278866	   -1.066549	-1.071769e-03	9.788983e-04	
   -0.278866	   -1.066549	-1.285183e-03	1.473559e-03	
   -0.278866	   -1.066549	-1.372795e-03	1.823977e-03	
   -0.278866	   -1.066549	-1.326029e-03	1.995852e-03	
   -0.278866	   -1.066549	-1.149461e-03	1.972359e-03	
   -0.278866	   -1.066549	-8.603759e-04	1.755798e-03	
   -0.278866	   -1.066549	-4.870714e-04	1.367367e-03	
   -0.278866	   -1.066549	-6.608889e-05	8.450882e-04	
   -0.278866	   -1.066549	3.613628e-04	2.400867e-04	
   -0.278866	   -1.066549	7.534419e-04	-3.884163e-04	
   -0.278866	   -1.066549	1.071769e-03	-9.788983e-04	
   -0.278866	   -1.066549	1.285183e-03	-1.473559e-03	
   -0.278866	   -1.066549	1.372795e-03	-1.823977e-03	
   -0.278866	   -1.066549	1.326029e-03	-1.995852e-03	


   -0.054879	   -1.111551	1.062460e-03	-1.580154e-03	
   -0.054879	   -1.111551	8.946744e-04	-1.580667e-03	
   -0.054879	   -1.111551	6.393122e-04	-1.426453e-03	
   -0.054879	   -1.111551	3.213696e-04	-1.132608e-03	
   -0.054879	   -1.111551	-2.803092e-05	-7.278955e-04	
   -0.054879	   -1.111551	-3.746875e-04	-2.519313e-04	
   -0.054879	   -1.111551	-6.846671e-04	2.486937e-04	
   -0.054879	   -1.111551	-9.276267e-04	7.249748e-04	
   -0.054879	   -1.111551	-1.079784e-03	1.130290e-03	
   -0.054879	   -1.111551	-1.126244e-03	1.424965e-03	
   -0.054879	   -1.111551	-1.062460e-03	1.580154e-03	
   -0.054879	   -1.111551	-8.946744e-04	1.580667e-03	
   -0.054879	   -1.111551	-6.393122e-04	1.426453e-03	
   -0.054879	   -1.111551	-3.213696e-04	1.132608e-03	
   -0.054879	   -1.111551	2.803092e-05	7.278955e-04	
   -0.054879	   -1.111551	3.746875e-04	2.519313e-04	
   -0.054879	   -1.111551	6.846671e-04	-2.486937e-04	
   -0.054879	   -1.111551	9.276267e-04	-7.249748e-04	
   -0.054879	   -1.111551	1.079784e-03	-1.130290e-03	
   -0.054879	   -1.111551	1.126244e-03	-1.424965e-03	
   -0.054879	   -1.111551	1.062460e-03	-1.580154e-03	


   -0.054879	   -1.111551	1.062460e-03	-1.580154e-03	
   -0.054879	   -1.111551	8.946744e-04	-1.580667e-03	
   -0.054879	   -1.111551	6.393122e-04	-1.426453e-03	
   -0.054879	   -1.111551	3.213696e-04	-1.132608e-03	
   -0.054879	   -1.111551	-2.803092e-05	-7.278955e-04	
   -0.054879	   -1.111551	-3.746875e-04	-2.519313e-04	
   -0.054879	   -1.111551	-6.846671e-04	2.486937e-04	
   -0.054879	   -1.111551	-9.276267e-04	7.249748e-04	
   -0.054879	   -1.111551	-1.079784e-03	1.130290e-03	
   -0.054879	   -1.111551	-1.126244e-03	1.424965e-03	
   -0.054879	   -1.111551	-1.062460e-03	1.580154e-03	
   -0.054879	   -1.111551	-8.946744e-04	1.580667e-03	
   -0.054879	   -1.111551	-6.393122e-04	1.426453e-03	
   -0.054879	   -1.111551	-3.213696e-04	1.132608e-03	
   -0.054879	   -1.111551	2.803092e-05	7.278955e-04	
   -0.054879	   -1.111551	3.746875e-04	2.519313e-04	
   -0.054879	   -1.111551	6.846671e-04	-2.486937e-04	
   -0.054879	   -1.111551	9.276267e-04	-7.249748e-04	
   -0.054879	   -1.111551	1.079784e-03	-1.130290e-03	
   -0.054879	   -1.111551	1.126244e-03	-1.424965e-03	
   -0.054879	   -1.111551	1.062460e-03	-1.580154e-03	


    0.171573	   -1.107232	7.417259e-04	-1.296550e-03	
    0.171573	   -1.107232	5.798683e-04	-1.304920e-03	
    0.171573	   -1.107232	3.612493e-04	-1.185554e-03	
    0.171573	   -1.107232	1.072686e-04	-9.501386e-04	
    0.171573	   -1.107232	-1.572123e-04	-6.217168e-04	
    0.171573	   -1.107232	-4.063041e-04	-2.324370e-04	
    0.171573	   -1.107232	-6.156241e-04	1.795953e-04	
    0.171573	   -1.107232	-7.646825e-04	5.740476e-04	
    0.171573	   -1.107232	-8.388884e-04	9.123081e-04	
    0.171573	   -1.107232	-8.309781e-04	1.161266e-03	
    0.171573	   -1.107232	-7.417259e-04	1.296550e-03	
    0.171573	   -1.107232	-5.798683e-04	1.304920e-03	
    0.171573	   -1.107232	-3.612493e-04	1.185554e-03	
    0.171573	   -1.107232	-1.072686e-04	9.501386e-04	
    0.171573	   -1.107232	1.572123e-04	6.217168e-04	
    0.171573	   -1.107232	4.063041e-04	2.324370e-04	
    0.171573	   -1.107232	6.156241e-04	-1.795953e-04	
    0.171573	   -1.107232	7.646825e-04	-5.740476e-04	
    0.171573	   -1.107232	8.388884e-04	-9.123081e-04	
    0.171573	   -1.107232	8.309781e-04	-1.161266e-03	
    0.171573	   -1.107232	7.417259e-04	-1.296550e-03	


    0.171573	   -1.107232	7.417259e-04	-1.296550e-03	
    0.171573	   -1.107232	5.798683e-04	-1.304920e-03	
    0.171573	   -1.107232	3.612493e-04	-1.185554e-03	
    0.171573	   -1.107232	1.072686e-04	-9.501386e-04	
    0.171573	   -1.107232	-1.572123e-04	-6.217168e-04	
    0.171573	   -1.107232	-4.063041e-04	-2.324370e-04	
    0.171573	   -1.107232	-6.156241e-04	1.795953e-04	
    0.171573	   -1.107232	-7.646825e-04	5.740476e-04	
    0.171573	   -1.107232	-8.388884e-04	9.123081e-04	
    0.171573	   -1.107232	-8.309781e-04	1.161266e-03	
    0.171573	   -1.107232	-7.417259e-04	1.296550e-03	
    0.171573	   -1.107232	-5.798683e-04	1.304920e-03	
    0.171573	   -1.107232	-3.612493e-04	1.185554e-03	
    0.171573	   -1.107232	-1.072686e-04	9.501386e-04	
    0.171573	   -1.107232	1.572123e-04	6.217168e-04	
    0.171573	   -1.107232	4.063041e-04	2.324370e-04	
    0.171573	   -1.107232	6.156241e-04	-1.795953e-04	
    0.171573	   -1.107232	7.646825e-04	-5.740476e-04	
    0.171573	   -1.107232	8.388884e-04	-9.123081e-04	
    0.171573	   -1.107232	8.309781e-04	-1.161266e-03	
    0.171573	   -1.107232	7.417259e-04	-1.296550e-03	


    0.390569	   -1.054764	4.127333e-04	-1.141313e-03	
    0.390569	   -1.054764	2.591719e-04	-1.133681e-03	
    0.390569	   -1.054764	8.024101e-05	-1.015076e-03	
    0.390569	   -1.054764	-1.065445e-04	-7.971077e-04	
    0.390569	   -1.054764	-2.829006e-04	-5.011135e-04	
    0.390569	   -1.054764	-4.315645e-04	-1.560668e-04	
    0.390569	   -1.054764	-5.379839e-04	2.042569e-04	
    0.390569	   -1.054764	-5.917416e-04	5.445864e-04	
    0.390569	   -1.054764	-5.875755e-04	8.316080e-04	
    0.390569	   -1.054764	-5.258935e-04	1.037226e-03	
    0.390569	   -1.054764	-4.127333e-04	1.141313e-03	
    0.390569	   -1.054764	-2.591719e-04	1.133681e-03	
    0.390569	   -1.054764	-8.024101e-05	1.015076e-03	
    0.390569	   -1.054764	1.065445e-04	7.971077e-04	
    0.390569	   -1.054764	2.829006e-04	5.011135e-04	
    0.390569	   -1.054764	4.315645e-04	1.560668e-04	
    0.390569	   -1.054764	5.379839e-04	-2.042569e-04	
    0.390569	   -1.054764	5.917416e-04	-5.445864e-04	
    0.390569	   -1.054764	5.875755e-04	-8.316080e-04	
    0.390569	   -1.054764	5.258935e-04	-1.037226e-03	
    0.390569	   -1.054764	4.127333e-04	-1.141313e-03	


    0.390569	   -1.054764	4.127333e-04	-1.141313e-03	
    0.390569	   -1.054764	2.591719e-04	-1.133681e-03	
    0.390569	   -1.054764	8.024101e-05	-1.015076e-03	
    0.390569	   -1.054764	-1.065445e-04	-7.971077e-04	
    0.390569	   -1.054764	-2.829006e-04	-5.011135e-04	
    0.390569	   -1.054764	-4.315645e-04	-1.560668e-04	
    0.390569	   -1.054764	-5.379839e-04	2.042569e-04	
    0.390569	   -1.054764	-5.917416e-04	5.445864e-04	
    0.390569	   -1.054764	-5.875755e-04	8.316080e-04	
    0.390569	   -1.054764	-5.258935e-04	1.037226e-03	
    0.390569	   -1.054764	-4.127333e-04	1.141313e-03	
    0.390569	   -1.054764	-2.591719e-04	1.133681e-03	
    0.390569	   -1.054764	-8.024101e-05	1.015076e-03	
    0.390569	   -1.054764	1.065445e-04	7.971077e-04	
    0.390569	   -1.054764	2.829006e-04	5.011135e-04	
    0.390569	   -1.054764	4.315645e-04	1.560668e-04	
    0.390569	   -1.054764	5.379839e-04	-2.042569e-04	
    0.390569	   -1.054764	5.917416e-04	-5.445864e-04	
    0.390569	   -1.054764	5.875755e-04	-8.316080e-04	
    0.390569	   -1.054764	5.258935e-04	-1.037226e-03	
    0.390569	   -1.054764	4.127333e-04	-1.141313e-03	


    0.592739	   -0.956971	1.299795e-04	-1.072807e-03	
    0.592739	   -0.956971	-1.230162e-06	-1.035426e-03	
    0.592739	   -0.956971	-1.323194e-04	-8.966909e-04	
    0.592739	   -0.956971	-2.504564e-04	-6.701813e-04	
    0.592739	   -0.956971	-3.440769e-04	-3.780697e-04	
    0.592739	   -0.956971	-4.040167e-04	-4.895002e-05	
    0.592739	   -0.956971	-4.244086e-04	2.849613e-04	
    0.592739	   -0.956971	-4.032565e-04	5.909786e-04	
    0.592739	   -0.956971	-3.426307e-04	8.391467e-04	
    0.592739	   -0.956971	-2.484659e-04	1.005173e-03	
    0.592739	   -0.956971	-1.299795e-04	1.072807e-03	
    0.592739	   -0.956971	1.230162e-06	1.035426e-03	
    0.592739	   -0.956971	1.323194e-04	8.966909e-04	
    0.592739	   -0.956971	2.504564e-04	6.701813e-04	
    0.592739	   -0.956971	3.440769e-04	3.780697e-04	
    0.592739	   -0.956971	4.040167e-04	4.895002e-05	
    0.592739	   -0.956971	4.244086e-04	-2.849613e-04	
    0.592739	   -0.956971	4.032565e-04	-5.909786e-04	
    0.592739	   -0.956971	3.426307e-04	-8.391467e-04	
    0.592739	   -0.956971	2.484659e-04	-1.005173e-03	
    0.592739	   -0.956971	1.299795e-04	-1.072807e-03	


    0.592739	   -0.956971	1.299795e-04	-1.072807e-03	
    0.592739	   -0.956971	-1.230162e-06	-1.035426e-03	
    0.592739	   -0.956971	-1.323194e-04	-8.966909e-04	
    0.592739	   -0.956971	-2.504564e-04	-6.701813e-04	
    0.592739	   -0.956971	-3.440769e-04	-3.780697e-04	
    0.592739	   -0.956971	-4.040167e-04	-4.895002e-05	
    0.592739	   -0.956971	-4.244086e-04	2.849613e-04	
    0.592739	   -0.956971	-4.032565e-04	5.909786e-04	
    0.592739	   -0.956971	-3.426307e-04	8.391467e-04	
    0.592739	   -0.956971	-2.484659e-04	1.005173e-03	
    0.592739	   -0.956971	-1.299795e-04	1.072807e-03	
    0.592739	   -0.956971	1.230162e-06	1.035426e-03	
    0.592739	   -0.956971	1.323194e-04	8.966909e-04	
    0.592739	   -0.956971	2.504564e-04	6.701813e-04	
    0.592739	   -0.956971	3.440769e-04	3.780697e-04	
    0.592739	   -0.956971	4.040167e-04	4.895002e-05	
    0.592739	   -0.956971	4.244086e-04	-2.849613e-04	
    0.592739	   -0.956971	4.032565e-04	-5.909786e-04	
    0.592739	   -0.956971	3.426307e-04	-8.391467e-04	
    0.592739	   -0.956971	2.484659e-04	-1.005173e-03	
    0.592739	   -0.956971	1.299795e-04	-1.072807e-03	


    0.769405	   -0.818203	-4.929179e-05	-1.047105e-03	
    0.769405	   -0.818203	-1.489553e-04	-9.910504e-04	
    0.769405	   -0.818203	-2.340380e-04	-8.379854e-04	
    0.769405	   -0.818203	-2.962115e-04	-6.028925e-04	
    0.769405	   -0.818203	-3.293897e-04	-3.087843e-04	
    0.769405	   -0.818203	-3.303249e-04	1.554984e-05	
    0.769405	   -0.818203	-2.989257e-04	3.383619e-04	
    0.769405	   -0.818203	-2.382655e-04	6.280527e-04	
    0.769405	   -0.818203	-1.542822e-04	8.562653e-04	
    0.769405	   -0.818203	-5.519674e-05	1.000661e-03	
    0.769405	   -0.818203	4.929179e-05	1.047105e-03	
    0.769405	   -0.818203	1.489553e-04	9.910504e-04	
    0.769405	   -0.818203	2.340380e-04	8.379854e-04	
    0.769405	   -0.818203	2.962115e-04	6.028925e-04	
    0.769405	   -0.818203	3.293897e-04	3.087843e-04	
    0.769405	   -0.818203	3.303249e-04	-1.554984e-05	
    0.769405	   -0.818203	2.989257e-04	-3.383619e-04	
    0.769405	   -0.818203	2.382655e-04	-6.280527e-04	
    0.769405	   -0.818203	1.542822e-04	-8.562653e-04	
    0.769405	   -0.818203	5.519674e-05	-1.000661e-03	
    0.769405	   -0.818203	-4.929179e-05	-1.047105e-03	


    0.769405	   -0.818203	-4.929179e-05	-1.047105e-03	
    0.769405	   -0.818203	-1.489553e-04	-9.910504e-04	
    0.769405	   -0.818203	-2.340380e-04	-8.379854e-04	
    0.769405	   -0.818203	-2.962115e-04	-6.028925e-04	
    0.769405	   -0.818203	-3.293897e-04	-3.087843e-04	
    0.769405	   -0.818203	-3.303249e-04	1.554984e-05	
    0.769405	   -0.818203	-2.989257e-04	3.383619e-04	
    0.769405	   -0.818203	-2.382655e-04	6.280527e-04	
    0.769405	   -0.818203	-1.542822e-04	8.562653e-04	
    0.769405	   -0.818203	-5.519674e-05	1.000661e-03	
    0.769405	   -0.818203	4.929179e-05	1.047105e-03	
    0.769405	   -0.818203	1.489553e-04	9.910504e-04	
    0.769405	   -0.818203	2.340380e-04	8.379854e-04	
    0.769405	   -0.818203	2.962115e-04	6.028925e-04	
    0.769405	   -0.818203	3.293897e-04	3.087843e-04	
    0.769405	   -0.818203	3.303249e-04	-1.554984e-05	
    0.769405	   -0.818203	2.989257e-04	-3.383619e-04	
    0.769405	   -0.818203	2.382655e-04	-6.280527e-04	
    0.769405	   -0.818203	1.542822e-04	-8.562653e-04	
    0.769405	   -0.818203	5.519674e-05	-1.000661e-03	
    0.769405	   -0.818203	-4.929179e-05	-1.047105e-03	


    0.912543	   -0.644425	-1.250720e-04	-1.031209e-03	
    0.912543	   -0.644425	-2.011824e-04	-9.707645e-04	
    0.912543	   -0.644425	-2.575996e-04	-8.152947e-04	
    0.912543	   -0.644425	-2.888012e-04	-5.800182e-04	
    0.912543	   -0.644425	-2.917329e-04	-2.879654e-04	
    0.912543	   -0.644425	-2.661078e-04	3.227536e-05	
    0.912543	   -0.644425	-2.144341e-04	3.493568e-04	
    0.912543	   -0.644425	-1.417702e-04	6.322408e-04	
    0.912543	   -0.644425	-5.522882e-05	8.532366e-04	
    0.912543	   -0.644425	3.671876e-05	9.907117e-04	
    0.912543	   -0.644425	1.250720e-04	1.031209e-03	
    0.912543	   -0.644425	2.011824e-04	9.707645e-04	
    0.912543	   -0.644425	2.575996e-04	8.152947e-04	
    0.912543	   -0.644425	2.888012e-04	5.800182e-04	
    0.912543	   -0.644425	2.917329e-04	2.879654e-04	
    0.912543	   -0.644425	2.661078e-04	-3.227536e-05	
    0.912543	   -0.644425	2.144341e-04	-3.493568e-04	
    0.912543	   -0.644425	1.417702e-04	-6.322408e-04	
    0.912543	   -0.644425	5.522882e-05	-8.532366e-04	
    0.912543	   -0.644425	-3.671876e-05	-9.907117e-04	
    0.912543	   -0.644425	-1.250720e-04	-1.031209e-03	


    0.912543	   -0.644425	-1.250720e-04	-1.031209e-03	
    0.912543	   -0.644425	-2.011824e-04	-9.707645e-04	
    0.912543	   -0.644425	-2.575996e-04	-8.152947e-04	
    0.912543	   -0.644425	-2.888012e-04	-5.800182e-04	
    0.912543	   -0.644425	-2.917329e-04	-2.879654e-04	
    0.912543	   -0.644425	-2.661078e-04	3.227536e-05	
    0.912543	   -0.644425	-2.144341e-04	3.493568e-04	
    0.912543	   -0.644425	-1.417702e-04	6.322408e-04	
    0.912543	   -0.644425	-5.522882e-05	8.532366e-04	
    0.912543	   -0.644425	3.671876e-05	9.907117e-04	
    0.912543	   -0.644425	1.250720e-04	1.031209e-03	
    0.912543	   -0.644425	2.011824e-04	9.707645e-04	
    0.912543	   -0.644425	2.575996e-04	8.152947e-04	
    0.912543	   -0.644425	2.888012e-04	5.800182e-04	
    0.912543	   -0.644425	2.917329e-04	2.879654e-04	
    0.912543	   -0.644425	2.661078e-04	-3.227536e-05	
    0.912543	   -0.644425	2.144341e-04	-3.493568e-04	
    0.912543	   -0.644425	1.417702e-04	-6.322408e-04	
    0.912543	   -0.644425	5.522882e-05	-8.532366e-04	
    0.912543	   -0.644425	-3.671876e-05	-9.907117e-04	
    0.912543	   -0.644425	-1.250720e-04	-1.031209e-03	


    1.015193	   -0.443075	-1.308915e-04	-1.006087e-03	
    1.015193	   -0.443075	-1.958447e-04	-9.475615e-04	
    1.015193	   -0.443075	-2.416273e-04	-7.962824e-04	
    1.015193	   -0.443075	-2.637576e-04	-5.670575e-04	
    1.015193	   -0.443075	-2.600696e-04	-2.823252e-04	
    1.015193	   -0.443075	-2.309241e-04	3.004315e-05	
    1.015193	   -0.443075	-1.791742e-04	3.394706e-04	
    1.015193	   -0.443075	-1.098854e-04	6.156684e-04	
    1.015193	   -0.443075	-2.984032e-05	8.316002e-04	
    1.015193	   -0.443075	5.312576e-05	9.661292e-04	
    1.015193	   -0.443075	1.308915e-04	1.006087e-03	
    1.015193	   -0.443075	1.958447e-04	9.475615e-04	
    1.015193	   -0.443075	2.416273e-04	7.962824e-04	
    1.015193	   -0.443075	2.637576e-04	5.670575e-04	
    1.015193	   -0.443075	2.600696e-04	2.823252e-04	
    1.015193	   -0.443075	2.309241e-04	-3.004315e-05	
    1.015193	   -0.443075	1.791742e-04	-3.394706e-04	
    1.015193	   -0.443075	1.098854e-04	-6.156684e-04	
    1.015193	   -0.443075	2.984032e-05	-8.316002e-04	
    1.015193	   -0.443075	-5.312576e-05	-9.661292e-04	
    1.015193	   -0.443075	-1.308915e-04	-1.006087e-03	


    1.015193	   -0.443075	-1.308915e-04	-1.006087e-03	
    1.015193	   -0.443075	-1.958447e-04	-9.475615e-04	
    1.015193	   -0.443075	-2.416273e-04	-7.962824e-04	
    1.015193	   -0.443075	-2.637576e-04	-5.670575e-04	
    1.015193	   -0.443075	-2.600696e-04	-2.823252e-04	
    1.015193	   -0.443075	-2.309241e-04	3.004315e-05	
    1.015193	   -0.443075	-1.791742e-04	3.394706e-04	
    1.015193	   -0.443075	-1.098854e-04	6.156684e-04	
    1.015193	   -0.443075	-2.984032e-05	8.316002e-04	
    1.015193	   -0.443075	5.312576e-05	9.661292e-04	
    1.015193	   -0.443075	1.308915e-04	1.006087e-03	
    1.015193	   -0.443075	1.958447e-04	9.475615e-04	
    1.015193	   -0.443075	2.416273e-04	7.962824e-04	
    1.015193	   -0.443075	2.637576e-04	5.670575e-04	
    1.015193	   -0.443075	2.600696e-04	2.823252e-04	
    1.015193	   -0.443075	2.309241e-04	-3.004315e-05	
    1.015193	   -0.443075	1.791742e-04	-3.394706e-04	
    1.015193	   -0.443075	1.098854e-04	-6.156684e-04	
    1.015193	   -0.443075	2.984032e-05	-8.316002e-04	
    1.015193	   -0.443075	-5.312576e-05	-9.661292e-04	
    1.015193	   -0.443075	-1.308915e-04	-1.006087e-03	


    1.071868	   -0.222539	-8.519727e-05	-9.538765e-04	
    1.071868	   -0.222539	-1.478997e-04	-9.012176e-04	
    1.071868	   -0.222539	-1.961247e-04	-7.603413e-04	
    1.071868	   -0.222539	-2.251516e-04	-5.450375e-04	
    1.071868	   -0.222539	-2.321391e-04	-2.763816e-04	
    1.071868	   -0.222539	-2.164033e-04	1.932846e-05	
    1.071868	   -0.222539	-1.794843e-04	3.131465e-04	
    1.071868	   -0.222539	-1.249962e-04	5.763116e-04	
    1.071868	   -0.222539	-5.827261e-05	7.830633e-04	
    1.071868	   -0.222539	1.415513e-05	9.131633e-04	
    1.071868	   -0.222539	8.519727e-05	9.538765e-04	
    1.071868	   -0.222539	1.478997e-04	9.012176e-04	
    1.071868	   -0.222539	1.961247e-04	7.603413e-04	
    1.071868	   -0.222539	2.251516e-04	5.450375e-04	
    1.071868	   -0.222539	2.321391e-04	2.763816e-04	
    1.071868	   -0.222539	2.164033e-04	-1.932846e-05	
    1.071868	   -0.222539	1.794843e-04	-3.131465e-04	
    1.071868	   -0.222539	1.249962e-04	-5.763116e-04	
    1.071868	   -0.222539	5.827261e-05	-7.830633e-04	
    1.071868	   -0.222539	-1.415513e-05	-9.131633e-04	
    1.071868	   -0.222539	-8.519727e-05	-9.538765e-04	


    1.071868	   -0.222539	-8.519727e-05	-9.538765e-04	
    1.071868	   -0.222539	-1.478997e-04	-9.012176e-04	
    1.071868	   -0.222539	-1.961247e-04	-7.603413e-04	
    1.071868	   -0.222539	-2.251516e-04	-5.450375e-04	
    1.071868	   -0.222539	-2.321391e-04	-2.763816e-04	
    1.071868	   -0.222539	-2.164033e-04	1.932846e-05	
    1.071868	   -0.222539	-1.794843e-04	3.131465e-04	
    1.071868	   -0.222539	-1.249962e-04	5.763116e-04	
    1.071868	   -0.222539	-5.827261e-05	7.830633e-04	
    1.071868	   -0.222539	1.415513e-05	9.131633e-04	
    1.071868	   -0.222539	8.519727e-05	9.538765e-04	
    1.071868	   -0.222539	1.478997e-04	9.012176e-04	
    1.071868	   -0.222539	1.961247e-04	7.603413e-04	
    1.071868	   -0.222539	2.251516e-04	5.450375e-04	
    1.071868	   -0.222539	2.321391e-04	2.763816e-04	
    1.071868	   -0.222539	2.164033e-04	-1.932846e-05	
    1.071868	   -0.222539	1.794843e-04	-3.131465e-04	
    1.071868	   -0.222539	1.249962e-04	-5.763116e-04	
    1.071868	   -0.222539	5.827261e-05	-7.830633e-04	
    1.071868	   -0.222539	-1.415513e-05	-9.131633e-04	
    1.071868	   -0.222539	-8.519727e-05	-9.538765e-04	


    1.078454	    0.007535	-1.511674e-05	-8.735523e-04	
    1.078454	    0.007535	-8.083843e-05	-8.296475e-04	
    1.078454	    0.007535	-1.386471e-04	-7.045310e-04	
    1.078454	    0.007535	-1.828840e-04	-5.104501e-04	
    1.078454	    0.007535	-2.092190e-04	-2.664028e-04	
    1.078454	    0.007535	-2.150741e-04	3.721837e-06	
    1.078454	    0.007535	-1.998763e-04	2.734822e-04	
    1.078454	    0.007535	-1.651132e-04	5.164722e-04	
    1.078454	    0.007535	-1.141877e-04	7.089063e-04	
    1.078454	    0.007535	-5.208469e-05	8.319477e-04	
    1.078454	    0.007535	1.511674e-05	8.735523e-04	
    1.078454	    0.007535	8.083843e-05	8.296475e-04	
    1.078454	    0.007535	1.386471e-04	7.045310e-04	
    1.078454	    0.007535	1.828840e-04	5.104501e-04	
    1.078454	    0.007535	2.092190e-04	2.664028e-04	
    1.078454	    0.007535	2.150741e-04	-3.721837e-06	
    1.078454	    0.007535	1.998763e-04	-2.734822e-04	
    1.078454	    0.007535	1.651132e-04	-5.164722e-04	
    1.078454	    0.007535	1.141877e-04	-7.089063e-04	
    1.078454	    0.007535	5.208469e-05	-8.319477e-04	
    1.078454	    0.007535	-1.511674e-05	-8.735523e-04	


    1.078454	    0.007535	-1.511674e-05	-8.735523e-04	
    1.078454	    0.007535	-8.083843e-05	-8.296475e-04	
    1.078454	    0.007535	-1.386471e-04	-7.045310e-04	
    1.078454	    0.007535	-1.828840e-04	-5.104501e-04	
    1.078454	    0.007535	-2.092190e-04	-2.664028e-04	
    1.078454	    0.007535	-2.150741e-04	3.721837e-06	
    1.078454	    0.007535	-1.998763e-04	2.734822e-04	
    1.078454	    0.007535	-1.651132e-04	5.164722e-04	
    1.078454	    0.007535	-1.141877e-04	7.089063e-04	
    1.078454	    0.007535	-5.208469e-05	8.319477e-04	
    1.078454	    0.007535	1.511674e-05	8.735523e-04	
    1.078454	    0.007535	8.083843e-05	8.296475e-04	
    1.078454	    0.007535	1.386471e-04	7.045310e-04	
    1.078454	    0.007535	1.828840e-04	5.104501e-04	
    1.078454	    0.007535	2.092190e-04	2.664028e-04	
    1.078454	    0.007535	2.150741e-04	-3.721837e-06	
    1.078454	    0.007535	1.998763e-04	-2.734822e-04	
    1.078454	    0.007535	1.651132e-04	-5.164722e-04	
    1.078454	    0.007535	1.141877e-04	-7.089063e-04	
    1.078454	    0.007535	5.208469e-05	-8.319477e-04	
    1.078454	    0.007535	-1.511674e-05	-8.735523e-04	


    1.032528	    0.236371	6.088019e-05	-7.694270e-04	
    1.032528	    0.236371	-1.009725e-05	-7.371488e-04	
    1.032528	    0.236371	-8.008629e-05	-6.327133e-04	
    1.032528	    0.236371	-1.422359e-04	-4.663435e-04	
    1.032528	    0.236371	-1.904625e-04	-2.543247e-04	
    1.032528	    0.236371	-2.200453e-04	-1.741088e-05	
    1.032528	    0.236371	-2.280885e-04	2.212073e-04	
    1.032528	    0.236371	-2.138049e-04	4.381721e-04	
    1.032528	    0.236371	-1.785925e-04	6.122456e-04	
    1.032528	    0.236371	-1.258982e-04	7.263883e-04	
    1.032528	    0.236371	-6.088019e-05	7.694270e-04	
    1.032528	    0.236371	1.009725e-05	7.371488e-04	
    1.032528	    0.236371	8.008629e-05	6.327133e-04	
    1.032528	    0.236371	1.422359e-04	4.663435e-04	
    1.032528	    0.236371	1.904625e-04	2.543247e-04	
    1.032528	    0.236371	2.200453e-04	1.741088e-05	
    1.032528	    0.236371	2.280885e-04	-2.212073e-04	
    1.032528	    0.236371	2.138049e-04	-4.381721e-04	
    1.032528	    0.236371	1.785925e-04	-6.122456e-04	
    1.032528	    0.236371	1.258982e-04	-7.263883e-04	
    1.032528	    0.236371	6.088019e-05	-7.694270e-04	


    1.032528	    0.236371	6.088019e-05	-7.694270e-04	
    1.032528	    0.236371	-1.009725e-05	-7.371488e-04	
    1.032528	    0.236371	-8.008629e-05	-6.327133e-04	
    1.032528	    0.236371	-1.422359e-04	-4.663435e-04	
    1.032528	    0.236371	-1.904625e-04	-2.543247e-04	
    1.032528	    0.236371	-2.200453e-04	-1.741088e-05	
    1.032528	    0.236371	-2.280885e-04	2.212073e-04	
    1.032528	    0.236371	-2.138049e-04	4.381721e-04	
    1.032528	    0.236371	-1.785925e-04	6.122456e-04	
    1.032528	    0.236371	-1.258982e-04	7.263883e-04	
    1.032528	    0.236371	-6.088019e-05	7.694270e-04	
    1.032528	    0.236371	1.009725e-05	7.371488e-04	
    1.032528	    0.236371	8.008629e-05	6.327133e-04	
    1.032528	    0.236371	1.422359e-04	4.663435e-04	
    1.032528	    0.236371	1.904625e-04	2.543247e-04	
    1.032528	    0.236371	2.200453e-04	1.741088e-05	
    1.032528	    0.236371	2.280885e-04	-2.212073e-04	
    1.032528	    0.236371	2.138049e-04	-4.381721e-04	
    1.032528	    0.236371	1.785925e-04	-6.122456e-04	
    1.032528	    0.236371	1.258982e-04	-7.263883e-04	
    1.032528	    0.236371	6.088019e-05	-7.694270e-04	


    0.933740	    0.452206	1.289429e-04	-6.539117e-04	
    0.933740	    0.452206	5.386905e-05	-6.354661e-04	
    0.933740	    0.452206	-2.647792e-05	-5.548167e-04	
    0.933740	    0.452206	-1.042330e-04	-4.198580e-04	
    0.933740	    0.452206	-1.717851e-04	-2.438007e-04	
    0.933740	    0.452206	-2.225217e-04	-4.387840e-05	
    0.933740	    0.452206	-2.514762e-04	1.603390e-04	
    0.933740	    0.452206	-2.558146e-04	3.488613e-04	
    0.933740	    0.452206	-2.351120e-04	5.032346e-04	
    0.933740	    0.452206	-1.913950e-04	6.083478e-04	
    0.933740	    0.452206	-1.289429e-04	6.539117e-04	
    0.933740	    0.452206	-5.386905e-05	6.354661e-04	
    0.933740	    0.452206	2.647792e-05	5.548167e-04	
    0.933740	    0.452206	1.042330e-04	4.198580e-04	
    0.933740	    0.452206	1.717851e-04	2.438007e-04	
    0.933740	    0.452206	2.225217e-04	4.387840e-05	
    0.933740	    0.452206	2.514762e-04	-1.603390e-04	
    0.933740	    0.452206	2.558146e-04	-3.488613e-04	
    0.933740	    0.452206	2.351120e-04	-5.032346e-04	
    0.933740	    0.452206	1.913950e-04	-6.083478e-04	
    0.933740	    0.452206	1.289429e-04	-6.539117e-04	


    0.933740	    0.452206	1.289429e-04	-6.539117e-04	
    0.933740	    0.452206	5.386905e-05	-6.354661e-04	
    0.933740	    0.452206	-2.647792e-05	-5.548167e-04	
    0.933740	    0.452206	-1.042330e-04	-4.198580e-04	
    0.933740	    0.452206	-1.717851e-04	-2.438007e-04	
    0.933740	    0.452206	-2.225217e-04	-4.387840e-05	
    0.933740	    0.452206	-2.514762e-04	1.603390e-04	
    0.933740	    0.452206	-2.558146e-04	3.488613e-04	
    0.933740	    0.452206	-2.351120e-04	5.032346e-04	
    0.933740	    0.452206	-1.913950e-04	6.083478e-04	
    0.933740	    0.452206	-1.289429e-04	6.539117e-04	
    0.933740	    0.452206	-5.386905e-05	6.354661e-04	
    0.933740	    0.452206	2.647792e-05	5.548167e-04	
    0.933740	    0.452206	1.042330e-04	4.198580e-04	
    0.933740	    0.452206	1.717851e-04	2.438007e-04	
    0.933740	    0.452206	2.225217e-04	4.387840e-05	
    0.933740	    0.452206	2.514762e-04	-1.603390e-04	
    0.933740	    0.452206	2.558146e-04	-3.488613e-04	
    0.933740	    0.452206	2.351120e-04	-5.032346e-04	
    0.933740	    0.452206	1.913950e-04	-6.083478e-04	
    0.933740	    0.452206	1.289429e-04	-6.539117e-04	


    0.784075	    0.642903	1.779502e-04	-5.339724e-04	
    0.784075	    0.642903	1.008765e-04	-5.306208e-04	
    0.784075	    0.642903	1.392827e-05	-4.753283e-04	
    0.784075	    0.642903	-7.438334e-05	-3.735074e-04	
    0.784075	    0.642903	-1.554138e-04	-2.351250e-04	
    0.784075	    0.642903	-2.212313e-04	-7.372695e-05	
    0.784075	    0.642903	-2.653931e-04	9.488804e-05	
    0.784075	    0.642903	-2.835764e-04	2.542147e-04	
    0.784075	    0.642903	-2.740012e-04	3.886571e-04	
    0.784075	    0.642903	-2.376049e-04	4.850550e-04	
    0.784075	    0.642903	-1.779502e-04	5.339724e-04	
    0.784075	    0.642903	-1.008765e-04	5.306208e-04	
    0.784075	    0.642903	-1.392827e-05	4.753283e-04	
    0.784075	    0.642903	7.438334e-05	3.735074e-04	
    0.784075	    0.642903	1.554138e-04	2.351250e-04	
    0.784075	    0.642903	2.212313e-04	7.372695e-05	
    0.784075	    0.642903	2.653931e-04	-9.488804e-05	
    0.784075	    0.642903	2.835764e-04	-2.542147e-04	
    0.784075	    0.642903	2.740012e-04	-3.886571e-04	
    0.784075	    0.642903	2.376049e-04	-4.850550e-04	
    0.784075	    0.642903	1.779502e-04	-5.339724e-04	


    0.784075	    0.642903	1.779502e-04	-5.339724e-04	
    0.784075	    0.642903	1.008765e-04	-5.306208e-04	
    0.784075	    0.642903	1.392827e-05	-4.753283e-04	
    0.784075	    0.642903	-7.438334e-05	-3.735074e-04	
    0.784075	    0.642903	-1.554138e-04	-2.351250e-04	
    0.784075	    0.642903	-2.212313e-04	-7.372695e-05	
    0.784075	    0.642903	-2.653931e-04	9.488804e-05	
    0.784075	    0.642903	-2.835764e-04	2.542147e-04	
    0.784075	    0.642903	-2.740012e-04	3.886571e-04	
    0.784075	    0.642903	-2.376049e-04	4.850550e-04	
    0.784075	    0.642903	-1.779502e-04	5.339724e-04	
    0.784075	    0.642903	-1.008765e-04	5.306208e-04	
    0.784075	    0.642903	-1.392827e-05	4.753283e-04	
    0.784075	    0.642903	7.438334e-05	3.735074e-04	
    0.784075	    0.642903	1.554138e-04	2.351250e-04	
    0.784075	    0.642903	2.212313e-04	7.372695e-05	
    0.784075	    0.642903	2.653931e-04	-9.488804e-05	
    0.784075	    0.642903	2.835764e-04	-2.542147e-04	
    0.784075	    0.642903	2.740012e-04	-3.886571e-04	
    0.784075	    0.642903	2.376049e-04	-4.850550e-04	
    0.784075	    0.642903	1.779502e-04	-5.339724e-04	


    0.588582	    0.795801	2.067880e-04	-4.184005e-04	
    0.588582	    0.795801	1.291947e-04	-4.312698e-04	
    0.588582	    0.795801	3.895480e-05	-4.019233e-04	
    0.588582	    0.795801	-5.509822e-05	-3.332338e-04	
    0.588582	    0.795801	-1.437578e-04	-2.319251e-04	
    0.588582	    0.795801	-2.183454e-04	-1.079139e-04	
    0.588582	    0.795801	-2.715599e-04	2.666068e-05	
    0.588582	    0.795801	-2.981921e-04	1.586255e-04	
    0.588582	    0.795801	-2.956353e-04	2.750630e-04	
    0.588582	    0.795801	-2.641396e-04	3.645753e-04	
    0.588582	    0.795801	-2.067880e-04	4.184005e-04	
    0.588582	    0.795801	-1.291947e-04	4.312698e-04	
    0.588582	    0.795801	-3.895480e-05	4.019233e-04	
    0.588582	    0.795801	5.509822e-05	3.332338e-04	
    0.588582	    0.795801	1.437578e-04	2.319251e-04	
    0.588582	    0.795801	2.183454e-04	1.079139e-04	
    0.588582	    0.795801	2.715599e-04	-2.666068e-05	
    0.588582	    0.795801	2.981921e-04	-1.586255e-04	
    0.588582	    0.795801	2.956353e-04	-2.750630e-04	
    0.588582	    0.795801	2.641396e-04	-3.645753e-04	
    0.588582	    0.795801	2.067880e-04	-4.184005e-04	


    0.588582	    0.795801	2.067880e-04	-4.184005e-04	
    0.588582	    0.795801	1.291947e-04	-4.312698e-04	
    0.588582	    0.795801	3.895480e-05	-4.019233e-04	
    0.588582	    0.795801	-5.509822e-05	-3.332338e-04	
    0.588582	    0.795801	-1.437578e-04	-2.319251e-04	
    0.588582	    0.795801	-2.183454e-04	-1.079139e-04	
    0.588582	    0.795801	-2.715599e-04	2.666068e-05	
    0.588582	    0.795801	-2.981921e-04	1.586255e-04	
    0.588582	    0.795801	-2.956353e-04	2.750630e-04	
    0.588582	    0.795801	-2.641396e-04	3.645753e-04	
    0.588582	    0.795801	-2.067880e-04	4.184005e-04	
    0.588582	    0.795801	-1.291947e-04	4.312698e-04	
    0.588582	    0.795801	-3.895480e-05	4.019233e-04	
    0.588582	    0.795801	5.509822e-05	3.332338e-04	
    0.588582	    0.795801	1.437578e-04	2.319251e-04	
    0.588582	    0.795801	2.183454e-04	1.079139e-04	
    0.588582	    0.795801	2.715599e-04	-2.666068e-05	
    0.588582	    0.795801	2.981921e-04	-1.586255e-04	
    0.588582	    0.795801	2.956353e-04	-2.750630e-04	
    0.588582	    0.795801	2.641396e-04	-3.645753e-04	
    0.588582	    0.795801	2.067880e-04	-4.184005e-04	


    0.356207	    0.898494	2.119094e-04	-3.121665e-04	
    0.356207	    0.898494	1.336294e-04	-3.429866e-04	
    0.356207	    0.898494	4.226885e-05	-3.402327e-04	
    0.356207	    0.898494	-5.322926e-05	-3.041744e-04	
    0.356207	    0.898494	-1.435169e-04	-2.383415e-04	
    0.356207	    0.898494	-2.197561e-04	-1.491780e-04	
    0.356207	    0.898494	-2.744841e-04	-4.541196e-05	
    0.356207	    0.898494	-3.023437e-04	6.279934e-05	
    0.356207	    0.898494	-3.006077e-04	1.648634e-04	
    0.356207	    0.898494	-2.694462e-04	2.507895e-04	
    0.356207	    0.898494	-2.119094e-04	3.121665e-04	
    0.356207	    0.898494	-1.336294e-04	3.429866e-04	
    0.356207	    0.898494	-4.226885e-05	3.402327e-04	
    0.356207	    0.898494	5.322926e-05	3.041744e-04	
    0.356207	    0.898494	1.435169e-04	2.383415e-04	
    0.356207	    0.898494	2.197561e-04	1.491780e-04	
    0.356207	    0.898494	2.744841e-04	4.541196e-05	
    0.356207	    0.898494	3.023437e-04	-6.279934e-05	
    0.356207	    0.898494	3.006077e-04	-1.648634e-04	
    0.356207	    0.898494	2.694462e-04	-2.507895e-04	
    0.356207	    0.898494	2.119094e-04	-3.121665e-04	


    0.356207	    0.898494	2.119094e-04	-3.121665e-04	
    0.356207	    0.898494	1.336294e-04	-3.429866e-04	
    0.356207	    0.898494	4.226885e-05	-3.402327e-04	
    0.356207	    0.898494	-5.322926e-05	-3.041744e-04	
    0.356207	    0.898494	-1.435169e-04	-2.383415e-04	
    0.356207	    0.898494	-2.197561e-04	-1.491780e-04	
    0.356207	    0.898494	-2.744841e-04	-4.541196e-05	
    0.356207	    0.898494	-3.023437e-04	6.279934e-05	
    0.356207	    0.898494	-3.006077e-04	1.648634e-04	
    0.356207	    0.898494	-2.694462e-04	2.507895e-04	
    0.356207	    0.898494	-2.119094e-04	3.121665e-04	
    0.356207	    0.898494	-1.336294e-04	3.429866e-04	
    0.356207	    0.898494	-4.226885e-05	3.402327e-04	
    0.356207	    0.898494	5.322926e-05	3.041744e-04	
    0.356207	    0.898494	1.435169e-04	2.383415e-04	
    0.356207	    0.898494	2.197561e-04	1.491780e-04	
    0.356207	    0.898494	2.744841e-04	4.541196e-05	
    0.356207	    0.898494	3.023437e-04	-6.279934e-05	
    0.356207	    0.898494	3.006077e-04	-1.648634e-04	
    0.356207	    0.898494	2.694462e-04	-2.507895e-04	
    0.356207	    0.898494	2.119094e-04	-3.121665e-04	


    0.099977	    0.940423	-1.120721e-04	2.781946e-04	
    0.099977	    0.940423	-1.981633e-05	2.995348e-04	
    0.099977	    0.940423	7.437922e-05	2.915544e-04	
    0.099977	    0.940423	1.612940e-04	2.550346e-04	
    0.099977	    0.940423	2.324202e-04	1.935503e-04	
    0.099977	    0.940423	2.807955e-04	1.131199e-04	
    0.099977	    0.940423	3.016846e-04	2.161659e-05	
    0.099977	    0.940423	2.930427e-04	-7.200273e-05	
    0.099977	    0.940423	2.557157e-04	-1.585739e-04	
    0.099977	    0.940423	1.933575e-04	-2.296228e-04	
    0.099977	    0.940423	1.120721e-04	-2.781946e-04	
    0.099977	    0.940423	1.981633e-05	-2.995348e-04	
    0.099977	    0.940423	-7.437922e-05	-2.915544e-04	
    0.099977	    0.940423	-1.612940e-04	-2.550346e-04	
    0.099977	    0.940423	-2.324202e-04	-1.935503e-04	
    0.099977	    0.940423	-2.807955e-04	-1.131199e-04	
    0.099977	    0.940423	-3.016846e-04	-2.161659e-05	
    0.099977	    0.940423	-2.930427e-04	7.200273e-05	
    0.099977	    0.940423	-2.557157e-04	1.585739e-04	
    0.099977	    0.940423	-1.933575e-04	2.296228e-04	
    0.099977	    0.940423	-1.120721e-04	2.781946e-04	


    0.099977	    0.940423	-1.120721e-04	2.781946e-04	
    0.099977	    0.940423	-1.981633e-05	2.995348e-04	
    0.099977	    0.940423	7.437922e-05	2.915544e-04	
    0.099977	    0.940423	1.612940e-04	2.550346e-04	
    0.099977	    0.940423	2.324202e-04	1.935503e-04	
    0.099977	    0.940423	2.807955e-04	1.131199e-04	
    0.099977	    0.940423	3.016846e-04	2.161659e-05	
    0.099977	    0.940423	2.930427e-04	-7.200273e-05	
    0.099977	    0.940423	2.557157e-04	-1.585739e-04	
    0.099977	    0.940423	1.933575e-04	-2.296228e-04	
    0.099977	    0.940423	1.120721e-04	-2.781946e-04	
    0.099977	    0.940423	1.981633e-05	-2.995348e-04	
    0.099977	    0.940423	-7.437922e-05	-2.915544e-04	
    0.099977	    0.940423	-1.612940e-04	-2.550346e-04	
    0.099977	    0.940423	-2.324202e-04	-1.935503e-04	
    0.099977	    0.940423	-2.807955e-04	-1.131199e-04	
    0.099977	    0.940423	-3.016846e-04	-2.161659e-05	
    0.099977	    0.940423	-2.930427e-04	7.200273e-05	
    0.099977	    0.940423	-2.557157e-04	1.585739e-04	
    0.099977	    0.940423	-1.933575e-04	2.296228e-04	
    0.099977	    0.940423	-1.120721e-04	2.781946e-04	


