0	  1.00000e-05 1.00000e-05 1.00000e-05 1.00000e-06 1.00000e-06 1.00000e-06
 0	  1.00000e-05 1.00000e-05 1.00000e-05 4.64455e-07 1.33941e-06 6.26622e-07

 1	  9.39618e-06 9.60415e-06 8.34495e-06 1.64026e-06 8.73142e-07 2.31420e-06
 1	  9.39618e-06 9.60415e-06 8.34495e-06 3.77711e-06 4.44643e-07 2.17932e-06

 2	  7.80089e-06 1.05866e-05 5.99813e-06 4.76879e-06 2.15223e-06 4.63304e-06
 2	  7.80089e-06 1.05866e-05 5.99813e-06 5.43539e-06 1.66739e-06 2.53225e-06

 3	  6.14740e-06 1.34401e-05 3.94420e-06 4.58059e-06 5.10512e-06 4.70956e-06
 3	  6.14740e-06 1.34401e-05 3.94420e-06 4.87679e-06 3.78984e-06 1.82186e-06

 4	  4.69973e-06 1.76740e-05 2.55060e-06 3.38930e-06 5.78333e-06 3.30201e-06
 4	  4.69973e-06 1.76740e-05 2.55060e-06 3.56482e-06 4.82204e-06 1.99863e-06

 5	  3.02641e-06 2.23791e-05 1.46211e-06 4.27674e-06 4.27901e-06 3.14418e-06
 5	  3.02641e-06 2.23791e-05 1.46211e-06 3.36907e-06 3.33415e-06 2.05808e-06

 6	  1.56006e-06 2.57626e-05 6.96986e-07 5.54927e-06 1.34603e-06 2.84839e-06
 6	  1.56006e-06 2.57626e-05 6.96986e-07 5.15310e-06 1.01270e-06 2.29413e-06

 7	  7.12303e-07 2.63421e-05 2.21175e-07 6.39864e-06 6.48253e-07 2.77133e-06
 7	  7.12303e-07 2.63421e-05 2.21175e-07 6.44038e-06 4.52660e-07 2.20556e-06

 8	  7.10521e-07 2.40824e-05 5.16713e-08 5.23535e-06 2.51001e-06 2.37095e-06
 8	  7.10521e-07 2.40824e-05 5.16713e-08 5.43069e-06 2.55151e-06 1.98181e-06

 9	  1.33438e-06 1.96150e-05 1.42128e-07 2.79534e-06 5.82479e-06 1.90232e-06
 9	  1.33438e-06 1.96150e-05 1.42128e-07 3.38883e-06 4.85279e-06 1.21378e-06

10	  2.10008e-06 1.46291e-05 3.66169e-07 9.32839e-07 7.17078e-06 1.02201e-06
10	  2.10008e-06 1.46291e-05 3.66169e-07 1.09456e-06 6.68344e-06 8.00288e-07

11	  2.49358e-06 1.00417e-05 6.33449e-07 4.13630e-08 7.20222e-06 5.81447e-07
11	  2.49358e-06 1.00417e-05 6.33449e-07 6.65819e-08 6.77237e-06 4.02186e-07

12	  2.36269e-06 6.49160e-06 8.57816e-07 3.25398e-07 5.70421e-06 2.26708e-07
12	  2.36269e-06 6.49160e-06 8.57816e-07 1.75433e-07 5.68602e-06 9.88843e-08

13	  1.88893e-06 4.04107e-06 9.57101e-07 9.79706e-07 3.84676e-06 2.51653e-08
13	  1.88893e-06 4.04107e-06 9.57101e-07 7.96953e-07 3.76574e-06 2.60529e-08

14	  1.26921e-06 2.56036e-06 9.41765e-07 1.52923e-06 2.02591e-06 3.89929e-08
14	  1.26921e-06 2.56036e-06 9.41765e-07 1.39873e-06 2.12009e-06 2.57117e-08

15	  7.15240e-07 1.73507e-06 8.55003e-07 1.69667e-06 8.93497e-07 8.96854e-08
15	  7.15240e-07 1.73507e-06 8.55003e-07 1.46598e-06 9.21176e-07 4.75199e-08

16	  3.56597e-07 1.32695e-06 7.45115e-07 1.32201e-06 2.81790e-07 1.27302e-07
16	  3.56597e-07 1.32695e-06 7.45115e-07 1.12836e-06 3.03013e-07 8.24292e-08

17	  1.80124e-07 1.15331e-06 6.09987e-07 7.79838e-07 6.49568e-08 1.79262e-07
17	  1.80124e-07 1.15331e-06 6.09987e-07 6.94249e-07 7.24888e-08 1.24949e-07

18	  1.11544e-07 1.09667e-06 4.66834e-07 3.69675e-07 2.00583e-08 2.27311e-07
18	  1.11544e-07 1.09667e-06 4.66834e-07 3.04640e-07 2.24175e-08 1.50656e-07

19	  8.64564e-08 1.06443e-06 3.35410e-07 1.29728e-07 2.15336e-08 2.45832e-07
19	  8.64564e-08 1.06443e-06 3.35410e-07 1.08854e-07 1.97414e-08 1.95833e-07

20	  7.04585e-08 1.01311e-06 2.15963e-07 6.64242e-08 4.77262e-08 2.84240e-07
20	  7.04585e-08 1.01311e-06 2.15963e-07 5.40592e-08 3.98237e-08 1.78880e-07

21	  5.40890e-08 9.10254e-07 1.29789e-07 7.43055e-08 1.13849e-07 2.45224e-07
21	  5.40890e-08 9.10254e-07 1.29789e-07 7.33029e-08 8.83098e-08 1.76823e-07

22	  4.64854e-08 7.63107e-07 6.93423e-08 8.26967e-08 2.06424e-07 2.25835e-07
22	  4.64854e-08 7.63107e-07 6.93423e-08 8.70807e-08 1.55752e-07 1.72401e-07

23	  5.21263e-08 5.92321e-07 3.38188e-08 6.61017e-08 2.87595e-07 2.03610e-07
23	  5.21263e-08 5.92321e-07 3.38188e-08 7.06314e-08 2.04764e-07 1.26343e-07

24	  6.61422e-08 4.29526e-07 2.09613e-08 3.44417e-08 3.04202e-07 1.39736e-07
24	  6.61422e-08 4.29526e-07 2.09613e-08 3.79665e-08 2.35446e-07 8.73960e-08

25	  8.06096e-08 2.90562e-07 2.07994e-08 1.65871e-08 2.78181e-07 8.99249e-08
25	  8.06096e-08 2.90562e-07 2.07994e-08 1.43635e-08 2.30557e-07 5.42804e-08

26	  9.04360e-08 1.86704e-07 2.64471e-08 2.28158e-08 2.13858e-07 5.11674e-08
26	  9.04360e-08 1.86704e-07 2.64471e-08 1.63076e-08 1.99357e-07 4.20235e-08

27	  9.31983e-08 1.19702e-07 3.37749e-08 5.29845e-08 1.49488e-07 3.67729e-08
27	  9.31983e-08 1.19702e-07 3.37749e-08 4.53758e-08 1.45033e-07 3.05777e-08

28	  9.14063e-08 9.01883e-08 3.99644e-08 7.87310e-08 1.04764e-07 2.61740e-08
28	  9.14063e-08 9.01883e-08 3.99644e-08 7.15327e-08 9.92245e-08 2.30068e-08

  9.17046e-08 3.97972e-08 9.00573e-08
  1.25416e-07 4.70371e-08 2.13104e-08

 0	      0.0000078663	      0.0012565104	      0.0034998611	
1	      0.0000093963	      0.0010638826	      0.0029660552	
2	      0.0000078135	      0.0006367430	      0.0017773995	
3	      0.0000062571	      0.0008299952	      0.0023129143	
4	      0.0000057193	      0.0004394079	      0.0012268872	
5	      0.0000074609	      0.0003554550	      0.0009953136	
6	      0.0000125804	      0.0001752302	      0.0004995665	
7	      0.0000298653	      0.0002112174	      0.0006168641	
8	      0.0000713613	      0.0001388468	      0.0004572334	
9	      0.0001360686	      0.0003028469	      0.0009777170	
10	      0.0001516927	      0.0001335117	      0.0005227378	
11	      0.0000878546	      0.0001513189	      0.0005083882	
12	      0.0000418357	      0.0001829466	      0.0005502664	
13	      0.0000338704	      0.0001025879	      0.0003189745	
14	      0.0000460098	      0.0000847419	      0.0002815178	
15	      0.0000908453	      0.0001152001	      0.0004110003	
16	      0.0002070032	      0.0001084376	      0.0005083645	
17	      0.0004200227	      0.0000755218	      0.0006299069	
18	      0.0017555631	      0.0000952515	      0.0020202785	
19	      0.0033429187	      0.0000565153	      0.0034999817	
20	      0.0031737905	      0.0001178247	      0.0035012396	
21	      0.0032769021	      0.0000802812	      0.0035000133	
22	      0.0032964310	      0.0000732518	      0.0035000068	
23	      0.0032183140	      0.0001013759	      0.0035000501	
24	      0.0012795915	      0.0000872025	      0.0015219378	
25	      0.0000151620	      0.0000747834	      0.0002229942	
26	      0.0000399798	      0.0000346949	      0.0001364012	
27	      0.0000836138	      0.0000249050	      0.0001528279	
28	      0.0008337186	      0.0000302810	      0.0009178731	

FLeg = 0.0415345726
