
    0.000000   -0.675072   -0.738058    0.000055    0.668734   -0.736369   -0.020843
    6.207596   -0.675072   -0.738058    0.000055    0.738924   -0.695168    0.078831
    6.245628   -0.646488   -0.763957    0.003052    0.764020   -0.666646    0.078772
    6.283661   -0.616971   -0.788755    0.006045    0.787970   -0.637212    0.078600
    6.321693   -0.586566   -0.812416    0.009029    0.810741   -0.606919    0.078315
    6.359726   -0.555318   -0.834910    0.012001    0.832300   -0.575817    0.077918
    6.397758   -0.523273   -0.856206    0.014955    0.852620   -0.543959    0.077410
    6.435791   -0.490479   -0.876277    0.017887    0.871673   -0.511398    0.076793
    6.473824   -0.456985   -0.895097    0.020795    0.889436   -0.478188    0.076067
    6.511856   -0.422841   -0.912643    0.023672    0.905888   -0.444386    0.075236
    6.549889   -0.388095   -0.928893    0.026516    0.921011   -0.410045    0.074300
    6.587921   -0.352801   -0.943827    0.029323    0.934788   -0.375223    0.073262
    6.625954   -0.317008   -0.957429    0.032088    0.947206   -0.339975    0.072123
    6.663986   -0.280769   -0.969683    0.034807    0.958255   -0.304358    0.070887
    6.702019   -0.244136   -0.980576    0.037478    0.967925   -0.268428    0.069555
    6.740051   -0.207161   -0.990097    0.040097    0.976213   -0.232241    0.068131
    6.778084   -0.169897   -0.998239    0.042660    0.983114   -0.195853    0.066616
    6.816117   -0.132398   -1.004993    0.045163    0.988627   -0.159321    0.065015
    6.854149   -0.094715   -1.010356    0.047604    0.992754   -0.122697    0.063329
    6.892182   -0.056901   -1.014326    0.049979    0.995500   -0.086038    0.061562
    6.930214   -0.019010   -1.016901    0.052286    0.996870   -0.049397    0.059717
    6.968247    0.018908   -1.018084    0.054521    0.996872   -0.012827    0.057798
    7.006279    0.056800   -1.017878    0.056681    0.995517    0.023620    0.055807
    7.044312    0.094615   -1.016290    0.058765    0.992818    0.059893    0.053749
    7.082344    0.132302   -1.013325    0.060769    0.988788    0.095943    0.051626
    7.120377    0.169811   -1.008995    0.062691    0.983443    0.131719    0.049442
    7.158410    0.207092   -1.003310    0.064529    0.976803    0.167175    0.047200
    7.196442    0.244095   -0.996284    0.066280    0.968886    0.202263    0.044905
    7.234475    0.280774   -0.987930    0.067944    0.959714    0.236940    0.042559
    7.272507    0.317081   -0.978267    0.069517    0.949309    0.271160    0.040167
    7.310540    0.352968   -0.967311    0.070999    0.937696    0.304881    0.037731
    7.348572    0.388392   -0.955083    0.072387    0.924900    0.338063    0.035256
    7.386605    0.423306   -0.941603    0.073680    0.910949    0.370665    0.032746
    7.424638    0.457669   -0.926896    0.074877    0.895869    0.402649    0.030203
    7.462670    0.491437   -0.910984    0.075977    0.879690    0.433980    0.027631
    7.500703    0.524569   -0.893894    0.076979    0.862442    0.464620    0.025035
    7.538735    0.557025   -0.875652    0.077881    0.844157    0.494537    0.022416
    7.576768    0.588767   -0.856286    0.078683    0.824865    0.523699    0.019780
    7.614800    0.619756   -0.835827    0.079385    0.804599    0.552074    0.017130
    7.652833    0.649957   -0.814303    0.079986    0.783394    0.579634    0.014468
    7.690865    0.679334   -0.791747    0.080486    0.761282    0.606350    0.011799
    7.728898    0.707853   -0.768192    0.080884    0.738298    0.632197    0.009125
    7.766931    0.735482   -0.743671    0.081180    0.714478    0.657149    0.006450
    7.804963    0.762190   -0.718218    0.081374    0.689856    0.681183    0.003778
    7.842996    0.787946   -0.691868    0.081467    0.664469    0.704277    0.001111
    7.881028    0.812723   -0.664659    0.081459    0.638352    0.726411   -0.001548
    7.919061    0.836494   -0.636626    0.081350    0.611542    0.747565   -0.004194
    7.957093    0.859232   -0.607808    0.081140    0.584076    0.767722   -0.006826
    7.995126    0.880914   -0.578242    0.080831    0.555990    0.786865   -0.009440
    8.033159    0.901516   -0.547968    0.080422    0.527321    0.804980   -0.012034
    8.071191    0.921017   -0.517024    0.079916    0.498107    0.822051   -0.014604
    8.109224    0.939398   -0.485452    0.079312    0.468384    0.838068   -0.017148
    8.147256    0.956639   -0.453290    0.078612    0.438190    0.853017   -0.019663
    8.185289    0.972724   -0.420581    0.077816    0.407561    0.866890   -0.022146
    8.223321    0.987635   -0.387364    0.076927    0.376535    0.879678   -0.024595
    8.261354    1.001360   -0.353682    0.075946    0.345148    0.891372   -0.027008
    8.299386    1.013885   -0.319576    0.074874    0.313437    0.901966   -0.029381
    8.337419    1.025198   -0.285087    0.073712    0.281439    0.911455   -0.031713
    8.375452    1.035289   -0.250260    0.072462    0.249191    0.919834   -0.034000
    8.413484    1.044150   -0.215134    0.071126    0.216728    0.927100   -0.036242
    8.451517    1.051773   -0.179754    0.069706    0.184088    0.933250   -0.038435
    8.489549    1.058151   -0.144161    0.068203    0.151305    0.938283   -0.040578
    8.527582    1.063280   -0.108397    0.066620    0.118416    0.942198   -0.042668
    8.565614    1.067157   -0.072506    0.064958    0.085456    0.944997   -0.044704
    8.603647    1.069780   -0.036530    0.063220    0.052460    0.946681   -0.046683
    8.641679    1.071148   -0.000511    0.061408    0.019464    0.947252   -0.048604
    8.679712    1.071261    0.035509    0.059524   -0.013499    0.946714   -0.050465
    8.717745    1.070122    0.071487    0.057570   -0.046393    0.945070   -0.052263
    8.755777    1.067733    0.107382    0.055549   -0.079184    0.942327   -0.053998
    8.793810    1.064100    0.143151    0.053464   -0.111839    0.938490   -0.055668
    8.831842    1.059228    0.178754    0.051316   -0.144325    0.933565   -0.057271
    8.869875    1.053125    0.214149    0.049108   -0.176606    0.927560   -0.058806
    8.907907    1.045798    0.249295    0.046844   -0.208652    0.920485   -0.060271
    8.945940    1.037257    0.284152    0.044525   -0.240429    0.912347   -0.061665
    8.983973    1.027513    0.318680    0.042154   -0.271906    0.903157   -0.062986
    9.022005    1.016579    0.352838    0.039734   -0.303049    0.892926   -0.064234
    9.060038    1.004467    0.386587    0.037269   -0.333827    0.881665   -0.065406
    9.098070    0.991191    0.419889    0.034760   -0.364210    0.869387   -0.066503
    9.136103    0.976768    0.452705    0.032211   -0.394166    0.856105   -0.067522
    9.174135    0.961215    0.484996    0.029625   -0.423665    0.841832   -0.068464
    9.212168    0.944548    0.516726    0.027005   -0.452676    0.826583   -0.069326
    9.250200    0.926788    0.547858    0.024353   -0.481169    0.810373   -0.070108
    9.288233    0.907955    0.578356    0.021673   -0.509115    0.793219   -0.070809
    9.326266    0.888070    0.608183    0.018968   -0.536485    0.775137   -0.071428
    9.364298    0.867155    0.637305    0.016241   -0.563250    0.756145   -0.071965
    9.402331    0.845234    0.665688    0.013495   -0.589382    0.736261   -0.072419
    9.440363    0.822332    0.693298    0.010733   -0.614852    0.715503   -0.072789
    9.478396    0.798474    0.720102    0.007959   -0.639634    0.693893   -0.073075
    9.516428    0.773687    0.746068    0.005176   -0.663699    0.671450   -0.073276
    9.554461    0.747999    0.771165    0.002387   -0.687021    0.648196   -0.073392
    9.592493    0.721439    0.795363   -0.000406   -0.709574    0.624152   -0.073422
    9.630526    0.694035    0.818632   -0.003197   -0.731332    0.599342   -0.073367
    9.668559    0.665820    0.840943   -0.005985   -0.752270    0.573790   -0.073225
    9.706591    0.636825    0.862268   -0.008766   -0.772363    0.547518   -0.072998
    9.744624    0.607081    0.882581   -0.011537   -0.791586    0.520554   -0.072684
    9.782656    0.576624    0.901856   -0.014294   -0.809915    0.492922   -0.072284
    9.820689    0.545487    0.920067   -0.017034   -0.827328    0.464649   -0.071798
    9.858721    0.513705    0.937191   -0.019754   -0.843802    0.435762   -0.071226
    9.896754    0.481315    0.953206   -0.022450   -0.859314    0.406291   -0.070568
    9.934787    0.448354    0.968089   -0.025120   -0.873843    0.376264   -0.069824
    9.972819    0.414859    0.981820   -0.027761   -0.887368    0.345711   -0.068995
    9.972819    0.414679    0.981811   -0.027770   -0.901409    0.276187    0.037302
    9.982501    0.405936    0.984447   -0.027408   -0.904692    0.268322    0.037523
    9.992184    0.397160    0.987007   -0.027043   -0.907913    0.260414    0.037741
   10.001866    0.388354    0.989490   -0.026677   -0.911072    0.252466    0.037957
   10.011549    0.379518    0.991896   -0.026308   -0.914168    0.244476    0.038171
   10.021231    0.370652    0.994224   -0.025938   -0.917201    0.236445    0.038382
   10.030913    0.361757    0.996474   -0.025565   -0.920171    0.228374    0.038591
   10.040596    0.352833    0.998646   -0.025190   -0.923076    0.220263    0.038797
   10.050278    0.343882    1.000739   -0.024814   -0.925916    0.212112    0.039001
   10.059961    0.334903    1.002753   -0.024435   -0.928691    0.203921    0.039203
   10.069643    0.325898    1.004688   -0.024055   -0.931400    0.195691    0.039401
   10.079325    0.316867    1.006543   -0.023672   -0.934043    0.187423    0.039598
   10.089008    0.307811    1.008317   -0.023288   -0.936618    0.179116    0.039791
   10.098690    0.298730    1.010011   -0.022902   -0.939126    0.170771    0.039982
   10.108373    0.289625    1.011624   -0.022514   -0.941565    0.162389    0.040171
   10.118055    0.280497    1.013156   -0.022124   -0.943936    0.153970    0.040356
   10.127737    0.271346    1.014606   -0.021732   -0.946237    0.145514    0.040539
   10.137420    0.262173    1.015974   -0.021339   -0.948469    0.137021    0.040719
   10.147102    0.252979    1.017259   -0.020944   -0.950629    0.128493    0.040896
   10.156785    0.243765    1.018462   -0.020547   -0.952719    0.119929    0.041071
   10.166467    0.234530    1.019581   -0.020148   -0.954737    0.111330    0.041243
   10.176149    0.225277    1.020617   -0.019748   -0.956683    0.102697    0.041412
   10.185832    0.216005    1.021570   -0.019346   -0.958556    0.094030    0.041577
   10.195514    0.206715    1.022438   -0.018943   -0.960355    0.085329    0.041740
   10.205196    0.197408    1.023222   -0.018538   -0.962080    0.076595    0.041900
   10.214879    0.188085    1.023921   -0.018132   -0.963731    0.067828    0.042058
   10.224561    0.178746    1.024535   -0.017724   -0.965307    0.059029    0.042212
   10.234244    0.169392    1.025064   -0.017314   -0.966807    0.050199    0.042362
   10.243926    0.160024    1.025507   -0.016903   -0.968230    0.041337    0.042510
   10.253608    0.150642    1.025865   -0.016491   -0.969577    0.032445    0.042655
   10.263291    0.141248    1.026136   -0.016077   -0.970846    0.023523    0.042797
   10.272973    0.131843    1.026320   -0.015662   -0.972037    0.014572    0.042935
   10.282656    0.122425    1.026418   -0.015246   -0.973149    0.005591    0.043070
   10.292338    0.112998    1.026428   -0.014828   -0.974183   -0.003418    0.043202
   10.302020    0.103561    1.026351   -0.014409   -0.975136   -0.012454    0.043331
   10.311703    0.094115    1.026187   -0.013989   -0.976009   -0.021518    0.043456
   10.321385    0.084661    1.025935   -0.013568   -0.976801   -0.030609    0.043578
   10.331068    0.075200    1.025594   -0.013145   -0.977511   -0.039725    0.043697
   10.340750    0.065732    1.025165   -0.012722   -0.978139   -0.048867    0.043813
   10.350432    0.056258    1.024648   -0.012297   -0.978685   -0.058033    0.043924
   10.360115    0.046780    1.024041   -0.011871   -0.979147   -0.067224    0.044033
   10.369797    0.037298    1.023346   -0.011444   -0.979525   -0.076438    0.044138
   10.379480    0.027812    1.022561   -0.011016   -0.979819   -0.085675    0.044239
   10.389162    0.018324    1.021687   -0.010587   -0.980028   -0.094934    0.044337
   10.398844    0.008834    1.020723   -0.010158   -0.980152   -0.104214    0.044431
   10.408527   -0.000656    1.019669   -0.009727   -0.980189   -0.113515    0.044522
   10.418209   -0.010146    1.018524   -0.009296   -0.980139   -0.122836    0.044609
   10.427891   -0.019636    1.017290   -0.008863   -0.980003   -0.132176    0.044692
   10.437574   -0.029124    1.015965   -0.008430   -0.979778   -0.141535    0.044772
   10.447256   -0.038609    1.014549   -0.007996   -0.979465   -0.150912    0.044848
   10.456939   -0.048091    1.013042   -0.007562   -0.979064   -0.160306    0.044920
   10.466621   -0.057568    1.011445   -0.007126   -0.978573   -0.169716    0.044988
   10.476303   -0.067040    1.009756   -0.006691   -0.977992   -0.179142    0.045052
   10.485986   -0.076506    1.007976   -0.006254   -0.977320   -0.188582    0.045113
   10.495668   -0.085965    1.006104   -0.005817   -0.976557   -0.198036    0.045170
   10.505351   -0.095417    1.004141   -0.005379   -0.975703   -0.207504    0.045222
   10.515033   -0.104859    1.002086   -0.004941   -0.974757   -0.216983    0.045271
   10.524715   -0.114292    0.999939   -0.004503   -0.973718   -0.226475    0.045316
   10.534398   -0.123715    0.997700   -0.004064   -0.972585   -0.235976    0.045357
   10.544080   -0.133126    0.995369   -0.003624   -0.971360   -0.245488    0.045393
   10.553763   -0.142525    0.992946   -0.003185   -0.970040   -0.255008    0.045426
   10.563445   -0.151910    0.990431   -0.002745   -0.968625   -0.264536    0.045454
   10.573127   -0.161282    0.987823   -0.002304   -0.967116   -0.274072    0.045479
   10.582810   -0.170638    0.985124   -0.001864   -0.965510   -0.283613    0.045499
   10.592492   -0.179978    0.982331   -0.001423   -0.963809   -0.293160    0.045515
   10.602174   -0.189302    0.979447   -0.000983   -0.962011   -0.302711    0.045527
   10.611857   -0.198607    0.976469   -0.000542   -0.960116   -0.312265    0.045534
   10.621539   -0.207894    0.973400   -0.000101   -0.958124   -0.321822    0.045537
   10.631222   -0.217161    0.970237    0.000340   -0.956034   -0.331380    0.045536
   10.640904   -0.226407    0.966983    0.000781   -0.953845   -0.340938    0.045530
   10.650586   -0.235631    0.963635    0.001222   -0.951558   -0.350496    0.045521
   10.660269   -0.244833    0.960195    0.001662   -0.949171   -0.360052    0.045506
   10.669951   -0.254012    0.956663    0.002103   -0.946685   -0.369605    0.045487
   10.679634   -0.263165    0.953038    0.002543   -0.944099   -0.379155    0.045464
   10.689316   -0.272293    0.949321    0.002983   -0.941412   -0.388700    0.045436
   10.698998   -0.281395    0.945511    0.003423   -0.938625   -0.398239    0.045404
   10.708681   -0.290469    0.941609    0.003862   -0.935736   -0.407771    0.045367
   10.718363   -0.299515    0.937615    0.004302   -0.932746   -0.417295    0.045326
   10.728046   -0.308532    0.933528    0.004740   -0.929654   -0.426810    0.045280
   10.737728   -0.317517    0.929349    0.005178   -0.926460   -0.436315    0.045229
   10.747410   -0.326472    0.925079    0.005616   -0.923163   -0.445808    0.045174
   10.757093   -0.335394    0.920717    0.006053   -0.919763   -0.455289    0.045114
   10.766775   -0.344283    0.916262    0.006490   -0.916261   -0.464756    0.045050
   10.776458   -0.353137    0.911717    0.006926   -0.912654   -0.474208    0.044980
   10.786140   -0.361956    0.907080    0.007361   -0.908944   -0.483644    0.044906
   10.795822   -0.370738    0.902351    0.007795   -0.905130   -0.493063    0.044827
   10.805505   -0.379483    0.897532    0.008229   -0.901212   -0.502463    0.044744
   10.815187   -0.388189    0.892621    0.008662   -0.897189   -0.511843    0.044655
   10.824869   -0.396856    0.887620    0.009093   -0.893062   -0.521203    0.044562
   10.834552   -0.405483    0.882528    0.009524   -0.888830   -0.530541    0.044464
   10.844234   -0.414068    0.877346    0.009954   -0.884492   -0.539855    0.044360
   10.853917   -0.422611    0.872074    0.010383   -0.880049   -0.549144    0.044252
   10.863599   -0.431110    0.866712    0.010811   -0.875501   -0.558407    0.044140
   10.873281   -0.439564    0.861261    0.011238   -0.870847   -0.567643    0.044022
   10.882964   -0.447973    0.855720    0.011664   -0.866088   -0.576851    0.043899
   10.892646   -0.456335    0.850090    0.012088   -0.861223   -0.586028    0.043771
   10.902329   -0.464650    0.844372    0.012511   -0.856251   -0.595174    0.043638
   10.912011   -0.472916    0.838565    0.012933   -0.851174   -0.604288    0.043500
   10.921693   -0.481133    0.832670    0.013354   -0.845991   -0.613368    0.043358
   10.931376   -0.489298    0.826687    0.013773   -0.840701   -0.622412    0.043210
   10.931376   -0.489298    0.826687    0.013773   -0.840701   -0.622412    0.043210
