 0  0.00000e+00 0.00000e+00 0.00000e+00 0.00000e+00 0.00000e+00 0.00000e+00
 0  0.00000e+00 0.00000e+00 0.00000e+00 0.00000e+00 0.00000e+00 0.00000e+00

 1  4.93038e-32 1.23260e-32 0.00000e+00 1.23260e-32 0.00000e+00 0.00000e+00
 1  4.93038e-32 1.23260e-32 0.00000e+00 1.23260e-32 0.00000e+00 0.00000e+00

 2  3.59507e-32 3.69779e-32 3.76158e-36 4.51952e-32 4.21137e-32 1.90587e-35
 2  3.59507e-32 3.69779e-32 3.76158e-36 4.51952e-32 4.21137e-32 1.90587e-35

  5.39343e-32 1.89980e-32 2.32395e-38
  5.20156e-32 3.53112e-32 1.12935e-36

 0      0.0706713412	      0.0000000000	      0.0706713412	
 1      0.0371766283	      0.0000000000	      0.0371766283	
 2      0.0000000000	      0.0000000000	      0.0000000000	

FLeg = 0.1078479695
ToF_Leg (actual) = 3.9568647700
ToF_Leg (design) = 3.9568650752
