 0  8.34784e-28 9.72330e-28 9.21602e-29 1.40759e-25 1.61586e-25 1.87512e-26
 0  8.34784e-28 9.72330e-28 9.21602e-29 1.40759e-25 1.61586e-25 1.87512e-26

 1  5.76159e-23 3.24844e-25 2.92462e-25 1.43241e-23 2.68006e-23 9.55988e-27
 1  5.76159e-23 3.24844e-25 2.92462e-25 1.43241e-23 2.68006e-23 9.55988e-27

 2  6.40050e-23 4.16139e-23 1.40763e-25 1.80460e-23 6.48806e-23 1.61496e-25
 2  6.40050e-23 4.16139e-23 1.40763e-25 1.80460e-23 6.48806e-23 1.61496e-25

  1.05759e-22 6.98857e-28 8.71253e-32
  8.30875e-23 5.63555e-28 7.14800e-33

 0      0.0061543641	      0.0000000000	      0.0061543641	
 1      0.1277045308	      0.0000000000	      0.1277045308	
 2      0.0000000000	      0.0000000000	      0.0000000000	

FLeg = 0.1338588949
ToF_Leg (actual) = 4.7237801900
ToF_Leg (design) = 4.7237805054
