 0  3.59507e-32 3.69779e-32 3.76158e-36 4.51952e-32 4.21137e-32 1.90587e-35
 0  3.59507e-32 3.69779e-32 3.76158e-36 4.51952e-32 4.21137e-32 1.90587e-35

 1  4.13741e-30 1.40105e-30 2.31143e-33 7.13210e-30 3.96485e-31 1.74136e-33
 1  4.13741e-30 1.40105e-30 2.31143e-33 7.13210e-30 3.96485e-31 1.74136e-33

 2  7.92353e-30 8.80278e-31 3.34260e-33 7.83725e-30 2.21456e-30 9.54940e-34
 2  7.92353e-30 8.80278e-31 3.34260e-33 7.83725e-30 2.21456e-30 9.54940e-34

  8.71873e-30 8.84062e-32 1.48088e-35
  9.80038e-30 2.52364e-31 2.70934e-35

 0      0.0000000000	      0.0000000000	      0.0000000000	
 1      0.0245143361	      0.0000000000	      0.0245143361	
 2      0.0000000000	      0.0000000000	      0.0000000000	

FLeg = 0.0245143361
ToF_Leg (actual) = 2.2507308200
ToF_Leg (design) = 2.2507311325
