    0.292664	    0.956215	0.000000e+00	3.162278e-03	
    0.292664	    0.956215	9.771975e-04	3.007505e-03	
    0.292664	    0.956215	1.858740e-03	2.558336e-03	
    0.292664	    0.956215	2.558336e-03	1.858740e-03	
    0.292664	    0.956215	3.007505e-03	9.771975e-04	
    0.292664	    0.956215	3.162278e-03	1.936337e-19	
    0.292664	    0.956215	3.007505e-03	-9.771975e-04	
    0.292664	    0.956215	2.558336e-03	-1.858740e-03	
    0.292664	    0.956215	1.858740e-03	-2.558336e-03	
    0.292664	    0.956215	9.771975e-04	-3.007505e-03	
    0.292664	    0.956215	3.872673e-19	-3.162278e-03	
    0.292664	    0.956215	-9.771975e-04	-3.007505e-03	
    0.292664	    0.956215	-1.858740e-03	-2.558336e-03	
    0.292664	    0.956215	-2.558336e-03	-1.858740e-03	
    0.292664	    0.956215	-3.007505e-03	-9.771975e-04	
    0.292664	    0.956215	-3.162278e-03	-5.809010e-19	
    0.292664	    0.956215	-3.007505e-03	9.771975e-04	
    0.292664	    0.956215	-2.558336e-03	1.858740e-03	
    0.292664	    0.956215	-1.858740e-03	2.558336e-03	
    0.292664	    0.956215	-9.771975e-04	3.007505e-03	
    0.292664	    0.956215	-7.745346e-19	3.162278e-03	


    0.292664	    0.956215	0.000000e+00	3.162278e-03	
    0.292664	    0.956215	9.771975e-04	3.007505e-03	
    0.292664	    0.956215	1.858740e-03	2.558336e-03	
    0.292664	    0.956215	2.558336e-03	1.858740e-03	
    0.292664	    0.956215	3.007505e-03	9.771975e-04	
    0.292664	    0.956215	3.162278e-03	1.936337e-19	
    0.292664	    0.956215	3.007505e-03	-9.771975e-04	
    0.292664	    0.956215	2.558336e-03	-1.858740e-03	
    0.292664	    0.956215	1.858740e-03	-2.558336e-03	
    0.292664	    0.956215	9.771975e-04	-3.007505e-03	
    0.292664	    0.956215	3.872673e-19	-3.162278e-03	
    0.292664	    0.956215	-9.771975e-04	-3.007505e-03	
    0.292664	    0.956215	-1.858740e-03	-2.558336e-03	
    0.292664	    0.956215	-2.558336e-03	-1.858740e-03	
    0.292664	    0.956215	-3.007505e-03	-9.771975e-04	
    0.292664	    0.956215	-3.162278e-03	-5.809010e-19	
    0.292664	    0.956215	-3.007505e-03	9.771975e-04	
    0.292664	    0.956215	-2.558336e-03	1.858740e-03	
    0.292664	    0.956215	-1.858740e-03	2.558336e-03	
    0.292664	    0.956215	-9.771975e-04	3.007505e-03	
    0.292664	    0.956215	-7.745346e-19	3.162278e-03	


    0.040126	    0.988263	-1.926546e-03	-2.550513e-03	
    0.040126	    0.988263	-2.552444e-03	-1.881682e-03	
    0.040126	    0.988263	-2.928491e-03	-1.028659e-03	
    0.040126	    0.988263	-3.017877e-03	-7.494411e-05	
    0.040126	    0.988263	-2.811852e-03	8.861073e-04	
    0.040126	    0.988263	-2.330583e-03	1.760420e-03	
    0.040126	    0.988263	-1.621181e-03	2.462411e-03	
    0.040126	    0.988263	-7.530864e-04	2.923364e-03	
    0.040126	    0.988263	1.887257e-04	3.098158e-03	
    0.040126	    0.988263	1.112064e-03	2.969682e-03	
    0.040126	    0.988263	1.926546e-03	2.550513e-03	
    0.040126	    0.988263	2.552444e-03	1.881682e-03	
    0.040126	    0.988263	2.928491e-03	1.028659e-03	
    0.040126	    0.988263	3.017877e-03	7.494411e-05	
    0.040126	    0.988263	2.811852e-03	-8.861073e-04	
    0.040126	    0.988263	2.330583e-03	-1.760420e-03	
    0.040126	    0.988263	1.621181e-03	-2.462411e-03	
    0.040126	    0.988263	7.530864e-04	-2.923364e-03	
    0.040126	    0.988263	-1.887257e-04	-3.098158e-03	
    0.040126	    0.988263	-1.112064e-03	-2.969682e-03	
    0.040126	    0.988263	-1.926546e-03	-2.550513e-03	


    0.040126	    0.988263	-1.926546e-03	-2.550513e-03	
    0.040126	    0.988263	-2.552444e-03	-1.881682e-03	
    0.040126	    0.988263	-2.928491e-03	-1.028659e-03	
    0.040126	    0.988263	-3.017877e-03	-7.494411e-05	
    0.040126	    0.988263	-2.811852e-03	8.861073e-04	
    0.040126	    0.988263	-2.330583e-03	1.760420e-03	
    0.040126	    0.988263	-1.621181e-03	2.462411e-03	
    0.040126	    0.988263	-7.530864e-04	2.923364e-03	
    0.040126	    0.988263	1.887257e-04	3.098158e-03	
    0.040126	    0.988263	1.112064e-03	2.969682e-03	
    0.040126	    0.988263	1.926546e-03	2.550513e-03	
    0.040126	    0.988263	2.552444e-03	1.881682e-03	
    0.040126	    0.988263	2.928491e-03	1.028659e-03	
    0.040126	    0.988263	3.017877e-03	7.494411e-05	
    0.040126	    0.988263	2.811852e-03	-8.861073e-04	
    0.040126	    0.988263	2.330583e-03	-1.760420e-03	
    0.040126	    0.988263	1.621181e-03	-2.462411e-03	
    0.040126	    0.988263	7.530864e-04	-2.923364e-03	
    0.040126	    0.988263	-1.887257e-04	-3.098158e-03	
    0.040126	    0.988263	-1.112064e-03	-2.969682e-03	
    0.040126	    0.988263	-1.926546e-03	-2.550513e-03	


   -0.214864	    0.958032	-1.751585e-03	-2.971690e-03	
   -0.214864	    0.958032	-2.328451e-03	-2.435695e-03	
   -0.214864	    0.958032	-2.677392e-03	-1.661278e-03	
   -0.214864	    0.958032	-2.764252e-03	-7.242440e-04	
   -0.214864	    0.958032	-2.580527e-03	2.836846e-04	
   -0.214864	    0.958032	-2.144202e-03	1.263844e-03	
   -0.214864	    0.958032	-1.497988e-03	2.120290e-03	
   -0.214864	    0.958032	-7.051403e-04	2.769187e-03	
   -0.214864	    0.958032	1.567315e-04	3.147016e-03	
   -0.214864	    0.958032	1.003261e-03	3.216794e-03	
   -0.214864	    0.958032	1.751585e-03	2.971690e-03	
   -0.214864	    0.958032	2.328451e-03	2.435695e-03	
   -0.214864	    0.958032	2.677392e-03	1.661278e-03	
   -0.214864	    0.958032	2.764252e-03	7.242440e-04	
   -0.214864	    0.958032	2.580527e-03	-2.836846e-04	
   -0.214864	    0.958032	2.144202e-03	-1.263844e-03	
   -0.214864	    0.958032	1.497988e-03	-2.120290e-03	
   -0.214864	    0.958032	7.051403e-04	-2.769187e-03	
   -0.214864	    0.958032	-1.567315e-04	-3.147016e-03	
   -0.214864	    0.958032	-1.003261e-03	-3.216794e-03	
   -0.214864	    0.958032	-1.751585e-03	-2.971690e-03	


   -0.214864	    0.958032	-1.751585e-03	-2.971690e-03	
   -0.214864	    0.958032	-2.328451e-03	-2.435695e-03	
   -0.214864	    0.958032	-2.677392e-03	-1.661278e-03	
   -0.214864	    0.958032	-2.764252e-03	-7.242440e-04	
   -0.214864	    0.958032	-2.580527e-03	2.836846e-04	
   -0.214864	    0.958032	-2.144202e-03	1.263844e-03	
   -0.214864	    0.958032	-1.497988e-03	2.120290e-03	
   -0.214864	    0.958032	-7.051403e-04	2.769187e-03	
   -0.214864	    0.958032	1.567315e-04	3.147016e-03	
   -0.214864	    0.958032	1.003261e-03	3.216794e-03	
   -0.214864	    0.958032	1.751585e-03	2.971690e-03	
   -0.214864	    0.958032	2.328451e-03	2.435695e-03	
   -0.214864	    0.958032	2.677392e-03	1.661278e-03	
   -0.214864	    0.958032	2.764252e-03	7.242440e-04	
   -0.214864	    0.958032	2.580527e-03	-2.836846e-04	
   -0.214864	    0.958032	2.144202e-03	-1.263844e-03	
   -0.214864	    0.958032	1.497988e-03	-2.120290e-03	
   -0.214864	    0.958032	7.051403e-04	-2.769187e-03	
   -0.214864	    0.958032	-1.567315e-04	-3.147016e-03	
   -0.214864	    0.958032	-1.003261e-03	-3.216794e-03	
   -0.214864	    0.958032	-1.751585e-03	-2.971690e-03	


   -0.455976	    0.866117	-1.670934e-03	-3.494449e-03	
   -0.455976	    0.866117	-2.149994e-03	-3.055242e-03	
   -0.455976	    0.866117	-2.418596e-03	-2.316967e-03	
   -0.455976	    0.866117	-2.450450e-03	-1.351891e-03	
   -0.455976	    0.866117	-2.242437e-03	-2.544828e-04	
   -0.455976	    0.866117	-1.814918e-03	8.678362e-04	
   -0.455976	    0.866117	-1.209743e-03	1.905205e-03	
   -0.455976	    0.866117	-4.861490e-04	2.756080e-03	
   -0.455976	    0.866117	2.850323e-04	3.337170e-03	
   -0.455976	    0.866117	1.028313e-03	3.591595e-03	
   -0.455976	    0.866117	1.670934e-03	3.494449e-03	
   -0.455976	    0.866117	2.149994e-03	3.055242e-03	
   -0.455976	    0.866117	2.418596e-03	2.316967e-03	
   -0.455976	    0.866117	2.450450e-03	1.351891e-03	
   -0.455976	    0.866117	2.242437e-03	2.544828e-04	
   -0.455976	    0.866117	1.814918e-03	-8.678362e-04	
   -0.455976	    0.866117	1.209743e-03	-1.905205e-03	
   -0.455976	    0.866117	4.861490e-04	-2.756080e-03	
   -0.455976	    0.866117	-2.850323e-04	-3.337170e-03	
   -0.455976	    0.866117	-1.028313e-03	-3.591595e-03	
   -0.455976	    0.866117	-1.670934e-03	-3.494449e-03	


   -0.455976	    0.866117	-1.670934e-03	-3.494449e-03	
   -0.455976	    0.866117	-2.149994e-03	-3.055242e-03	
   -0.455976	    0.866117	-2.418596e-03	-2.316967e-03	
   -0.455976	    0.866117	-2.450450e-03	-1.351891e-03	
   -0.455976	    0.866117	-2.242437e-03	-2.544828e-04	
   -0.455976	    0.866117	-1.814918e-03	8.678362e-04	
   -0.455976	    0.866117	-1.209743e-03	1.905205e-03	
   -0.455976	    0.866117	-4.861490e-04	2.756080e-03	
   -0.455976	    0.866117	2.850323e-04	3.337170e-03	
   -0.455976	    0.866117	1.028313e-03	3.591595e-03	
   -0.455976	    0.866117	1.670934e-03	3.494449e-03	
   -0.455976	    0.866117	2.149994e-03	3.055242e-03	
   -0.455976	    0.866117	2.418596e-03	2.316967e-03	
   -0.455976	    0.866117	2.450450e-03	1.351891e-03	
   -0.455976	    0.866117	2.242437e-03	2.544828e-04	
   -0.455976	    0.866117	1.814918e-03	-8.678362e-04	
   -0.455976	    0.866117	1.209743e-03	-1.905205e-03	
   -0.455976	    0.866117	4.861490e-04	-2.756080e-03	
   -0.455976	    0.866117	-2.850323e-04	-3.337170e-03	
   -0.455976	    0.866117	-1.028313e-03	-3.591595e-03	
   -0.455976	    0.866117	-1.670934e-03	-3.494449e-03	


   -0.667454	    0.717931	-1.555826e-03	-4.063283e-03	
   -0.667454	    0.717931	-1.942487e-03	-3.687203e-03	
   -0.667454	    0.717931	-2.139004e-03	-2.950194e-03	
   -0.667454	    0.717931	-2.126140e-03	-1.924399e-03	
   -0.667454	    0.717931	-1.905154e-03	-7.102310e-04	
   -0.667454	    0.717931	-1.497679e-03	5.734596e-04	
   -0.667454	    0.717931	-9.436007e-04	1.801016e-03	
   -0.667454	    0.717931	-2.971561e-04	2.852276e-03	
   -0.667454	    0.717931	3.783762e-04	3.624336e-03	
   -0.667454	    0.717931	1.016870e-03	4.041620e-03	
   -0.667454	    0.717931	1.555826e-03	4.063283e-03	
   -0.667454	    0.717931	1.942487e-03	3.687203e-03	
   -0.667454	    0.717931	2.139004e-03	2.950194e-03	
   -0.667454	    0.717931	2.126140e-03	1.924399e-03	
   -0.667454	    0.717931	1.905154e-03	7.102310e-04	
   -0.667454	    0.717931	1.497679e-03	-5.734596e-04	
   -0.667454	    0.717931	9.436007e-04	-1.801016e-03	
   -0.667454	    0.717931	2.971561e-04	-2.852276e-03	
   -0.667454	    0.717931	-3.783762e-04	-3.624336e-03	
   -0.667454	    0.717931	-1.016870e-03	-4.041620e-03	
   -0.667454	    0.717931	-1.555826e-03	-4.063283e-03	


   -0.667454	    0.717931	-1.555826e-03	-4.063283e-03	
   -0.667454	    0.717931	-1.942487e-03	-3.687203e-03	
   -0.667454	    0.717931	-2.139004e-03	-2.950194e-03	
   -0.667454	    0.717931	-2.126140e-03	-1.924399e-03	
   -0.667454	    0.717931	-1.905154e-03	-7.102310e-04	
   -0.667454	    0.717931	-1.497679e-03	5.734596e-04	
   -0.667454	    0.717931	-9.436007e-04	1.801016e-03	
   -0.667454	    0.717931	-2.971561e-04	2.852276e-03	
   -0.667454	    0.717931	3.783762e-04	3.624336e-03	
   -0.667454	    0.717931	1.016870e-03	4.041620e-03	
   -0.667454	    0.717931	1.555826e-03	4.063283e-03	
   -0.667454	    0.717931	1.942487e-03	3.687203e-03	
   -0.667454	    0.717931	2.139004e-03	2.950194e-03	
   -0.667454	    0.717931	2.126140e-03	1.924399e-03	
   -0.667454	    0.717931	1.905154e-03	7.102310e-04	
   -0.667454	    0.717931	1.497679e-03	-5.734596e-04	
   -0.667454	    0.717931	9.436007e-04	-1.801016e-03	
   -0.667454	    0.717931	2.971561e-04	-2.852276e-03	
   -0.667454	    0.717931	-3.783762e-04	-3.624336e-03	
   -0.667454	    0.717931	-1.016870e-03	-4.041620e-03	
   -0.667454	    0.717931	-1.555826e-03	-4.063283e-03	


   -0.835785	    0.523290	-1.238485e-03	-4.603231e-03	
   -0.835785	    0.523290	-1.561376e-03	-4.274751e-03	
   -0.835785	    0.523290	-1.731429e-03	-3.527829e-03	
   -0.835785	    0.523290	-1.731997e-03	-2.435579e-03	
   -0.835785	    0.523290	-1.563026e-03	-1.104917e-03	
   -0.835785	    0.523290	-1.241054e-03	3.339019e-04	
   -0.835785	    0.523290	-7.976000e-04	1.740036e-03	
   -0.835785	    0.523290	-2.760709e-04	2.975843e-03	
   -0.835785	    0.523290	2.724819e-04	3.920355e-03	
   -0.835785	    0.523290	7.943623e-04	4.481114e-03	
   -0.835785	    0.523290	1.238485e-03	4.603231e-03	
   -0.835785	    0.523290	1.561376e-03	4.274751e-03	
   -0.835785	    0.523290	1.731429e-03	3.527829e-03	
   -0.835785	    0.523290	1.731997e-03	2.435579e-03	
   -0.835785	    0.523290	1.563026e-03	1.104917e-03	
   -0.835785	    0.523290	1.241054e-03	-3.339019e-04	
   -0.835785	    0.523290	7.976000e-04	-1.740036e-03	
   -0.835785	    0.523290	2.760709e-04	-2.975843e-03	
   -0.835785	    0.523290	-2.724819e-04	-3.920355e-03	
   -0.835785	    0.523290	-7.943623e-04	-4.481114e-03	
   -0.835785	    0.523290	-1.238485e-03	-4.603231e-03	


   -0.835785	    0.523290	-1.238485e-03	-4.603231e-03	
   -0.835785	    0.523290	-1.561376e-03	-4.274751e-03	
   -0.835785	    0.523290	-1.731429e-03	-3.527829e-03	
   -0.835785	    0.523290	-1.731997e-03	-2.435579e-03	
   -0.835785	    0.523290	-1.563026e-03	-1.104917e-03	
   -0.835785	    0.523290	-1.241054e-03	3.339019e-04	
   -0.835785	    0.523290	-7.976000e-04	1.740036e-03	
   -0.835785	    0.523290	-2.760709e-04	2.975843e-03	
   -0.835785	    0.523290	2.724819e-04	3.920355e-03	
   -0.835785	    0.523290	7.943623e-04	4.481114e-03	
   -0.835785	    0.523290	1.238485e-03	4.603231e-03	
   -0.835785	    0.523290	1.561376e-03	4.274751e-03	
   -0.835785	    0.523290	1.731429e-03	3.527829e-03	
   -0.835785	    0.523290	1.731997e-03	2.435579e-03	
   -0.835785	    0.523290	1.563026e-03	1.104917e-03	
   -0.835785	    0.523290	1.241054e-03	-3.339019e-04	
   -0.835785	    0.523290	7.976000e-04	-1.740036e-03	
   -0.835785	    0.523290	2.760709e-04	-2.975843e-03	
   -0.835785	    0.523290	-2.724819e-04	-3.920355e-03	
   -0.835785	    0.523290	-7.943623e-04	-4.481114e-03	
   -0.835785	    0.523290	-1.238485e-03	-4.603231e-03	


   -0.951040	    0.295343	-7.349404e-04	-4.967556e-03	
   -0.951040	    0.295343	-1.020339e-03	-4.676880e-03	
   -0.951040	    0.295343	-1.205860e-03	-3.928399e-03	
   -0.951040	    0.295343	-1.273343e-03	-2.795379e-03	
   -0.951040	    0.295343	-1.216182e-03	-1.388728e-03	
   -0.951040	    0.295343	-1.039973e-03	1.538620e-04	
   -0.951040	    0.295343	-7.619638e-04	1.681391e-03	
   -0.951040	    0.295343	-4.093685e-04	3.044333e-03	
   -0.951040	    0.295343	-1.670140e-05	4.109275e-03	
   -0.951040	    0.295343	3.776006e-04	4.771972e-03	
   -0.951040	    0.295343	7.349404e-04	4.967556e-03	
   -0.951040	    0.295343	1.020339e-03	4.676880e-03	
   -0.951040	    0.295343	1.205860e-03	3.928399e-03	
   -0.951040	    0.295343	1.273343e-03	2.795379e-03	
   -0.951040	    0.295343	1.216182e-03	1.388728e-03	
   -0.951040	    0.295343	1.039973e-03	-1.538620e-04	
   -0.951040	    0.295343	7.619638e-04	-1.681391e-03	
   -0.951040	    0.295343	4.093685e-04	-3.044333e-03	
   -0.951040	    0.295343	1.670140e-05	-4.109275e-03	
   -0.951040	    0.295343	-3.776006e-04	-4.771972e-03	
   -0.951040	    0.295343	-7.349404e-04	-4.967556e-03	


   -0.951040	    0.295343	-7.349404e-04	-4.967556e-03	
   -0.951040	    0.295343	-1.020339e-03	-4.676880e-03	
   -0.951040	    0.295343	-1.205860e-03	-3.928399e-03	
   -0.951040	    0.295343	-1.273343e-03	-2.795379e-03	
   -0.951040	    0.295343	-1.216182e-03	-1.388728e-03	
   -0.951040	    0.295343	-1.039973e-03	1.538620e-04	
   -0.951040	    0.295343	-7.619638e-04	1.681391e-03	
   -0.951040	    0.295343	-4.093685e-04	3.044333e-03	
   -0.951040	    0.295343	-1.670140e-05	4.109275e-03	
   -0.951040	    0.295343	3.776006e-04	4.771972e-03	
   -0.951040	    0.295343	7.349404e-04	4.967556e-03	
   -0.951040	    0.295343	1.020339e-03	4.676880e-03	
   -0.951040	    0.295343	1.205860e-03	3.928399e-03	
   -0.951040	    0.295343	1.273343e-03	2.795379e-03	
   -0.951040	    0.295343	1.216182e-03	1.388728e-03	
   -0.951040	    0.295343	1.039973e-03	-1.538620e-04	
   -0.951040	    0.295343	7.619638e-04	-1.681391e-03	
   -0.951040	    0.295343	4.093685e-04	-3.044333e-03	
   -0.951040	    0.295343	1.670140e-05	-4.109275e-03	
   -0.951040	    0.295343	-3.776006e-04	-4.771972e-03	
   -0.951040	    0.295343	-7.349404e-04	-4.967556e-03	


   -1.007627	    0.049086	-1.020974e-04	-5.048016e-03	
   -1.007627	    0.049086	-3.666438e-04	-4.795497e-03	
   -1.007627	    0.049086	-5.953005e-04	-4.073561e-03	
   -1.007627	    0.049086	-7.656850e-04	-2.952877e-03	
   -1.007627	    0.049086	-8.611190e-04	-1.543145e-03	
   -1.007627	    0.049086	-8.722606e-04	1.764170e-05	
   -1.007627	    0.049086	-7.980193e-04	1.576701e-03	
   -1.007627	    0.049086	-6.456623e-04	2.981422e-03	
   -1.007627	    0.049086	-4.301034e-04	4.094300e-03	
   -1.007627	    0.049086	-1.724429e-04	4.806400e-03	
   -1.007627	    0.049086	1.020974e-04	5.048016e-03	
   -1.007627	    0.049086	3.666438e-04	4.795497e-03	
   -1.007627	    0.049086	5.953005e-04	4.073561e-03	
   -1.007627	    0.049086	7.656850e-04	2.952877e-03	
   -1.007627	    0.049086	8.611190e-04	1.543145e-03	
   -1.007627	    0.049086	8.722606e-04	-1.764170e-05	
   -1.007627	    0.049086	7.980193e-04	-1.576701e-03	
   -1.007627	    0.049086	6.456623e-04	-2.981422e-03	
   -1.007627	    0.049086	4.301034e-04	-4.094300e-03	
   -1.007627	    0.049086	1.724429e-04	-4.806400e-03	
   -1.007627	    0.049086	-1.020974e-04	-5.048016e-03	


   -1.007627	    0.049086	-1.020974e-04	-5.048016e-03	
   -1.007627	    0.049086	-3.666438e-04	-4.795497e-03	
   -1.007627	    0.049086	-5.953005e-04	-4.073561e-03	
   -1.007627	    0.049086	-7.656850e-04	-2.952877e-03	
   -1.007627	    0.049086	-8.611190e-04	-1.543145e-03	
   -1.007627	    0.049086	-8.722606e-04	1.764170e-05	
   -1.007627	    0.049086	-7.980193e-04	1.576701e-03	
   -1.007627	    0.049086	-6.456623e-04	2.981422e-03	
   -1.007627	    0.049086	-4.301034e-04	4.094300e-03	
   -1.007627	    0.049086	-1.724429e-04	4.806400e-03	
   -1.007627	    0.049086	1.020974e-04	5.048016e-03	
   -1.007627	    0.049086	3.666438e-04	4.795497e-03	
   -1.007627	    0.049086	5.953005e-04	4.073561e-03	
   -1.007627	    0.049086	7.656850e-04	2.952877e-03	
   -1.007627	    0.049086	8.611190e-04	1.543145e-03	
   -1.007627	    0.049086	8.722606e-04	-1.764170e-05	
   -1.007627	    0.049086	7.980193e-04	-1.576701e-03	
   -1.007627	    0.049086	6.456623e-04	-2.981422e-03	
   -1.007627	    0.049086	4.301034e-04	-4.094300e-03	
   -1.007627	    0.049086	1.724429e-04	-4.806400e-03	
   -1.007627	    0.049086	-1.020974e-04	-5.048016e-03	


   -1.004374	   -0.200186	4.934081e-04	-4.837783e-03	
   -1.004374	   -0.200186	2.425772e-04	-4.624124e-03	
   -1.004374	   -0.200186	-3.199882e-05	-3.957824e-03	
   -1.004374	   -0.200186	-3.034426e-04	-2.904105e-03	
   -1.004374	   -0.200186	-5.451833e-04	-1.566111e-03	
   -1.004374	   -0.200186	-7.335576e-04	-7.481594e-05	
   -1.004374	   -0.200186	-8.501263e-04	1.423803e-03	
   -1.004374	   -0.200186	-8.834786e-04	2.783050e-03	
   -1.004374	   -0.200186	-8.303499e-04	3.869873e-03	
   -1.004374	   -0.200186	-6.959408e-04	4.577886e-03	
   -1.004374	   -0.200186	-4.934081e-04	4.837783e-03	
   -1.004374	   -0.200186	-2.425772e-04	4.624124e-03	
   -1.004374	   -0.200186	3.199882e-05	3.957824e-03	
   -1.004374	   -0.200186	3.034426e-04	2.904105e-03	
   -1.004374	   -0.200186	5.451833e-04	1.566111e-03	
   -1.004374	   -0.200186	7.335576e-04	7.481594e-05	
   -1.004374	   -0.200186	8.501263e-04	-1.423803e-03	
   -1.004374	   -0.200186	8.834786e-04	-2.783050e-03	
   -1.004374	   -0.200186	8.303499e-04	-3.869873e-03	
   -1.004374	   -0.200186	6.959408e-04	-4.577886e-03	
   -1.004374	   -0.200186	4.934081e-04	-4.837783e-03	


   -1.004374	   -0.200186	4.934081e-04	-4.837783e-03	
   -1.004374	   -0.200186	2.425772e-04	-4.624124e-03	
   -1.004374	   -0.200186	-3.199882e-05	-3.957824e-03	
   -1.004374	   -0.200186	-3.034426e-04	-2.904105e-03	
   -1.004374	   -0.200186	-5.451833e-04	-1.566111e-03	
   -1.004374	   -0.200186	-7.335576e-04	-7.481594e-05	
   -1.004374	   -0.200186	-8.501263e-04	1.423803e-03	
   -1.004374	   -0.200186	-8.834786e-04	2.783050e-03	
   -1.004374	   -0.200186	-8.303499e-04	3.869873e-03	
   -1.004374	   -0.200186	-6.959408e-04	4.577886e-03	
   -1.004374	   -0.200186	-4.934081e-04	4.837783e-03	
   -1.004374	   -0.200186	-2.425772e-04	4.624124e-03	
   -1.004374	   -0.200186	3.199882e-05	3.957824e-03	
   -1.004374	   -0.200186	3.034426e-04	2.904105e-03	
   -1.004374	   -0.200186	5.451833e-04	1.566111e-03	
   -1.004374	   -0.200186	7.335576e-04	7.481594e-05	
   -1.004374	   -0.200186	8.501263e-04	-1.423803e-03	
   -1.004374	   -0.200186	8.834786e-04	-2.783050e-03	
   -1.004374	   -0.200186	8.303499e-04	-3.869873e-03	
   -1.004374	   -0.200186	6.959408e-04	-4.577886e-03	
   -1.004374	   -0.200186	4.934081e-04	-4.837783e-03	


   -0.944052	   -0.438180	9.677912e-04	-4.371674e-03	
   -0.944052	   -0.438180	7.268802e-04	-4.200555e-03	
   -0.944052	   -0.438180	4.148172e-04	-3.618257e-03	
   -0.944052	   -0.438180	6.214898e-05	-2.681778e-03	
   -0.944052	   -0.438180	-2.966028e-04	-1.482789e-03	
   -0.944052	   -0.438180	-6.263211e-04	-1.386535e-04	
   -0.944052	   -0.438180	-8.947307e-04	1.219054e-03	
   -0.944052	   -0.438180	-1.075558e-03	2.457432e-03	
   -0.944052	   -0.438180	-1.151102e-03	3.455260e-03	
   -0.944052	   -0.438180	-1.113968e-03	4.114862e-03	
   -0.944052	   -0.438180	-9.677912e-04	4.371674e-03	
   -0.944052	   -0.438180	-7.268802e-04	4.200555e-03	
   -0.944052	   -0.438180	-4.148172e-04	3.618257e-03	
   -0.944052	   -0.438180	-6.214898e-05	2.681778e-03	
   -0.944052	   -0.438180	2.966028e-04	1.482789e-03	
   -0.944052	   -0.438180	6.263211e-04	1.386535e-04	
   -0.944052	   -0.438180	8.947307e-04	-1.219054e-03	
   -0.944052	   -0.438180	1.075558e-03	-2.457432e-03	
   -0.944052	   -0.438180	1.151102e-03	-3.455260e-03	
   -0.944052	   -0.438180	1.113968e-03	-4.114862e-03	
   -0.944052	   -0.438180	9.677912e-04	-4.371674e-03	


   -0.944052	   -0.438180	9.677912e-04	-4.371674e-03	
   -0.944052	   -0.438180	7.268802e-04	-4.200555e-03	
   -0.944052	   -0.438180	4.148172e-04	-3.618257e-03	
   -0.944052	   -0.438180	6.214898e-05	-2.681778e-03	
   -0.944052	   -0.438180	-2.966028e-04	-1.482789e-03	
   -0.944052	   -0.438180	-6.263211e-04	-1.386535e-04	
   -0.944052	   -0.438180	-8.947307e-04	1.219054e-03	
   -0.944052	   -0.438180	-1.075558e-03	2.457432e-03	
   -0.944052	   -0.438180	-1.151102e-03	3.455260e-03	
   -0.944052	   -0.438180	-1.113968e-03	4.114862e-03	
   -0.944052	   -0.438180	-9.677912e-04	4.371674e-03	
   -0.944052	   -0.438180	-7.268802e-04	4.200555e-03	
   -0.944052	   -0.438180	-4.148172e-04	3.618257e-03	
   -0.944052	   -0.438180	-6.214898e-05	2.681778e-03	
   -0.944052	   -0.438180	2.966028e-04	1.482789e-03	
   -0.944052	   -0.438180	6.263211e-04	1.386535e-04	
   -0.944052	   -0.438180	8.947307e-04	-1.219054e-03	
   -0.944052	   -0.438180	1.075558e-03	-2.457432e-03	
   -0.944052	   -0.438180	1.151102e-03	-3.455260e-03	
   -0.944052	   -0.438180	1.113968e-03	-4.114862e-03	
   -0.944052	   -0.438180	9.677912e-04	-4.371674e-03	


   -0.832572	   -0.652520	1.262293e-03	-3.757670e-03	
   -0.832572	   -0.652520	1.029640e-03	-3.631157e-03	
   -0.832572	   -0.652520	6.961988e-04	-3.149200e-03	
   -0.832572	   -0.652520	2.946090e-04	-2.358978e-03	
   -0.832572	   -0.652520	-1.358193e-04	-1.337843e-03	
   -0.832572	   -0.652520	-5.529526e-04	-1.857502e-04	
   -0.832572	   -0.652520	-9.159591e-04	9.845251e-04	
   -0.832572	   -0.652520	-1.189305e-03	2.058428e-03	
   -0.832572	   -0.652520	-1.346234e-03	2.930838e-03	
   -0.832572	   -0.652520	-1.371383e-03	3.516357e-03	
   -0.832572	   -0.652520	-1.262293e-03	3.757670e-03	
   -0.832572	   -0.652520	-1.029640e-03	3.631157e-03	
   -0.832572	   -0.652520	-6.961988e-04	3.149200e-03	
   -0.832572	   -0.652520	-2.946090e-04	2.358978e-03	
   -0.832572	   -0.652520	1.358193e-04	1.337843e-03	
   -0.832572	   -0.652520	5.529526e-04	1.857502e-04	
   -0.832572	   -0.652520	9.159591e-04	-9.845251e-04	
   -0.832572	   -0.652520	1.189305e-03	-2.058428e-03	
   -0.832572	   -0.652520	1.346234e-03	-2.930838e-03	
   -0.832572	   -0.652520	1.371383e-03	-3.516357e-03	
   -0.832572	   -0.652520	1.262293e-03	-3.757670e-03	


   -0.832572	   -0.652520	1.262293e-03	-3.757670e-03	
   -0.832572	   -0.652520	1.029640e-03	-3.631157e-03	
   -0.832572	   -0.652520	6.961988e-04	-3.149200e-03	
   -0.832572	   -0.652520	2.946090e-04	-2.358978e-03	
   -0.832572	   -0.652520	-1.358193e-04	-1.337843e-03	
   -0.832572	   -0.652520	-5.529526e-04	-1.857502e-04	
   -0.832572	   -0.652520	-9.159591e-04	9.845251e-04	
   -0.832572	   -0.652520	-1.189305e-03	2.058428e-03	
   -0.832572	   -0.652520	-1.346234e-03	2.930838e-03	
   -0.832572	   -0.652520	-1.371383e-03	3.516357e-03	
   -0.832572	   -0.652520	-1.262293e-03	3.757670e-03	
   -0.832572	   -0.652520	-1.029640e-03	3.631157e-03	
   -0.832572	   -0.652520	-6.961988e-04	3.149200e-03	
   -0.832572	   -0.652520	-2.946090e-04	2.358978e-03	
   -0.832572	   -0.652520	1.358193e-04	1.337843e-03	
   -0.832572	   -0.652520	5.529526e-04	1.857502e-04	
   -0.832572	   -0.652520	9.159591e-04	-9.845251e-04	
   -0.832572	   -0.652520	1.189305e-03	-2.058428e-03	
   -0.832572	   -0.652520	1.346234e-03	-2.930838e-03	
   -0.832572	   -0.652520	1.371383e-03	-3.516357e-03	
   -0.832572	   -0.652520	1.262293e-03	-3.757670e-03	


   -0.678083	   -0.833235	1.349009e-03	-3.089988e-03	
   -0.678083	   -0.833235	1.124401e-03	-3.007987e-03	
   -0.678083	   -0.833235	7.897286e-04	-2.631543e-03	
   -0.678083	   -0.833235	3.777522e-04	-1.997505e-03	
   -0.678083	   -0.833235	-7.120128e-05	-1.167937e-03	
   -0.678083	   -0.833235	-5.131851e-04	-2.240433e-04	
   -0.678083	   -0.833235	-9.049347e-04	7.417811e-04	
   -0.678083	   -0.833235	-1.208103e-03	1.634995e-03	
   -0.678083	   -0.833235	-1.393014e-03	2.368164e-03	
   -0.678083	   -0.833235	-1.441567e-03	2.869520e-03	
   -0.678083	   -0.833235	-1.349009e-03	3.089988e-03	
   -0.678083	   -0.833235	-1.124401e-03	3.007987e-03	
   -0.678083	   -0.833235	-7.897286e-04	2.631543e-03	
   -0.678083	   -0.833235	-3.777522e-04	1.997505e-03	
   -0.678083	   -0.833235	7.120128e-05	1.167937e-03	
   -0.678083	   -0.833235	5.131851e-04	2.240433e-04	
   -0.678083	   -0.833235	9.049347e-04	-7.417811e-04	
   -0.678083	   -0.833235	1.208103e-03	-1.634995e-03	
   -0.678083	   -0.833235	1.393014e-03	-2.368164e-03	
   -0.678083	   -0.833235	1.441567e-03	-2.869520e-03	
   -0.678083	   -0.833235	1.349009e-03	-3.089988e-03	


   -0.678083	   -0.833235	1.349009e-03	-3.089988e-03	
   -0.678083	   -0.833235	1.124401e-03	-3.007987e-03	
   -0.678083	   -0.833235	7.897286e-04	-2.631543e-03	
   -0.678083	   -0.833235	3.777522e-04	-1.997505e-03	
   -0.678083	   -0.833235	-7.120128e-05	-1.167937e-03	
   -0.678083	   -0.833235	-5.131851e-04	-2.240433e-04	
   -0.678083	   -0.833235	-9.049347e-04	7.417811e-04	
   -0.678083	   -0.833235	-1.208103e-03	1.634995e-03	
   -0.678083	   -0.833235	-1.393014e-03	2.368164e-03	
   -0.678083	   -0.833235	-1.441567e-03	2.869520e-03	
   -0.678083	   -0.833235	-1.349009e-03	3.089988e-03	
   -0.678083	   -0.833235	-1.124401e-03	3.007987e-03	
   -0.678083	   -0.833235	-7.897286e-04	2.631543e-03	
   -0.678083	   -0.833235	-3.777522e-04	1.997505e-03	
   -0.678083	   -0.833235	7.120128e-05	1.167937e-03	
   -0.678083	   -0.833235	5.131851e-04	2.240433e-04	
   -0.678083	   -0.833235	9.049347e-04	-7.417811e-04	
   -0.678083	   -0.833235	1.208103e-03	-1.634995e-03	
   -0.678083	   -0.833235	1.393014e-03	-2.368164e-03	
   -0.678083	   -0.833235	1.441567e-03	-2.869520e-03	
   -0.678083	   -0.833235	1.349009e-03	-3.089988e-03	


   -0.490118	   -0.972912	1.270378e-03	-2.471543e-03	
   -0.490118	   -0.972912	1.052990e-03	-2.430356e-03	
   -0.490118	   -0.972912	7.325285e-04	-2.151269e-03	
   -0.490118	   -0.972912	3.403619e-04	-1.661600e-03	
   -0.490118	   -0.972912	-8.512165e-05	-1.009282e-03	
   -0.490118	   -0.972912	-5.022729e-04	-2.581692e-04	
   -0.490118	   -0.972912	-8.702582e-04	5.182154e-04	
   -0.490118	   -0.972912	-1.153057e-03	1.243873e-03	
   -0.490118	   -0.972912	-1.322986e-03	1.847773e-03	
   -0.490118	   -0.972912	-1.363412e-03	2.270799e-03	
   -0.490118	   -0.972912	-1.270378e-03	2.471543e-03	
   -0.490118	   -0.972912	-1.052990e-03	2.430356e-03	
   -0.490118	   -0.972912	-7.325285e-04	2.151269e-03	
   -0.490118	   -0.972912	-3.403619e-04	1.661600e-03	
   -0.490118	   -0.972912	8.512165e-05	1.009282e-03	
   -0.490118	   -0.972912	5.022729e-04	2.581692e-04	
   -0.490118	   -0.972912	8.702582e-04	-5.182154e-04	
   -0.490118	   -0.972912	1.153057e-03	-1.243873e-03	
   -0.490118	   -0.972912	1.322986e-03	-1.847773e-03	
   -0.490118	   -0.972912	1.363412e-03	-2.270799e-03	
   -0.490118	   -0.972912	1.270378e-03	-2.471543e-03	


   -0.490118	   -0.972912	1.270378e-03	-2.471543e-03	
   -0.490118	   -0.972912	1.052990e-03	-2.430356e-03	
   -0.490118	   -0.972912	7.325285e-04	-2.151269e-03	
   -0.490118	   -0.972912	3.403619e-04	-1.661600e-03	
   -0.490118	   -0.972912	-8.512165e-05	-1.009282e-03	
   -0.490118	   -0.972912	-5.022729e-04	-2.581692e-04	
   -0.490118	   -0.972912	-8.702582e-04	5.182154e-04	
   -0.490118	   -0.972912	-1.153057e-03	1.243873e-03	
   -0.490118	   -0.972912	-1.322986e-03	1.847773e-03	
   -0.490118	   -0.972912	-1.363412e-03	2.270799e-03	
   -0.490118	   -0.972912	-1.270378e-03	2.471543e-03	
   -0.490118	   -0.972912	-1.052990e-03	2.430356e-03	
   -0.490118	   -0.972912	-7.325285e-04	2.151269e-03	
   -0.490118	   -0.972912	-3.403619e-04	1.661600e-03	
   -0.490118	   -0.972912	8.512165e-05	1.009282e-03	
   -0.490118	   -0.972912	5.022729e-04	2.581692e-04	
   -0.490118	   -0.972912	8.702582e-04	-5.182154e-04	
   -0.490118	   -0.972912	1.153057e-03	-1.243873e-03	
   -0.490118	   -0.972912	1.322986e-03	-1.847773e-03	
   -0.490118	   -0.972912	1.363412e-03	-2.270799e-03	
   -0.490118	   -0.972912	1.270378e-03	-2.471543e-03	


   -0.278926	   -1.066602	1.071056e-03	-1.950278e-03	
   -0.278926	   -1.066602	8.641035e-04	-1.939690e-03	
   -0.278926	   -1.066602	5.725664e-04	-1.739232e-03	
   -0.278926	   -1.066602	2.249825e-04	-1.368526e-03	
   -0.278926	   -1.066602	-1.446242e-04	-8.638590e-04	
   -0.278926	   -1.066602	-5.000741e-04	-2.746313e-04	
   -0.278926	   -1.066602	-8.065733e-04	3.414791e-04	
   -0.278926	   -1.066602	-1.034119e-03	9.241632e-04	
   -0.278926	   -1.066602	-1.160439e-03	1.416384e-03	
   -0.278926	   -1.066602	-1.173166e-03	1.769959e-03	
   -0.278926	   -1.066602	-1.071056e-03	1.950278e-03	
   -0.278926	   -1.066602	-8.641035e-04	1.939690e-03	
   -0.278926	   -1.066602	-5.725664e-04	1.739232e-03	
   -0.278926	   -1.066602	-2.249825e-04	1.368526e-03	
   -0.278926	   -1.066602	1.446242e-04	8.638590e-04	
   -0.278926	   -1.066602	5.000741e-04	2.746313e-04	
   -0.278926	   -1.066602	8.065733e-04	-3.414791e-04	
   -0.278926	   -1.066602	1.034119e-03	-9.241632e-04	
   -0.278926	   -1.066602	1.160439e-03	-1.416384e-03	
   -0.278926	   -1.066602	1.173166e-03	-1.769959e-03	
   -0.278926	   -1.066602	1.071056e-03	-1.950278e-03	


   -0.278926	   -1.066602	1.071056e-03	-1.950278e-03	
   -0.278926	   -1.066602	8.641035e-04	-1.939690e-03	
   -0.278926	   -1.066602	5.725664e-04	-1.739232e-03	
   -0.278926	   -1.066602	2.249825e-04	-1.368526e-03	
   -0.278926	   -1.066602	-1.446242e-04	-8.638590e-04	
   -0.278926	   -1.066602	-5.000741e-04	-2.746313e-04	
   -0.278926	   -1.066602	-8.065733e-04	3.414791e-04	
   -0.278926	   -1.066602	-1.034119e-03	9.241632e-04	
   -0.278926	   -1.066602	-1.160439e-03	1.416384e-03	
   -0.278926	   -1.066602	-1.173166e-03	1.769959e-03	
   -0.278926	   -1.066602	-1.071056e-03	1.950278e-03	
   -0.278926	   -1.066602	-8.641035e-04	1.939690e-03	
   -0.278926	   -1.066602	-5.725664e-04	1.739232e-03	
   -0.278926	   -1.066602	-2.249825e-04	1.368526e-03	
   -0.278926	   -1.066602	1.446242e-04	8.638590e-04	
   -0.278926	   -1.066602	5.000741e-04	2.746313e-04	
   -0.278926	   -1.066602	8.065733e-04	-3.414791e-04	
   -0.278926	   -1.066602	1.034119e-03	-9.241632e-04	
   -0.278926	   -1.066602	1.160439e-03	-1.416384e-03	
   -0.278926	   -1.066602	1.173166e-03	-1.769959e-03	
   -0.278926	   -1.066602	1.071056e-03	-1.950278e-03	


   -0.054959	   -1.111626	7.790164e-04	-1.567262e-03	
   -0.054959	   -1.111626	5.812166e-04	-1.569920e-03	
   -0.054959	   -1.111626	3.265233e-04	-1.418904e-03	
   -0.054959	   -1.111626	3.986757e-05	-1.128996e-03	
   -0.054959	   -1.111626	-2.506906e-04	-7.285736e-04	
   -0.054959	   -1.111626	-5.167095e-04	-2.568334e-04	
   -0.054959	   -1.111626	-7.321492e-04	2.400474e-04	
   -0.054959	   -1.111626	-8.759211e-04	7.134307e-04	
   -0.054959	   -1.111626	-9.339517e-04	1.116978e-03	
   -0.054959	   -1.111626	-9.005606e-04	1.411189e-03	
   -0.054959	   -1.111626	-7.790164e-04	1.567262e-03	
   -0.054959	   -1.111626	-5.812166e-04	1.569920e-03	
   -0.054959	   -1.111626	-3.265233e-04	1.418904e-03	
   -0.054959	   -1.111626	-3.986757e-05	1.128996e-03	
   -0.054959	   -1.111626	2.506906e-04	7.285736e-04	
   -0.054959	   -1.111626	5.167095e-04	2.568334e-04	
   -0.054959	   -1.111626	7.321492e-04	-2.400474e-04	
   -0.054959	   -1.111626	8.759211e-04	-7.134307e-04	
   -0.054959	   -1.111626	9.339517e-04	-1.116978e-03	
   -0.054959	   -1.111626	9.005606e-04	-1.411189e-03	
   -0.054959	   -1.111626	7.790164e-04	-1.567262e-03	


   -0.054959	   -1.111626	7.790164e-04	-1.567262e-03	
   -0.054959	   -1.111626	5.812166e-04	-1.569920e-03	
   -0.054959	   -1.111626	3.265233e-04	-1.418904e-03	
   -0.054959	   -1.111626	3.986757e-05	-1.128996e-03	
   -0.054959	   -1.111626	-2.506906e-04	-7.285736e-04	
   -0.054959	   -1.111626	-5.167095e-04	-2.568334e-04	
   -0.054959	   -1.111626	-7.321492e-04	2.400474e-04	
   -0.054959	   -1.111626	-8.759211e-04	7.134307e-04	
   -0.054959	   -1.111626	-9.339517e-04	1.116978e-03	
   -0.054959	   -1.111626	-9.005606e-04	1.411189e-03	
   -0.054959	   -1.111626	-7.790164e-04	1.567262e-03	
   -0.054959	   -1.111626	-5.812166e-04	1.569920e-03	
   -0.054959	   -1.111626	-3.265233e-04	1.418904e-03	
   -0.054959	   -1.111626	-3.986757e-05	1.128996e-03	
   -0.054959	   -1.111626	2.506906e-04	7.285736e-04	
   -0.054959	   -1.111626	5.167095e-04	2.568334e-04	
   -0.054959	   -1.111626	7.321492e-04	-2.400474e-04	
   -0.054959	   -1.111626	8.759211e-04	-7.134307e-04	
   -0.054959	   -1.111626	9.339517e-04	-1.116978e-03	
   -0.054959	   -1.111626	9.005606e-04	-1.411189e-03	
   -0.054959	   -1.111626	7.790164e-04	-1.567262e-03	


    0.171477	   -1.107335	4.320899e-04	-1.328783e-03	
    0.171477	   -1.107335	2.467022e-04	-1.317155e-03	
    0.171477	   -1.107335	3.716565e-05	-1.176594e-03	
    0.171477	   -1.107335	-1.760090e-04	-9.208604e-04	
    0.171477	   -1.107335	-3.719546e-04	-5.749863e-04	
    0.171477	   -1.107335	-5.314907e-04	-1.728286e-04	
    0.171477	   -1.107335	-6.390008e-04	2.462468e-04	
    0.171477	   -1.107335	-6.839610e-04	6.412178e-04	
    0.171477	   -1.107335	-6.619704e-04	9.734220e-04	
    0.171477	   -1.107335	-5.751815e-04	1.210341e-03	
    0.171477	   -1.107335	-4.320899e-04	1.328783e-03	
    0.171477	   -1.107335	-2.467022e-04	1.317155e-03	
    0.171477	   -1.107335	-3.716565e-05	1.176594e-03	
    0.171477	   -1.107335	1.760090e-04	9.208604e-04	
    0.171477	   -1.107335	3.719546e-04	5.749863e-04	
    0.171477	   -1.107335	5.314907e-04	1.728286e-04	
    0.171477	   -1.107335	6.390008e-04	-2.462468e-04	
    0.171477	   -1.107335	6.839610e-04	-6.412178e-04	
    0.171477	   -1.107335	6.619704e-04	-9.734220e-04	
    0.171477	   -1.107335	5.751815e-04	-1.210341e-03	
    0.171477	   -1.107335	4.320899e-04	-1.328783e-03	


    0.171477	   -1.107335	4.320899e-04	-1.328783e-03	
    0.171477	   -1.107335	2.467022e-04	-1.317155e-03	
    0.171477	   -1.107335	3.716565e-05	-1.176594e-03	
    0.171477	   -1.107335	-1.760090e-04	-9.208604e-04	
    0.171477	   -1.107335	-3.719546e-04	-5.749863e-04	
    0.171477	   -1.107335	-5.314907e-04	-1.728286e-04	
    0.171477	   -1.107335	-6.390008e-04	2.462468e-04	
    0.171477	   -1.107335	-6.839610e-04	6.412178e-04	
    0.171477	   -1.107335	-6.619704e-04	9.734220e-04	
    0.171477	   -1.107335	-5.751815e-04	1.210341e-03	
    0.171477	   -1.107335	-4.320899e-04	1.328783e-03	
    0.171477	   -1.107335	-2.467022e-04	1.317155e-03	
    0.171477	   -1.107335	-3.716565e-05	1.176594e-03	
    0.171477	   -1.107335	1.760090e-04	9.208604e-04	
    0.171477	   -1.107335	3.719546e-04	5.749863e-04	
    0.171477	   -1.107335	5.314907e-04	1.728286e-04	
    0.171477	   -1.107335	6.390008e-04	-2.462468e-04	
    0.171477	   -1.107335	6.839610e-04	-6.412178e-04	
    0.171477	   -1.107335	6.619704e-04	-9.734220e-04	
    0.171477	   -1.107335	5.751815e-04	-1.210341e-03	
    0.171477	   -1.107335	4.320899e-04	-1.328783e-03	


    0.390451	   -1.054904	8.641659e-05	-1.211661e-03	
    0.390451	   -1.054904	-7.098093e-05	-1.163283e-03	
    0.390451	   -1.054904	-2.214303e-04	-1.001034e-03	
    0.390451	   -1.054904	-3.502046e-04	-7.407963e-04	
    0.390451	   -1.054904	-4.446984e-04	-4.080448e-04	
    0.390451	   -1.054904	-4.956620e-04	-3.535098e-05	
    0.390451	   -1.054904	-4.981068e-04	3.408032e-04	
    0.390451	   -1.054904	-4.517934e-04	6.835972e-04	
    0.390451	   -1.054904	-3.612553e-04	9.594759e-04	
    0.390451	   -1.054904	-2.353551e-04	1.141434e-03	
    0.390451	   -1.054904	-8.641659e-05	1.211661e-03	
    0.390451	   -1.054904	7.098093e-05	1.163283e-03	
    0.390451	   -1.054904	2.214303e-04	1.001034e-03	
    0.390451	   -1.054904	3.502046e-04	7.407963e-04	
    0.390451	   -1.054904	4.446984e-04	4.080448e-04	
    0.390451	   -1.054904	4.956620e-04	3.535098e-05	
    0.390451	   -1.054904	4.981068e-04	-3.408032e-04	
    0.390451	   -1.054904	4.517934e-04	-6.835972e-04	
    0.390451	   -1.054904	3.612553e-04	-9.594759e-04	
    0.390451	   -1.054904	2.353551e-04	-1.141434e-03	
    0.390451	   -1.054904	8.641659e-05	-1.211661e-03	


    0.390451	   -1.054904	8.641659e-05	-1.211661e-03	
    0.390451	   -1.054904	-7.098093e-05	-1.163283e-03	
    0.390451	   -1.054904	-2.214303e-04	-1.001034e-03	
    0.390451	   -1.054904	-3.502046e-04	-7.407963e-04	
    0.390451	   -1.054904	-4.446984e-04	-4.080448e-04	
    0.390451	   -1.054904	-4.956620e-04	-3.535098e-05	
    0.390451	   -1.054904	-4.981068e-04	3.408032e-04	
    0.390451	   -1.054904	-4.517934e-04	6.835972e-04	
    0.390451	   -1.054904	-3.612553e-04	9.594759e-04	
    0.390451	   -1.054904	-2.353551e-04	1.141434e-03	
    0.390451	   -1.054904	-8.641659e-05	1.211661e-03	
    0.390451	   -1.054904	7.098093e-05	1.163283e-03	
    0.390451	   -1.054904	2.214303e-04	1.001034e-03	
    0.390451	   -1.054904	3.502046e-04	7.407963e-04	
    0.390451	   -1.054904	4.446984e-04	4.080448e-04	
    0.390451	   -1.054904	4.956620e-04	3.535098e-05	
    0.390451	   -1.054904	4.981068e-04	-3.408032e-04	
    0.390451	   -1.054904	4.517934e-04	-6.835972e-04	
    0.390451	   -1.054904	3.612553e-04	-9.594759e-04	
    0.390451	   -1.054904	2.353551e-04	-1.141434e-03	
    0.390451	   -1.054904	8.641659e-05	-1.211661e-03	


    0.592584	   -0.957162	-1.490050e-04	-1.163702e-03	
    0.592584	   -0.957162	-2.643036e-04	-1.091049e-03	
    0.592584	   -0.957162	-3.537302e-04	-9.115971e-04	
    0.592584	   -0.957162	-4.085314e-04	-6.429114e-04	
    0.592584	   -0.957162	-4.233426e-04	-3.112930e-04	
    0.592584	   -0.957162	-3.967141e-04	5.079683e-05	
    0.592584	   -0.957162	-3.312524e-04	4.079143e-04	
    0.592584	   -0.957162	-2.333655e-04	7.251024e-04	
    0.592584	   -0.957162	-1.126351e-04	9.713123e-04	
    0.592584	   -0.957162	1.912077e-05	1.122443e-03	
    0.592584	   -0.957162	1.490050e-04	1.163702e-03	
    0.592584	   -0.957162	2.643036e-04	1.091049e-03	
    0.592584	   -0.957162	3.537302e-04	9.115971e-04	
    0.592584	   -0.957162	4.085314e-04	6.429114e-04	
    0.592584	   -0.957162	4.233426e-04	3.112930e-04	
    0.592584	   -0.957162	3.967141e-04	-5.079683e-05	
    0.592584	   -0.957162	3.312524e-04	-4.079143e-04	
    0.592584	   -0.957162	2.333655e-04	-7.251024e-04	
    0.592584	   -0.957162	1.126351e-04	-9.713123e-04	
    0.592584	   -0.957162	-1.912077e-05	-1.122443e-03	
    0.592584	   -0.957162	-1.490050e-04	-1.163702e-03	


    0.592584	   -0.957162	-1.490050e-04	-1.163702e-03	
    0.592584	   -0.957162	-2.643036e-04	-1.091049e-03	
    0.592584	   -0.957162	-3.537302e-04	-9.115971e-04	
    0.592584	   -0.957162	-4.085314e-04	-6.429114e-04	
    0.592584	   -0.957162	-4.233426e-04	-3.112930e-04	
    0.592584	   -0.957162	-3.967141e-04	5.079683e-05	
    0.592584	   -0.957162	-3.312524e-04	4.079143e-04	
    0.592584	   -0.957162	-2.333655e-04	7.251024e-04	
    0.592584	   -0.957162	-1.126351e-04	9.713123e-04	
    0.592584	   -0.957162	1.912077e-05	1.122443e-03	
    0.592584	   -0.957162	1.490050e-04	1.163702e-03	
    0.592584	   -0.957162	2.643036e-04	1.091049e-03	
    0.592584	   -0.957162	3.537302e-04	9.115971e-04	
    0.592584	   -0.957162	4.085314e-04	6.429114e-04	
    0.592584	   -0.957162	4.233426e-04	3.112930e-04	
    0.592584	   -0.957162	3.967141e-04	-5.079683e-05	
    0.592584	   -0.957162	3.312524e-04	-4.079143e-04	
    0.592584	   -0.957162	2.333655e-04	-7.251024e-04	
    0.592584	   -0.957162	1.126351e-04	-9.713123e-04	
    0.592584	   -0.957162	-1.912077e-05	-1.122443e-03	
    0.592584	   -0.957162	-1.490050e-04	-1.163702e-03	


    0.769222	   -0.818448	-2.651990e-04	-1.151765e-03	
    0.769222	   -0.818448	-3.466697e-04	-1.073646e-03	
    0.769222	   -0.818448	-3.942060e-04	-8.904307e-04	
    0.769222	   -0.818448	-4.031546e-04	-6.200542e-04	
    0.769222	   -0.818448	-3.726397e-04	-2.889825e-04	
    0.769222	   -0.818448	-3.056482e-04	7.037688e-05	
    0.769222	   -0.818448	-2.087377e-04	4.228472e-04	
    0.769222	   -0.818448	-9.139448e-05	7.339264e-04	
    0.769222	   -0.818448	3.489504e-05	9.731637e-04	
    0.769222	   -0.818448	1.577688e-04	1.117141e-03	
    0.769222	   -0.818448	2.651990e-04	1.151765e-03	
    0.769222	   -0.818448	3.466697e-04	1.073646e-03	
    0.769222	   -0.818448	3.942060e-04	8.904307e-04	
    0.769222	   -0.818448	4.031546e-04	6.200542e-04	
    0.769222	   -0.818448	3.726397e-04	2.889825e-04	
    0.769222	   -0.818448	3.056482e-04	-7.037688e-05	
    0.769222	   -0.818448	2.087377e-04	-4.228472e-04	
    0.769222	   -0.818448	9.139448e-05	-7.339264e-04	
    0.769222	   -0.818448	-3.489504e-05	-9.731637e-04	
    0.769222	   -0.818448	-1.577688e-04	-1.117141e-03	
    0.769222	   -0.818448	-2.651990e-04	-1.151765e-03	


    0.769222	   -0.818448	-2.651990e-04	-1.151765e-03	
    0.769222	   -0.818448	-3.466697e-04	-1.073646e-03	
    0.769222	   -0.818448	-3.942060e-04	-8.904307e-04	
    0.769222	   -0.818448	-4.031546e-04	-6.200542e-04	
    0.769222	   -0.818448	-3.726397e-04	-2.889825e-04	
    0.769222	   -0.818448	-3.056482e-04	7.037688e-05	
    0.769222	   -0.818448	-2.087377e-04	4.228472e-04	
    0.769222	   -0.818448	-9.139448e-05	7.339264e-04	
    0.769222	   -0.818448	3.489504e-05	9.731637e-04	
    0.769222	   -0.818448	1.577688e-04	1.117141e-03	
    0.769222	   -0.818448	2.651990e-04	1.151765e-03	
    0.769222	   -0.818448	3.466697e-04	1.073646e-03	
    0.769222	   -0.818448	3.942060e-04	8.904307e-04	
    0.769222	   -0.818448	4.031546e-04	6.200542e-04	
    0.769222	   -0.818448	3.726397e-04	2.889825e-04	
    0.769222	   -0.818448	3.056482e-04	-7.037688e-05	
    0.769222	   -0.818448	2.087377e-04	-4.228472e-04	
    0.769222	   -0.818448	9.139448e-05	-7.339264e-04	
    0.769222	   -0.818448	-3.489504e-05	-9.731637e-04	
    0.769222	   -0.818448	-1.577688e-04	-1.117141e-03	
    0.769222	   -0.818448	-2.651990e-04	-1.151765e-03	


    0.912374	   -0.644690	-2.944981e-04	-1.137504e-03	
    0.912374	   -0.644690	-3.557328e-04	-1.062246e-03	
    0.912374	   -0.644690	-3.821459e-04	-8.830070e-04	
    0.912374	   -0.644690	-3.711519e-04	-6.173334e-04	
    0.912374	   -0.644690	-3.238269e-04	-2.912309e-04	
    0.912374	   -0.644690	-2.448035e-04	6.337925e-05	
    0.912374	   -0.644690	-1.418171e-04	4.117854e-04	
    0.912374	   -0.644690	-2.494857e-05	7.198832e-04	
    0.912374	   -0.644690	9.436207e-05	9.575138e-04	
    0.912374	   -0.644690	2.044359e-04	1.101416e-03	
    0.912374	   -0.644690	2.944981e-04	1.137504e-03	
    0.912374	   -0.644690	3.557328e-04	1.062246e-03	
    0.912374	   -0.644690	3.821459e-04	8.830070e-04	
    0.912374	   -0.644690	3.711519e-04	6.173334e-04	
    0.912374	   -0.644690	3.238269e-04	2.912309e-04	
    0.912374	   -0.644690	2.448035e-04	-6.337925e-05	
    0.912374	   -0.644690	1.418171e-04	-4.117854e-04	
    0.912374	   -0.644690	2.494857e-05	-7.198832e-04	
    0.912374	   -0.644690	-9.436207e-05	-9.575138e-04	
    0.912374	   -0.644690	-2.044359e-04	-1.101416e-03	
    0.912374	   -0.644690	-2.944981e-04	-1.137504e-03	


    0.912374	   -0.644690	-2.944981e-04	-1.137504e-03	
    0.912374	   -0.644690	-3.557328e-04	-1.062246e-03	
    0.912374	   -0.644690	-3.821459e-04	-8.830070e-04	
    0.912374	   -0.644690	-3.711519e-04	-6.173334e-04	
    0.912374	   -0.644690	-3.238269e-04	-2.912309e-04	
    0.912374	   -0.644690	-2.448035e-04	6.337925e-05	
    0.912374	   -0.644690	-1.418171e-04	4.117854e-04	
    0.912374	   -0.644690	-2.494857e-05	7.198832e-04	
    0.912374	   -0.644690	9.436207e-05	9.575138e-04	
    0.912374	   -0.644690	2.044359e-04	1.101416e-03	
    0.912374	   -0.644690	2.944981e-04	1.137504e-03	
    0.912374	   -0.644690	3.557328e-04	1.062246e-03	
    0.912374	   -0.644690	3.821459e-04	8.830070e-04	
    0.912374	   -0.644690	3.711519e-04	6.173334e-04	
    0.912374	   -0.644690	3.238269e-04	2.912309e-04	
    0.912374	   -0.644690	2.448035e-04	-6.337925e-05	
    0.912374	   -0.644690	1.418171e-04	-4.117854e-04	
    0.912374	   -0.644690	2.494857e-05	-7.198832e-04	
    0.912374	   -0.644690	-9.436207e-05	-9.575138e-04	
    0.912374	   -0.644690	-2.044359e-04	-1.101416e-03	
    0.912374	   -0.644690	-2.944981e-04	-1.137504e-03	


    1.015047	   -0.443345	-2.628842e-04	-1.098756e-03	
    1.015047	   -0.443345	-3.154131e-04	-1.029333e-03	
    1.015047	   -0.443345	-3.370671e-04	-8.591516e-04	
    1.015047	   -0.443345	-3.257266e-04	-6.048704e-04	
    1.015047	   -0.443345	-2.825018e-04	-2.913802e-04	
    1.015047	   -0.443345	-2.116237e-04	5.063227e-05	
    1.015047	   -0.443345	-1.200304e-04	3.876885e-04	
    1.015047	   -0.443345	-1.668769e-05	6.867951e-04	
    1.015047	   -0.443345	8.828853e-05	9.186734e-04	
    1.015047	   -0.443345	1.846224e-04	1.060626e-03	
    1.015047	   -0.443345	2.628842e-04	1.098756e-03	
    1.015047	   -0.443345	3.154131e-04	1.029333e-03	
    1.015047	   -0.443345	3.370671e-04	8.591516e-04	
    1.015047	   -0.443345	3.257266e-04	6.048704e-04	
    1.015047	   -0.443345	2.825018e-04	2.913802e-04	
    1.015047	   -0.443345	2.116237e-04	-5.063227e-05	
    1.015047	   -0.443345	1.200304e-04	-3.876885e-04	
    1.015047	   -0.443345	1.668769e-05	-6.867951e-04	
    1.015047	   -0.443345	-8.828853e-05	-9.186734e-04	
    1.015047	   -0.443345	-1.846224e-04	-1.060626e-03	
    1.015047	   -0.443345	-2.628842e-04	-1.098756e-03	


    1.015047	   -0.443345	-2.628842e-04	-1.098756e-03	
    1.015047	   -0.443345	-3.154131e-04	-1.029333e-03	
    1.015047	   -0.443345	-3.370671e-04	-8.591516e-04	
    1.015047	   -0.443345	-3.257266e-04	-6.048704e-04	
    1.015047	   -0.443345	-2.825018e-04	-2.913802e-04	
    1.015047	   -0.443345	-2.116237e-04	5.063227e-05	
    1.015047	   -0.443345	-1.200304e-04	3.876885e-04	
    1.015047	   -0.443345	-1.668769e-05	6.867951e-04	
    1.015047	   -0.443345	8.828853e-05	9.186734e-04	
    1.015047	   -0.443345	1.846224e-04	1.060626e-03	
    1.015047	   -0.443345	2.628842e-04	1.098756e-03	
    1.015047	   -0.443345	3.154131e-04	1.029333e-03	
    1.015047	   -0.443345	3.370671e-04	8.591516e-04	
    1.015047	   -0.443345	3.257266e-04	6.048704e-04	
    1.015047	   -0.443345	2.825018e-04	2.913802e-04	
    1.015047	   -0.443345	2.116237e-04	-5.063227e-05	
    1.015047	   -0.443345	1.200304e-04	-3.876885e-04	
    1.015047	   -0.443345	1.668769e-05	-6.867951e-04	
    1.015047	   -0.443345	-8.828853e-05	-9.186734e-04	
    1.015047	   -0.443345	-1.846224e-04	-1.060626e-03	
    1.015047	   -0.443345	-2.628842e-04	-1.098756e-03	


    1.071753	   -0.222790	-1.909995e-04	-1.026980e-03	
    1.071753	   -0.222790	-2.415818e-04	-9.655703e-04	
    1.071753	   -0.222790	-2.685164e-04	-8.096436e-04	
    1.071753	   -0.222790	-2.691668e-04	-5.744633e-04	
    1.071753	   -0.222790	-2.434692e-04	-2.830506e-04	
    1.071753	   -0.222790	-1.939391e-04	3.606913e-05	
    1.071753	   -0.222790	-1.254250e-04	3.516581e-04	
    1.071753	   -0.222790	-4.463337e-05	6.328244e-04	
    1.071753	   -0.222790	4.052728e-05	8.520454e-04	
    1.071753	   -0.222790	1.217208e-04	9.878623e-04	
    1.071753	   -0.222790	1.909995e-04	1.026980e-03	
    1.071753	   -0.222790	2.415818e-04	9.655703e-04	
    1.071753	   -0.222790	2.685164e-04	8.096436e-04	
    1.071753	   -0.222790	2.691668e-04	5.744633e-04	
    1.071753	   -0.222790	2.434692e-04	2.830506e-04	
    1.071753	   -0.222790	1.939391e-04	-3.606913e-05	
    1.071753	   -0.222790	1.254250e-04	-3.516581e-04	
    1.071753	   -0.222790	4.463337e-05	-6.328244e-04	
    1.071753	   -0.222790	-4.052728e-05	-8.520454e-04	
    1.071753	   -0.222790	-1.217208e-04	-9.878623e-04	
    1.071753	   -0.222790	-1.909995e-04	-1.026980e-03	


    1.071753	   -0.222790	-1.909995e-04	-1.026980e-03	
    1.071753	   -0.222790	-2.415818e-04	-9.655703e-04	
    1.071753	   -0.222790	-2.685164e-04	-8.096436e-04	
    1.071753	   -0.222790	-2.691668e-04	-5.744633e-04	
    1.071753	   -0.222790	-2.434692e-04	-2.830506e-04	
    1.071753	   -0.222790	-1.939391e-04	3.606913e-05	
    1.071753	   -0.222790	-1.254250e-04	3.516581e-04	
    1.071753	   -0.222790	-4.463337e-05	6.328244e-04	
    1.071753	   -0.222790	4.052728e-05	8.520454e-04	
    1.071753	   -0.222790	1.217208e-04	9.878623e-04	
    1.071753	   -0.222790	1.909995e-04	1.026980e-03	
    1.071753	   -0.222790	2.415818e-04	9.655703e-04	
    1.071753	   -0.222790	2.685164e-04	8.096436e-04	
    1.071753	   -0.222790	2.691668e-04	5.744633e-04	
    1.071753	   -0.222790	2.434692e-04	2.830506e-04	
    1.071753	   -0.222790	1.939391e-04	-3.606913e-05	
    1.071753	   -0.222790	1.254250e-04	-3.516581e-04	
    1.071753	   -0.222790	4.463337e-05	-6.328244e-04	
    1.071753	   -0.222790	-4.052728e-05	-8.520454e-04	
    1.071753	   -0.222790	-1.217208e-04	-9.878623e-04	
    1.071753	   -0.222790	-1.909995e-04	-1.026980e-03	


    1.078363	    0.007307	-1.059607e-04	-9.228818e-04	
    1.078363	    0.007307	-1.594626e-04	-8.709745e-04	
    1.078363	    0.007307	-1.973552e-04	-7.338101e-04	
    1.078363	    0.007307	-2.159293e-04	-5.248153e-04	
    1.078363	    0.007307	-2.133668e-04	-2.644479e-04	
    1.078363	    0.007307	-1.899184e-04	2.180548e-05	
    1.078363	    0.007307	-1.478795e-04	3.059244e-04	
    1.078363	    0.007307	-9.136511e-05	5.600973e-04	
    1.078363	    0.007307	-2.590726e-05	7.594440e-04	
    1.078363	    0.007307	4.208656e-05	8.844510e-04	
    1.078363	    0.007307	1.059607e-04	9.228818e-04	
    1.078363	    0.007307	1.594626e-04	8.709745e-04	
    1.078363	    0.007307	1.973552e-04	7.338101e-04	
    1.078363	    0.007307	2.159293e-04	5.248153e-04	
    1.078363	    0.007307	2.133668e-04	2.644479e-04	
    1.078363	    0.007307	1.899184e-04	-2.180548e-05	
    1.078363	    0.007307	1.478795e-04	-3.059244e-04	
    1.078363	    0.007307	9.136511e-05	-5.600973e-04	
    1.078363	    0.007307	2.590726e-05	-7.594440e-04	
    1.078363	    0.007307	-4.208656e-05	-8.844510e-04	
    1.078363	    0.007307	-1.059607e-04	-9.228818e-04	


    1.078363	    0.007307	-1.059607e-04	-9.228818e-04	
    1.078363	    0.007307	-1.594626e-04	-8.709745e-04	
    1.078363	    0.007307	-1.973552e-04	-7.338101e-04	
    1.078363	    0.007307	-2.159293e-04	-5.248153e-04	
    1.078363	    0.007307	-2.133668e-04	-2.644479e-04	
    1.078363	    0.007307	-1.899184e-04	2.180548e-05	
    1.078363	    0.007307	-1.478795e-04	3.059244e-04	
    1.078363	    0.007307	-9.136511e-05	5.600973e-04	
    1.078363	    0.007307	-2.590726e-05	7.594440e-04	
    1.078363	    0.007307	4.208656e-05	8.844510e-04	
    1.078363	    0.007307	1.059607e-04	9.228818e-04	
    1.078363	    0.007307	1.594626e-04	8.709745e-04	
    1.078363	    0.007307	1.973552e-04	7.338101e-04	
    1.078363	    0.007307	2.159293e-04	5.248153e-04	
    1.078363	    0.007307	2.133668e-04	2.644479e-04	
    1.078363	    0.007307	1.899184e-04	-2.180548e-05	
    1.078363	    0.007307	1.478795e-04	-3.059244e-04	
    1.078363	    0.007307	9.136511e-05	-5.600973e-04	
    1.078363	    0.007307	2.590726e-05	-7.594440e-04	
    1.078363	    0.007307	-4.208656e-05	-8.844510e-04	
    1.078363	    0.007307	-1.059607e-04	-9.228818e-04	


    1.032452	    0.236203	-2.088719e-05	-7.905940e-04	
    1.032452	    0.236203	-7.839601e-05	-7.503532e-04	
    1.032452	    0.236203	-1.282309e-04	-6.366626e-04	
    1.032452	    0.236203	-1.655136e-04	-4.606511e-04	
    1.032452	    0.236203	-1.865947e-04	-2.395478e-04	
    1.032452	    0.236203	-1.894107e-04	5.004157e-06	
    1.032452	    0.236203	-1.736857e-04	2.490662e-04	
    1.032452	    0.236203	-1.409593e-04	4.687480e-04	
    1.032452	    0.236203	-9.443470e-05	6.425454e-04	
    1.032452	    0.236203	-3.866621e-05	7.534460e-04	
    1.032452	    0.236203	2.088719e-05	7.905940e-04	
    1.032452	    0.236203	7.839601e-05	7.503532e-04	
    1.032452	    0.236203	1.282309e-04	6.366626e-04	
    1.032452	    0.236203	1.655136e-04	4.606511e-04	
    1.032452	    0.236203	1.865947e-04	2.395478e-04	
    1.032452	    0.236203	1.894107e-04	-5.004157e-06	
    1.032452	    0.236203	1.736857e-04	-2.490662e-04	
    1.032452	    0.236203	1.409593e-04	-4.687480e-04	
    1.032452	    0.236203	9.443470e-05	-6.425454e-04	
    1.032452	    0.236203	3.866621e-05	-7.534460e-04	
    1.032452	    0.236203	-2.088719e-05	-7.905940e-04	


    1.032452	    0.236203	-2.088719e-05	-7.905940e-04	
    1.032452	    0.236203	-7.839601e-05	-7.503532e-04	
    1.032452	    0.236203	-1.282309e-04	-6.366626e-04	
    1.032452	    0.236203	-1.655136e-04	-4.606511e-04	
    1.032452	    0.236203	-1.865947e-04	-2.395478e-04	
    1.032452	    0.236203	-1.894107e-04	5.004157e-06	
    1.032452	    0.236203	-1.736857e-04	2.490662e-04	
    1.032452	    0.236203	-1.409593e-04	4.687480e-04	
    1.032452	    0.236203	-9.443470e-05	6.425454e-04	
    1.032452	    0.236203	-3.866621e-05	7.534460e-04	
    1.032452	    0.236203	2.088719e-05	7.905940e-04	
    1.032452	    0.236203	7.839601e-05	7.503532e-04	
    1.032452	    0.236203	1.282309e-04	6.366626e-04	
    1.032452	    0.236203	1.655136e-04	4.606511e-04	
    1.032452	    0.236203	1.865947e-04	2.395478e-04	
    1.032452	    0.236203	1.894107e-04	-5.004157e-06	
    1.032452	    0.236203	1.736857e-04	-2.490662e-04	
    1.032452	    0.236203	1.409593e-04	-4.687480e-04	
    1.032452	    0.236203	9.443470e-05	-6.425454e-04	
    1.032452	    0.236203	3.866621e-05	-7.534460e-04	
    1.032452	    0.236203	-2.088719e-05	-7.905940e-04	


    0.933664	    0.452107	5.022124e-05	-6.473938e-04	
    0.933664	    0.452107	-1.070292e-05	-6.202436e-04	
    0.933664	    0.452107	-7.057940e-05	-5.323796e-04	
    0.933664	    0.452107	-1.235471e-04	-3.924026e-04	
    0.933664	    0.452107	-1.644211e-04	-2.140145e-04	
    0.933664	    0.452107	-1.892005e-04	-1.467713e-05	
    0.933664	    0.452107	-1.954595e-04	1.860969e-04	
    0.933664	    0.452107	-1.825857e-04	3.686545e-04	
    0.933664	    0.452107	-1.518391e-04	5.151256e-04	
    0.933664	    0.452107	-1.062294e-04	6.111727e-04	
    0.933664	    0.452107	-5.022124e-05	6.473938e-04	
    0.933664	    0.452107	1.070292e-05	6.202436e-04	
    0.933664	    0.452107	7.057940e-05	5.323796e-04	
    0.933664	    0.452107	1.235471e-04	3.924026e-04	
    0.933664	    0.452107	1.644211e-04	2.140145e-04	
    0.933664	    0.452107	1.892005e-04	1.467713e-05	
    0.933664	    0.452107	1.954595e-04	-1.860969e-04	
    0.933664	    0.452107	1.825857e-04	-3.686545e-04	
    0.933664	    0.452107	1.518391e-04	-5.151256e-04	
    0.933664	    0.452107	1.062294e-04	-6.111727e-04	
    0.933664	    0.452107	5.022124e-05	-6.473938e-04	


    0.933664	    0.452107	5.022124e-05	-6.473938e-04	
    0.933664	    0.452107	-1.070292e-05	-6.202436e-04	
    0.933664	    0.452107	-7.057940e-05	-5.323796e-04	
    0.933664	    0.452107	-1.235471e-04	-3.924026e-04	
    0.933664	    0.452107	-1.644211e-04	-2.140145e-04	
    0.933664	    0.452107	-1.892005e-04	-1.467713e-05	
    0.933664	    0.452107	-1.954595e-04	1.860969e-04	
    0.933664	    0.452107	-1.825857e-04	3.686545e-04	
    0.933664	    0.452107	-1.518391e-04	5.151256e-04	
    0.933664	    0.452107	-1.062294e-04	6.111727e-04	
    0.933664	    0.452107	-5.022124e-05	6.473938e-04	
    0.933664	    0.452107	1.070292e-05	6.202436e-04	
    0.933664	    0.452107	7.057940e-05	5.323796e-04	
    0.933664	    0.452107	1.235471e-04	3.924026e-04	
    0.933664	    0.452107	1.644211e-04	2.140145e-04	
    0.933664	    0.452107	1.892005e-04	1.467713e-05	
    0.933664	    0.452107	1.954595e-04	-1.860969e-04	
    0.933664	    0.452107	1.825857e-04	-3.686545e-04	
    0.933664	    0.452107	1.518391e-04	-5.151256e-04	
    0.933664	    0.452107	1.062294e-04	-6.111727e-04	
    0.933664	    0.452107	5.022124e-05	-6.473938e-04	


    0.783991	    0.642866	9.738207e-05	-5.067151e-04	
    0.783991	    0.642866	3.404466e-05	-4.931711e-04	
    0.783991	    0.642866	-3.262529e-05	-4.313520e-04	
    0.783991	    0.642866	-9.610164e-05	-3.273093e-04	
    0.783991	    0.642866	-1.501709e-04	-1.912272e-04	
    0.783991	    0.642866	-1.895404e-04	-3.642646e-05	
    0.783991	    0.642866	-2.103563e-04	1.219399e-04	
    0.783991	    0.642866	-2.105811e-04	2.683700e-04	
    0.783991	    0.642866	-1.901928e-04	3.885302e-04	
    0.783991	    0.642866	-1.511871e-04	4.706583e-04	
    0.783991	    0.642866	-9.738207e-05	5.067151e-04	
    0.783991	    0.642866	-3.404466e-05	4.931711e-04	
    0.783991	    0.642866	3.262529e-05	4.313520e-04	
    0.783991	    0.642866	9.610164e-05	3.273093e-04	
    0.783991	    0.642866	1.501709e-04	1.912272e-04	
    0.783991	    0.642866	1.895404e-04	3.642646e-05	
    0.783991	    0.642866	2.103563e-04	-1.219399e-04	
    0.783991	    0.642866	2.105811e-04	-2.683700e-04	
    0.783991	    0.642866	1.901928e-04	-3.885302e-04	
    0.783991	    0.642866	1.511871e-04	-4.706583e-04	
    0.783991	    0.642866	9.738207e-05	-5.067151e-04	


    0.783991	    0.642866	9.738207e-05	-5.067151e-04	
    0.783991	    0.642866	3.404466e-05	-4.931711e-04	
    0.783991	    0.642866	-3.262529e-05	-4.313520e-04	
    0.783991	    0.642866	-9.610164e-05	-3.273093e-04	
    0.783991	    0.642866	-1.501709e-04	-1.912272e-04	
    0.783991	    0.642866	-1.895404e-04	-3.642646e-05	
    0.783991	    0.642866	-2.103563e-04	1.219399e-04	
    0.783991	    0.642866	-2.105811e-04	2.683700e-04	
    0.783991	    0.642866	-1.901928e-04	3.885302e-04	
    0.783991	    0.642866	-1.511871e-04	4.706583e-04	
    0.783991	    0.642866	-9.738207e-05	5.067151e-04	
    0.783991	    0.642866	-3.404466e-05	4.931711e-04	
    0.783991	    0.642866	3.262529e-05	4.313520e-04	
    0.783991	    0.642866	9.610164e-05	3.273093e-04	
    0.783991	    0.642866	1.501709e-04	1.912272e-04	
    0.783991	    0.642866	1.895404e-04	3.642646e-05	
    0.783991	    0.642866	2.103563e-04	-1.219399e-04	
    0.783991	    0.642866	2.105811e-04	-2.683700e-04	
    0.783991	    0.642866	1.901928e-04	-3.885302e-04	
    0.783991	    0.642866	1.511871e-04	-4.706583e-04	
    0.783991	    0.642866	9.738207e-05	-5.067151e-04	


    0.588506	    0.795794	1.248427e-04	-3.819231e-04	
    0.588506	    0.795794	6.116670e-05	-3.820475e-04	
    0.588506	    0.795794	-8.496767e-06	-3.447745e-04	
    0.588506	    0.795794	-7.732851e-05	-2.737525e-04	
    0.588506	    0.795794	-1.385908e-04	-1.759337e-04	
    0.588506	    0.795794	-1.862868e-04	-6.089330e-05	
    0.588506	    0.795794	-2.157478e-04	6.010776e-05	
    0.588506	    0.795794	-2.240899e-04	1.752251e-04	
    0.588506	    0.795794	-2.104966e-04	2.731901e-04	
    0.588506	    0.795794	-1.762983e-04	3.444134e-04	
    0.588506	    0.795794	-1.248427e-04	3.819231e-04	
    0.588506	    0.795794	-6.116670e-05	3.820475e-04	
    0.588506	    0.795794	8.496767e-06	3.447745e-04	
    0.588506	    0.795794	7.732851e-05	2.737525e-04	
    0.588506	    0.795794	1.385908e-04	1.759337e-04	
    0.588506	    0.795794	1.862868e-04	6.089330e-05	
    0.588506	    0.795794	2.157478e-04	-6.010776e-05	
    0.588506	    0.795794	2.240899e-04	-1.752251e-04	
    0.588506	    0.795794	2.104966e-04	-2.731901e-04	
    0.588506	    0.795794	1.762983e-04	-3.444134e-04	
    0.588506	    0.795794	1.248427e-04	-3.819231e-04	


    0.588506	    0.795794	1.248427e-04	-3.819231e-04	
    0.588506	    0.795794	6.116670e-05	-3.820475e-04	
    0.588506	    0.795794	-8.496767e-06	-3.447745e-04	
    0.588506	    0.795794	-7.732851e-05	-2.737525e-04	
    0.588506	    0.795794	-1.385908e-04	-1.759337e-04	
    0.588506	    0.795794	-1.862868e-04	-6.089330e-05	
    0.588506	    0.795794	-2.157478e-04	6.010776e-05	
    0.588506	    0.795794	-2.240899e-04	1.752251e-04	
    0.588506	    0.795794	-2.104966e-04	2.731901e-04	
    0.588506	    0.795794	-1.762983e-04	3.444134e-04	
    0.588506	    0.795794	-1.248427e-04	3.819231e-04	
    0.588506	    0.795794	-6.116670e-05	3.820475e-04	
    0.588506	    0.795794	8.496767e-06	3.447745e-04	
    0.588506	    0.795794	7.732851e-05	2.737525e-04	
    0.588506	    0.795794	1.385908e-04	1.759337e-04	
    0.588506	    0.795794	1.862868e-04	6.089330e-05	
    0.588506	    0.795794	2.157478e-04	-6.010776e-05	
    0.588506	    0.795794	2.240899e-04	-1.752251e-04	
    0.588506	    0.795794	2.104966e-04	-2.731901e-04	
    0.588506	    0.795794	1.762983e-04	-3.444134e-04	
    0.588506	    0.795794	1.248427e-04	-3.819231e-04	


    0.356162	    0.898494	1.249716e-04	-2.756245e-04	
    0.356162	    0.898494	6.055732e-05	-2.885674e-04	
    0.356162	    0.898494	-9.784732e-06	-2.732633e-04	
    0.356162	    0.898494	-7.916899e-05	-2.312103e-04	
    0.356162	    0.898494	-1.408036e-04	-1.665248e-04	
    0.356162	    0.898494	-1.886554e-04	-8.553875e-05	
    0.356162	    0.898494	-2.180403e-04	3.820458e-06	
    0.356162	    0.898494	-2.260819e-04	9.280569e-05	
    0.356162	    0.898494	-2.119930e-04	1.727065e-04	
    0.356162	    0.898494	-1.771528e-04	2.357015e-04	
    0.356162	    0.898494	-1.249716e-04	2.756245e-04	
    0.356162	    0.898494	-6.055732e-05	2.885674e-04	
    0.356162	    0.898494	9.784732e-06	2.732633e-04	
    0.356162	    0.898494	7.916899e-05	2.312103e-04	
    0.356162	    0.898494	1.408036e-04	1.665248e-04	
    0.356162	    0.898494	1.886554e-04	8.553875e-05	
    0.356162	    0.898494	2.180403e-04	-3.820458e-06	
    0.356162	    0.898494	2.260819e-04	-9.280569e-05	
    0.356162	    0.898494	2.119930e-04	-1.727065e-04	
    0.356162	    0.898494	1.771528e-04	-2.357015e-04	
    0.356162	    0.898494	1.249716e-04	-2.756245e-04	


    0.356162	    0.898494	1.249716e-04	-2.756245e-04	
    0.356162	    0.898494	6.055732e-05	-2.885674e-04	
    0.356162	    0.898494	-9.784732e-06	-2.732633e-04	
    0.356162	    0.898494	-7.916899e-05	-2.312103e-04	
    0.356162	    0.898494	-1.408036e-04	-1.665248e-04	
    0.356162	    0.898494	-1.886554e-04	-8.553875e-05	
    0.356162	    0.898494	-2.180403e-04	3.820458e-06	
    0.356162	    0.898494	-2.260819e-04	9.280569e-05	
    0.356162	    0.898494	-2.119930e-04	1.727065e-04	
    0.356162	    0.898494	-1.771528e-04	2.357015e-04	
    0.356162	    0.898494	-1.249716e-04	2.756245e-04	
    0.356162	    0.898494	-6.055732e-05	2.885674e-04	
    0.356162	    0.898494	9.784732e-06	2.732633e-04	
    0.356162	    0.898494	7.916899e-05	2.312103e-04	
    0.356162	    0.898494	1.408036e-04	1.665248e-04	
    0.356162	    0.898494	1.886554e-04	8.553875e-05	
    0.356162	    0.898494	2.180403e-04	-3.820458e-06	
    0.356162	    0.898494	2.260819e-04	-9.280569e-05	
    0.356162	    0.898494	2.119930e-04	-1.727065e-04	
    0.356162	    0.898494	1.771528e-04	-2.357015e-04	
    0.356162	    0.898494	1.249716e-04	-2.756245e-04	


    0.099977	    0.940423	7.845198e-05	-2.143073e-04	
    0.099977	    0.940423	9.720444e-06	-2.275735e-04	
    0.099977	    0.940423	-5.996259e-05	-2.185632e-04	
    0.099977	    0.940423	-1.237761e-04	-1.881583e-04	
    0.099977	    0.940423	-1.754735e-04	-1.393353e-04	
    0.099977	    0.940423	-2.099943e-04	-7.687311e-05	
    0.099977	    0.940423	-2.239595e-04	-6.886059e-06	
    0.099977	    0.940423	-2.160019e-04	6.377504e-05	
    0.099977	    0.940423	-1.869006e-04	1.281934e-04	
    0.099977	    0.940423	-1.395041e-04	1.800633e-04	
    0.099977	    0.940423	-7.845198e-05	2.143073e-04	
    0.099977	    0.940423	-9.720444e-06	2.275735e-04	
    0.099977	    0.940423	5.996259e-05	2.185632e-04	
    0.099977	    0.940423	1.237761e-04	1.881583e-04	
    0.099977	    0.940423	1.754735e-04	1.393353e-04	
    0.099977	    0.940423	2.099943e-04	7.687311e-05	
    0.099977	    0.940423	2.239595e-04	6.886059e-06	
    0.099977	    0.940423	2.160019e-04	-6.377504e-05	
    0.099977	    0.940423	1.869006e-04	-1.281934e-04	
    0.099977	    0.940423	1.395041e-04	-1.800633e-04	
    0.099977	    0.940423	7.845198e-05	-2.143073e-04	


    0.099977	    0.940423	7.845198e-05	-2.143073e-04	
    0.099977	    0.940423	9.720444e-06	-2.275735e-04	
    0.099977	    0.940423	-5.996259e-05	-2.185632e-04	
    0.099977	    0.940423	-1.237761e-04	-1.881583e-04	
    0.099977	    0.940423	-1.754735e-04	-1.393353e-04	
    0.099977	    0.940423	-2.099943e-04	-7.687311e-05	
    0.099977	    0.940423	-2.239595e-04	-6.886059e-06	
    0.099977	    0.940423	-2.160019e-04	6.377504e-05	
    0.099977	    0.940423	-1.869006e-04	1.281934e-04	
    0.099977	    0.940423	-1.395041e-04	1.800633e-04	
    0.099977	    0.940423	-7.845198e-05	2.143073e-04	
    0.099977	    0.940423	-9.720444e-06	2.275735e-04	
    0.099977	    0.940423	5.996259e-05	2.185632e-04	
    0.099977	    0.940423	1.237761e-04	1.881583e-04	
    0.099977	    0.940423	1.754735e-04	1.393353e-04	
    0.099977	    0.940423	2.099943e-04	7.687311e-05	
    0.099977	    0.940423	2.239595e-04	6.886059e-06	
    0.099977	    0.940423	2.160019e-04	-6.377504e-05	
    0.099977	    0.940423	1.869006e-04	-1.281934e-04	
    0.099977	    0.940423	1.395041e-04	-1.800633e-04	
    0.099977	    0.940423	7.845198e-05	-2.143073e-04	


