0	  5.02523e-08 5.18371e-08 4.54609e-08 3.84617e-08 8.77757e-08 1.10637e-08
 0	  5.02523e-08 5.18371e-08 4.54609e-08 3.84617e-08 8.77757e-08 1.10637e-08

 1	  4.74791e-08 4.57822e-08 4.15651e-08 3.96482e-08 7.20447e-08 1.57209e-08
 1	  4.74791e-08 4.57822e-08 4.15651e-08 3.62777e-08 6.89322e-08 1.33777e-08

 2	  4.23691e-08 5.86385e-08 3.36821e-08 2.70630e-08 8.40425e-08 2.32959e-08
 2	  4.23691e-08 5.86385e-08 3.36821e-08 2.59685e-08 8.21261e-08 2.26214e-08

 3	  3.36950e-08 8.84658e-08 2.34232e-08 2.54768e-08 1.05902e-07 3.59415e-08
 3	  3.36950e-08 8.84658e-08 2.34232e-08 2.19219e-08 1.04518e-07 3.06386e-08

 4	  2.38142e-08 1.31237e-07 1.42520e-08 4.26942e-08 1.08145e-07 4.26002e-08
 4	  2.38142e-08 1.31237e-07 1.42520e-08 3.68806e-08 1.10414e-07 4.01630e-08

 5	  1.90270e-08 1.77361e-07 8.09445e-09 7.76690e-08 8.53195e-08 4.81240e-08
 5	  1.90270e-08 1.77361e-07 8.09445e-09 7.09082e-08 8.82077e-08 4.54920e-08

 6	  2.80201e-08 2.12320e-07 6.44680e-09 1.09812e-07 5.14266e-08 4.76512e-08
 6	  2.80201e-08 2.12320e-07 6.44680e-09 1.02766e-07 5.47520e-08 4.23458e-08

 7	  5.49062e-08 2.26734e-07 9.13849e-09 1.13472e-07 2.93836e-08 3.93269e-08
 7	  5.49062e-08 2.26734e-07 9.13849e-09 1.08645e-07 2.95559e-08 3.96854e-08

 8	  9.55818e-08 2.16177e-07 1.53409e-08 8.90535e-08 2.80164e-08 3.30002e-08
 8	  9.55818e-08 2.16177e-07 1.53409e-08 8.38316e-08 2.57745e-08 3.22229e-08

 9	  1.37326e-07 1.88227e-07 2.34065e-08 5.66639e-08 3.72371e-08 2.40430e-08
 9	  1.37326e-07 1.88227e-07 2.34065e-08 5.23413e-08 3.55213e-08 2.37575e-08

10	  1.66935e-07 1.57676e-07 3.16319e-08 4.29021e-08 4.36530e-08 1.59463e-08
10	  1.66935e-07 1.57676e-07 3.16319e-08 3.86142e-08 3.91219e-08 1.54860e-08

  2.80457e-07 4.62348e-08 2.95512e-08
  5.00433e-08 2.86180e-08 1.45608e-08

 0	      0.0000000000	      0.0000000000	      0.0000000000	
1	      0.0000098492	      0.0000238945	      0.0000762548	
2	      0.0000046275	      0.0000166823	      0.0000509896	
3	      0.0000036429	      0.0000317760	      0.0000919521	
4	      0.0014038298	      0.0000234879	      0.0014691054	
5	      0.0000062178	      0.0000169832	      0.0000534161	
6	      0.0000077067	      0.0000234164	      0.0000727836	
7	      0.0000080276	      0.0000153822	      0.0000507767	
8	      0.0000079168	      0.0000123496	      0.0000422379	
9	      0.0000084648	      0.0000140149	      0.0000474139	
10	      0.0000100895	      0.0000210713	      0.0000686492	

FLeg = 0.0020235792

F = 0.0442118891
