    0.292664	    0.956215	0.000000e+00	3.162278e-03	
    0.292664	    0.956215	9.771975e-04	3.007505e-03	
    0.292664	    0.956215	1.858740e-03	2.558336e-03	
    0.292664	    0.956215	2.558336e-03	1.858740e-03	
    0.292664	    0.956215	3.007505e-03	9.771975e-04	
    0.292664	    0.956215	3.162278e-03	1.936337e-19	
    0.292664	    0.956215	3.007505e-03	-9.771975e-04	
    0.292664	    0.956215	2.558336e-03	-1.858740e-03	
    0.292664	    0.956215	1.858740e-03	-2.558336e-03	
    0.292664	    0.956215	9.771975e-04	-3.007505e-03	
    0.292664	    0.956215	3.872673e-19	-3.162278e-03	
    0.292664	    0.956215	-9.771975e-04	-3.007505e-03	
    0.292664	    0.956215	-1.858740e-03	-2.558336e-03	
    0.292664	    0.956215	-2.558336e-03	-1.858740e-03	
    0.292664	    0.956215	-3.007505e-03	-9.771975e-04	
    0.292664	    0.956215	-3.162278e-03	-5.809010e-19	
    0.292664	    0.956215	-3.007505e-03	9.771975e-04	
    0.292664	    0.956215	-2.558336e-03	1.858740e-03	
    0.292664	    0.956215	-1.858740e-03	2.558336e-03	
    0.292664	    0.956215	-9.771975e-04	3.007505e-03	
    0.292664	    0.956215	-7.745346e-19	3.162278e-03	


    0.292664	    0.956215	0.000000e+00	3.162278e-03	
    0.292664	    0.956215	9.771975e-04	3.007505e-03	
    0.292664	    0.956215	1.858740e-03	2.558336e-03	
    0.292664	    0.956215	2.558336e-03	1.858740e-03	
    0.292664	    0.956215	3.007505e-03	9.771975e-04	
    0.292664	    0.956215	3.162278e-03	1.936337e-19	
    0.292664	    0.956215	3.007505e-03	-9.771975e-04	
    0.292664	    0.956215	2.558336e-03	-1.858740e-03	
    0.292664	    0.956215	1.858740e-03	-2.558336e-03	
    0.292664	    0.956215	9.771975e-04	-3.007505e-03	
    0.292664	    0.956215	3.872673e-19	-3.162278e-03	
    0.292664	    0.956215	-9.771975e-04	-3.007505e-03	
    0.292664	    0.956215	-1.858740e-03	-2.558336e-03	
    0.292664	    0.956215	-2.558336e-03	-1.858740e-03	
    0.292664	    0.956215	-3.007505e-03	-9.771975e-04	
    0.292664	    0.956215	-3.162278e-03	-5.809010e-19	
    0.292664	    0.956215	-3.007505e-03	9.771975e-04	
    0.292664	    0.956215	-2.558336e-03	1.858740e-03	
    0.292664	    0.956215	-1.858740e-03	2.558336e-03	
    0.292664	    0.956215	-9.771975e-04	3.007505e-03	
    0.292664	    0.956215	-7.745346e-19	3.162278e-03	


    0.040126	    0.988263	-1.873845e-03	-2.532434e-03	
    0.040126	    0.988263	-2.507030e-03	-1.872109e-03	
    0.040126	    0.988263	-2.894809e-03	-1.028529e-03	
    0.040126	    0.988263	-2.999224e-03	-8.426863e-05	
    0.040126	    0.988263	-2.810054e-03	8.682402e-04	
    0.040126	    0.988263	-2.345817e-03	1.735760e-03	
    0.040126	    0.988263	-1.651954e-03	2.433371e-03	
    0.040126	    0.988263	-7.963872e-04	2.892787e-03	
    0.040126	    0.988263	1.371360e-04	3.069036e-03	
    0.040126	    0.988263	1.057235e-03	2.944867e-03	
    0.040126	    0.988263	1.873845e-03	2.532434e-03	
    0.040126	    0.988263	2.507030e-03	1.872109e-03	
    0.040126	    0.988263	2.894809e-03	1.028529e-03	
    0.040126	    0.988263	2.999224e-03	8.426863e-05	
    0.040126	    0.988263	2.810054e-03	-8.682402e-04	
    0.040126	    0.988263	2.345817e-03	-1.735760e-03	
    0.040126	    0.988263	1.651954e-03	-2.433371e-03	
    0.040126	    0.988263	7.963872e-04	-2.892787e-03	
    0.040126	    0.988263	-1.371360e-04	-3.069036e-03	
    0.040126	    0.988263	-1.057235e-03	-2.944867e-03	
    0.040126	    0.988263	-1.873845e-03	-2.532434e-03	


    0.040126	    0.988263	-1.873845e-03	-2.532434e-03	
    0.040126	    0.988263	-2.507030e-03	-1.872109e-03	
    0.040126	    0.988263	-2.894809e-03	-1.028529e-03	
    0.040126	    0.988263	-2.999224e-03	-8.426863e-05	
    0.040126	    0.988263	-2.810054e-03	8.682402e-04	
    0.040126	    0.988263	-2.345817e-03	1.735760e-03	
    0.040126	    0.988263	-1.651954e-03	2.433371e-03	
    0.040126	    0.988263	-7.963872e-04	2.892787e-03	
    0.040126	    0.988263	1.371360e-04	3.069036e-03	
    0.040126	    0.988263	1.057235e-03	2.944867e-03	
    0.040126	    0.988263	1.873845e-03	2.532434e-03	
    0.040126	    0.988263	2.507030e-03	1.872109e-03	
    0.040126	    0.988263	2.894809e-03	1.028529e-03	
    0.040126	    0.988263	2.999224e-03	8.426863e-05	
    0.040126	    0.988263	2.810054e-03	-8.682402e-04	
    0.040126	    0.988263	2.345817e-03	-1.735760e-03	
    0.040126	    0.988263	1.651954e-03	-2.433371e-03	
    0.040126	    0.988263	7.963872e-04	-2.892787e-03	
    0.040126	    0.988263	-1.371360e-04	-3.069036e-03	
    0.040126	    0.988263	-1.057235e-03	-2.944867e-03	
    0.040126	    0.988263	-1.873845e-03	-2.532434e-03	


   -0.214865	    0.958032	-1.380513e-03	-3.023818e-03	
   -0.214865	    0.958032	-2.003270e-03	-2.560657e-03	
   -0.214865	    0.958032	-2.429932e-03	-1.846841e-03	
   -0.214865	    0.958032	-2.618736e-03	-9.522433e-04	
   -0.214865	    0.958032	-2.551200e-03	3.556651e-05	
   -0.214865	    0.958032	-2.233935e-03	1.019895e-03	
   -0.214865	    0.958032	-1.697996e-03	1.904389e-03	
   -0.214865	    0.958032	-9.958459e-04	2.602468e-03	
   -0.214865	    0.958032	-1.962153e-04	3.045799e-03	
   -0.214865	    0.958032	6.226222e-04	3.190987e-03	
   -0.214865	    0.958032	1.380513e-03	3.023818e-03	
   -0.214865	    0.958032	2.003270e-03	2.560657e-03	
   -0.214865	    0.958032	2.429932e-03	1.846841e-03	
   -0.214865	    0.958032	2.618736e-03	9.522433e-04	
   -0.214865	    0.958032	2.551200e-03	-3.556651e-05	
   -0.214865	    0.958032	2.233935e-03	-1.019895e-03	
   -0.214865	    0.958032	1.697996e-03	-1.904389e-03	
   -0.214865	    0.958032	9.958459e-04	-2.602468e-03	
   -0.214865	    0.958032	1.962153e-04	-3.045799e-03	
   -0.214865	    0.958032	-6.226222e-04	-3.190987e-03	
   -0.214865	    0.958032	-1.380513e-03	-3.023818e-03	


   -0.214865	    0.958032	-1.380513e-03	-3.023818e-03	
   -0.214865	    0.958032	-2.003270e-03	-2.560657e-03	
   -0.214865	    0.958032	-2.429932e-03	-1.846841e-03	
   -0.214865	    0.958032	-2.618736e-03	-9.522433e-04	
   -0.214865	    0.958032	-2.551200e-03	3.556651e-05	
   -0.214865	    0.958032	-2.233935e-03	1.019895e-03	
   -0.214865	    0.958032	-1.697996e-03	1.904389e-03	
   -0.214865	    0.958032	-9.958459e-04	2.602468e-03	
   -0.214865	    0.958032	-1.962153e-04	3.045799e-03	
   -0.214865	    0.958032	6.226222e-04	3.190987e-03	
   -0.214865	    0.958032	1.380513e-03	3.023818e-03	
   -0.214865	    0.958032	2.003270e-03	2.560657e-03	
   -0.214865	    0.958032	2.429932e-03	1.846841e-03	
   -0.214865	    0.958032	2.618736e-03	9.522433e-04	
   -0.214865	    0.958032	2.551200e-03	-3.556651e-05	
   -0.214865	    0.958032	2.233935e-03	-1.019895e-03	
   -0.214865	    0.958032	1.697996e-03	-1.904389e-03	
   -0.214865	    0.958032	9.958459e-04	-2.602468e-03	
   -0.214865	    0.958032	1.962153e-04	-3.045799e-03	
   -0.214865	    0.958032	-6.226222e-04	-3.190987e-03	
   -0.214865	    0.958032	-1.380513e-03	-3.023818e-03	


   -0.455976	    0.866117	-1.330191e-03	-3.432058e-03	
   -0.455976	    0.866117	-1.820411e-03	-3.048849e-03	
   -0.455976	    0.866117	-2.132437e-03	-2.367198e-03	
   -0.455976	    0.866117	-2.235725e-03	-1.453829e-03	
   -0.455976	    0.866117	-2.120164e-03	-3.981492e-04	
   -0.455976	    0.866117	-1.797067e-03	6.965044e-04	
   -0.455976	    0.866117	-1.298061e-03	1.722979e-03	
   -0.455976	    0.866117	-6.719910e-04	2.580797e-03	
   -0.455976	    0.866117	1.985783e-05	3.185988e-03	
   -0.455976	    0.866117	7.097629e-04	3.479313e-03	
   -0.455976	    0.866117	1.330191e-03	3.432058e-03	
   -0.455976	    0.866117	1.820411e-03	3.048849e-03	
   -0.455976	    0.866117	2.132437e-03	2.367198e-03	
   -0.455976	    0.866117	2.235725e-03	1.453829e-03	
   -0.455976	    0.866117	2.120164e-03	3.981492e-04	
   -0.455976	    0.866117	1.797067e-03	-6.965044e-04	
   -0.455976	    0.866117	1.298061e-03	-1.722979e-03	
   -0.455976	    0.866117	6.719910e-04	-2.580797e-03	
   -0.455976	    0.866117	-1.985783e-05	-3.185988e-03	
   -0.455976	    0.866117	-7.097629e-04	-3.479313e-03	
   -0.455976	    0.866117	-1.330191e-03	-3.432058e-03	


   -0.455976	    0.866117	-1.330191e-03	-3.432058e-03	
   -0.455976	    0.866117	-1.820411e-03	-3.048849e-03	
   -0.455976	    0.866117	-2.132437e-03	-2.367198e-03	
   -0.455976	    0.866117	-2.235725e-03	-1.453829e-03	
   -0.455976	    0.866117	-2.120164e-03	-3.981492e-04	
   -0.455976	    0.866117	-1.797067e-03	6.965044e-04	
   -0.455976	    0.866117	-1.298061e-03	1.722979e-03	
   -0.455976	    0.866117	-6.719910e-04	2.580797e-03	
   -0.455976	    0.866117	1.985783e-05	3.185988e-03	
   -0.455976	    0.866117	7.097629e-04	3.479313e-03	
   -0.455976	    0.866117	1.330191e-03	3.432058e-03	
   -0.455976	    0.866117	1.820411e-03	3.048849e-03	
   -0.455976	    0.866117	2.132437e-03	2.367198e-03	
   -0.455976	    0.866117	2.235725e-03	1.453829e-03	
   -0.455976	    0.866117	2.120164e-03	3.981492e-04	
   -0.455976	    0.866117	1.797067e-03	-6.965044e-04	
   -0.455976	    0.866117	1.298061e-03	-1.722979e-03	
   -0.455976	    0.866117	6.719910e-04	-2.580797e-03	
   -0.455976	    0.866117	-1.985783e-05	-3.185988e-03	
   -0.455976	    0.866117	-7.097629e-04	-3.479313e-03	
   -0.455976	    0.866117	-1.330191e-03	-3.432058e-03	


   -0.667453	    0.717931	-1.321419e-03	-3.881046e-03	
   -0.667453	    0.717931	-1.693455e-03	-3.542403e-03	
   -0.667453	    0.717931	-1.899724e-03	-2.857005e-03	
   -0.667453	    0.717931	-1.920034e-03	-1.891943e-03	
   -0.667453	    0.717931	-1.752398e-03	-7.416844e-04	
   -0.667453	    0.717931	-1.413225e-03	4.811752e-04	
   -0.667453	    0.717931	-9.357162e-04	1.656934e-03	
   -0.667453	    0.717931	-3.666125e-04	2.670501e-03	
   -0.667453	    0.717931	2.383777e-04	3.422660e-03	
   -0.667453	    0.717931	8.200338e-04	3.839786e-03	
   -0.667453	    0.717931	1.321419e-03	3.881046e-03	
   -0.667453	    0.717931	1.693455e-03	3.542403e-03	
   -0.667453	    0.717931	1.899724e-03	2.857005e-03	
   -0.667453	    0.717931	1.920034e-03	1.891943e-03	
   -0.667453	    0.717931	1.752398e-03	7.416844e-04	
   -0.667453	    0.717931	1.413225e-03	-4.811752e-04	
   -0.667453	    0.717931	9.357162e-04	-1.656934e-03	
   -0.667453	    0.717931	3.666125e-04	-2.670501e-03	
   -0.667453	    0.717931	-2.383777e-04	-3.422660e-03	
   -0.667453	    0.717931	-8.200338e-04	-3.839786e-03	
   -0.667453	    0.717931	-1.321419e-03	-3.881046e-03	


   -0.667453	    0.717931	-1.321419e-03	-3.881046e-03	
   -0.667453	    0.717931	-1.693455e-03	-3.542403e-03	
   -0.667453	    0.717931	-1.899724e-03	-2.857005e-03	
   -0.667453	    0.717931	-1.920034e-03	-1.891943e-03	
   -0.667453	    0.717931	-1.752398e-03	-7.416844e-04	
   -0.667453	    0.717931	-1.413225e-03	4.811752e-04	
   -0.667453	    0.717931	-9.357162e-04	1.656934e-03	
   -0.667453	    0.717931	-3.666125e-04	2.670501e-03	
   -0.667453	    0.717931	2.383777e-04	3.422660e-03	
   -0.667453	    0.717931	8.200338e-04	3.839786e-03	
   -0.667453	    0.717931	1.321419e-03	3.881046e-03	
   -0.667453	    0.717931	1.693455e-03	3.542403e-03	
   -0.667453	    0.717931	1.899724e-03	2.857005e-03	
   -0.667453	    0.717931	1.920034e-03	1.891943e-03	
   -0.667453	    0.717931	1.752398e-03	7.416844e-04	
   -0.667453	    0.717931	1.413225e-03	-4.811752e-04	
   -0.667453	    0.717931	9.357162e-04	-1.656934e-03	
   -0.667453	    0.717931	3.666125e-04	-2.670501e-03	
   -0.667453	    0.717931	-2.383777e-04	-3.422660e-03	
   -0.667453	    0.717931	-8.200338e-04	-3.839786e-03	
   -0.667453	    0.717931	-1.321419e-03	-3.881046e-03	


   -0.835784	    0.523289	-1.066636e-03	-4.313581e-03	
   -0.835784	    0.523289	-1.359258e-03	-4.017193e-03	
   -0.835784	    0.523289	-1.518826e-03	-3.327573e-03	
   -0.835784	    0.523289	-1.529721e-03	-2.312228e-03	
   -0.835784	    0.523289	-1.390876e-03	-1.070546e-03	
   -0.835784	    0.523289	-1.115883e-03	2.759286e-04	
   -0.835784	    0.523289	-7.316592e-04	1.595394e-03	
   -0.835784	    0.523289	-2.758156e-04	2.758690e-03	
   -0.835784	    0.523289	2.070268e-04	3.651947e-03	
   -0.835784	    0.523289	6.696040e-04	4.187726e-03	
   -0.835784	    0.523289	1.066636e-03	4.313581e-03	
   -0.835784	    0.523289	1.359258e-03	4.017193e-03	
   -0.835784	    0.523289	1.518826e-03	3.327573e-03	
   -0.835784	    0.523289	1.529721e-03	2.312228e-03	
   -0.835784	    0.523289	1.390876e-03	1.070546e-03	
   -0.835784	    0.523289	1.115883e-03	-2.759286e-04	
   -0.835784	    0.523289	7.316592e-04	-1.595394e-03	
   -0.835784	    0.523289	2.758156e-04	-2.758690e-03	
   -0.835784	    0.523289	-2.070268e-04	-3.651947e-03	
   -0.835784	    0.523289	-6.696040e-04	-4.187726e-03	
   -0.835784	    0.523289	-1.066636e-03	-4.313581e-03	


   -0.835784	    0.523289	-1.066636e-03	-4.313581e-03	
   -0.835784	    0.523289	-1.359258e-03	-4.017193e-03	
   -0.835784	    0.523289	-1.518826e-03	-3.327573e-03	
   -0.835784	    0.523289	-1.529721e-03	-2.312228e-03	
   -0.835784	    0.523289	-1.390876e-03	-1.070546e-03	
   -0.835784	    0.523289	-1.115883e-03	2.759286e-04	
   -0.835784	    0.523289	-7.316592e-04	1.595394e-03	
   -0.835784	    0.523289	-2.758156e-04	2.758690e-03	
   -0.835784	    0.523289	2.070268e-04	3.651947e-03	
   -0.835784	    0.523289	6.696040e-04	4.187726e-03	
   -0.835784	    0.523289	1.066636e-03	4.313581e-03	
   -0.835784	    0.523289	1.359258e-03	4.017193e-03	
   -0.835784	    0.523289	1.518826e-03	3.327573e-03	
   -0.835784	    0.523289	1.529721e-03	2.312228e-03	
   -0.835784	    0.523289	1.390876e-03	1.070546e-03	
   -0.835784	    0.523289	1.115883e-03	-2.759286e-04	
   -0.835784	    0.523289	7.316592e-04	-1.595394e-03	
   -0.835784	    0.523289	2.758156e-04	-2.758690e-03	
   -0.835784	    0.523289	-2.070268e-04	-3.651947e-03	
   -0.835784	    0.523289	-6.696040e-04	-4.187726e-03	
   -0.835784	    0.523289	-1.066636e-03	-4.313581e-03	


   -0.951038	    0.295342	-6.138224e-04	-4.574948e-03	
   -0.951038	    0.295342	-8.557508e-04	-4.314543e-03	
   -0.951038	    0.295342	-1.013912e-03	-3.631801e-03	
   -0.951038	    0.295342	-1.072825e-03	-2.593554e-03	
   -0.951038	    0.295342	-1.026722e-03	-1.301431e-03	
   -0.951038	    0.295342	-8.801164e-04	1.180856e-04	
   -0.951038	    0.295342	-6.473589e-04	1.526043e-03	
   -0.951038	    0.295342	-3.512334e-04	2.784620e-03	
   -0.951038	    0.295342	-2.072669e-05	3.770619e-03	
   -0.951038	    0.295342	3.118089e-04	4.387524e-03	
   -0.951038	    0.295342	6.138224e-04	4.574948e-03	
   -0.951038	    0.295342	8.557508e-04	4.314543e-03	
   -0.951038	    0.295342	1.013912e-03	3.631801e-03	
   -0.951038	    0.295342	1.072825e-03	2.593554e-03	
   -0.951038	    0.295342	1.026722e-03	1.301431e-03	
   -0.951038	    0.295342	8.801164e-04	-1.180856e-04	
   -0.951038	    0.295342	6.473589e-04	-1.526043e-03	
   -0.951038	    0.295342	3.512334e-04	-2.784620e-03	
   -0.951038	    0.295342	2.072669e-05	-3.770619e-03	
   -0.951038	    0.295342	-3.118089e-04	-4.387524e-03	
   -0.951038	    0.295342	-6.138224e-04	-4.574948e-03	


   -0.951038	    0.295342	-6.138224e-04	-4.574948e-03	
   -0.951038	    0.295342	-8.557508e-04	-4.314543e-03	
   -0.951038	    0.295342	-1.013912e-03	-3.631801e-03	
   -0.951038	    0.295342	-1.072825e-03	-2.593554e-03	
   -0.951038	    0.295342	-1.026722e-03	-1.301431e-03	
   -0.951038	    0.295342	-8.801164e-04	1.180856e-04	
   -0.951038	    0.295342	-6.473589e-04	1.526043e-03	
   -0.951038	    0.295342	-3.512334e-04	2.784620e-03	
   -0.951038	    0.295342	-2.072669e-05	3.770619e-03	
   -0.951038	    0.295342	3.118089e-04	4.387524e-03	
   -0.951038	    0.295342	6.138224e-04	4.574948e-03	
   -0.951038	    0.295342	8.557508e-04	4.314543e-03	
   -0.951038	    0.295342	1.013912e-03	3.631801e-03	
   -0.951038	    0.295342	1.072825e-03	2.593554e-03	
   -0.951038	    0.295342	1.026722e-03	1.301431e-03	
   -0.951038	    0.295342	8.801164e-04	-1.180856e-04	
   -0.951038	    0.295342	6.473589e-04	-1.526043e-03	
   -0.951038	    0.295342	3.512334e-04	-2.784620e-03	
   -0.951038	    0.295342	2.072669e-05	-3.770619e-03	
   -0.951038	    0.295342	-3.118089e-04	-4.387524e-03	
   -0.951038	    0.295342	-6.138224e-04	-4.574948e-03	


   -1.007624	    0.049083	-7.945541e-05	-4.568309e-03	
   -1.007624	    0.049083	-2.934937e-04	-4.340930e-03	
   -1.007624	    0.049083	-4.788029e-04	-3.688630e-03	
   -1.007624	    0.049083	-6.172434e-04	-2.675262e-03	
   -1.007624	    0.049083	-6.952639e-04	-1.400020e-03	
   -1.007624	    0.049083	-7.052271e-04	1.226583e-05	
   -1.007624	    0.049083	-6.461578e-04	1.423351e-03	
   -1.007624	    0.049083	-5.238380e-04	2.695108e-03	
   -1.007624	    0.049083	-3.502413e-04	3.703049e-03	
   -1.007624	    0.049083	-1.423606e-04	4.348511e-03	
   -1.007624	    0.049083	7.945541e-05	4.568309e-03	
   -1.007624	    0.049083	2.934937e-04	4.340930e-03	
   -1.007624	    0.049083	4.788029e-04	3.688630e-03	
   -1.007624	    0.049083	6.172434e-04	2.675262e-03	
   -1.007624	    0.049083	6.952639e-04	1.400020e-03	
   -1.007624	    0.049083	7.052271e-04	-1.226583e-05	
   -1.007624	    0.049083	6.461578e-04	-1.423351e-03	
   -1.007624	    0.049083	5.238380e-04	-2.695108e-03	
   -1.007624	    0.049083	3.502413e-04	-3.703049e-03	
   -1.007624	    0.049083	1.423606e-04	-4.348511e-03	
   -1.007624	    0.049083	-7.945541e-05	-4.568309e-03	


   -1.007624	    0.049083	-7.945541e-05	-4.568309e-03	
   -1.007624	    0.049083	-2.934937e-04	-4.340930e-03	
   -1.007624	    0.049083	-4.788029e-04	-3.688630e-03	
   -1.007624	    0.049083	-6.172434e-04	-2.675262e-03	
   -1.007624	    0.049083	-6.952639e-04	-1.400020e-03	
   -1.007624	    0.049083	-7.052271e-04	1.226583e-05	
   -1.007624	    0.049083	-6.461578e-04	1.423351e-03	
   -1.007624	    0.049083	-5.238380e-04	2.695108e-03	
   -1.007624	    0.049083	-3.502413e-04	3.703049e-03	
   -1.007624	    0.049083	-1.423606e-04	4.348511e-03	
   -1.007624	    0.049083	7.945541e-05	4.568309e-03	
   -1.007624	    0.049083	2.934937e-04	4.340930e-03	
   -1.007624	    0.049083	4.788029e-04	3.688630e-03	
   -1.007624	    0.049083	6.172434e-04	2.675262e-03	
   -1.007624	    0.049083	6.952639e-04	1.400020e-03	
   -1.007624	    0.049083	7.052271e-04	-1.226583e-05	
   -1.007624	    0.049083	6.461578e-04	-1.423351e-03	
   -1.007624	    0.049083	5.238380e-04	-2.695108e-03	
   -1.007624	    0.049083	3.502413e-04	-3.703049e-03	
   -1.007624	    0.049083	1.423606e-04	-4.348511e-03	
   -1.007624	    0.049083	-7.945541e-05	-4.568309e-03	


   -1.004369	   -0.200189	4.146142e-04	-4.291397e-03	
   -1.004369	   -0.200189	2.202878e-04	-4.098175e-03	
   -1.004369	   -0.200189	4.398023e-06	-3.503795e-03	
   -1.004369	   -0.200189	-2.119222e-04	-2.566440e-03	
   -1.004369	   -0.200189	-4.074980e-04	-1.377864e-03	
   -1.004369	   -0.200189	-5.631851e-04	-5.441225e-05	
   -1.004369	   -0.200189	-6.637437e-04	1.274365e-03	
   -1.004369	   -0.200189	-6.993304e-04	2.478399e-03	
   -1.004369	   -0.200189	-6.664618e-04	3.439830e-03	
   -1.004369	   -0.200189	-5.683553e-04	4.064546e-03	
   -1.004369	   -0.200189	-4.146142e-04	4.291397e-03	
   -1.004369	   -0.200189	-2.202878e-04	4.098175e-03	
   -1.004369	   -0.200189	-4.398023e-06	3.503795e-03	
   -1.004369	   -0.200189	2.119222e-04	2.566440e-03	
   -1.004369	   -0.200189	4.074980e-04	1.377864e-03	
   -1.004369	   -0.200189	5.631851e-04	5.441225e-05	
   -1.004369	   -0.200189	6.637437e-04	-1.274365e-03	
   -1.004369	   -0.200189	6.993304e-04	-2.478399e-03	
   -1.004369	   -0.200189	6.664618e-04	-3.439830e-03	
   -1.004369	   -0.200189	5.683553e-04	-4.064546e-03	
   -1.004369	   -0.200189	4.146142e-04	-4.291397e-03	


   -1.004369	   -0.200189	4.146142e-04	-4.291397e-03	
   -1.004369	   -0.200189	2.202878e-04	-4.098175e-03	
   -1.004369	   -0.200189	4.398023e-06	-3.503795e-03	
   -1.004369	   -0.200189	-2.119222e-04	-2.566440e-03	
   -1.004369	   -0.200189	-4.074980e-04	-1.377864e-03	
   -1.004369	   -0.200189	-5.631851e-04	-5.441225e-05	
   -1.004369	   -0.200189	-6.637437e-04	1.274365e-03	
   -1.004369	   -0.200189	-6.993304e-04	2.478399e-03	
   -1.004369	   -0.200189	-6.664618e-04	3.439830e-03	
   -1.004369	   -0.200189	-5.683553e-04	4.064546e-03	
   -1.004369	   -0.200189	-4.146142e-04	4.291397e-03	
   -1.004369	   -0.200189	-2.202878e-04	4.098175e-03	
   -1.004369	   -0.200189	-4.398023e-06	3.503795e-03	
   -1.004369	   -0.200189	2.119222e-04	2.566440e-03	
   -1.004369	   -0.200189	4.074980e-04	1.377864e-03	
   -1.004369	   -0.200189	5.631851e-04	5.441225e-05	
   -1.004369	   -0.200189	6.637437e-04	-1.274365e-03	
   -1.004369	   -0.200189	6.993304e-04	-2.478399e-03	
   -1.004369	   -0.200189	6.664618e-04	-3.439830e-03	
   -1.004369	   -0.200189	5.683553e-04	-4.064546e-03	
   -1.004369	   -0.200189	4.146142e-04	-4.291397e-03	


   -0.944043	   -0.438182	8.292739e-04	-3.838968e-03	
   -0.944043	   -0.438182	6.482000e-04	-3.681423e-03	
   -0.944043	   -0.438182	4.036759e-04	-3.163514e-03	
   -0.944043	   -0.438182	1.196371e-04	-2.335939e-03	
   -0.944043	   -0.438182	-1.761126e-04	-1.279705e-03	
   -0.944043	   -0.438182	-4.546231e-04	-9.820532e-05	
   -0.944043	   -0.438182	-6.886320e-04	1.092908e-03	
   -0.944043	   -0.438182	-8.552328e-04	2.177039e-03	
   -0.944043	   -0.438182	-9.381174e-04	3.048067e-03	
   -0.944043	   -0.438182	-9.291726e-04	3.620728e-03	
   -0.944043	   -0.438182	-8.292739e-04	3.838968e-03	
   -0.944043	   -0.438182	-6.482000e-04	3.681423e-03	
   -0.944043	   -0.438182	-4.036759e-04	3.163514e-03	
   -0.944043	   -0.438182	-1.196371e-04	2.335939e-03	
   -0.944043	   -0.438182	1.761126e-04	1.279705e-03	
   -0.944043	   -0.438182	4.546231e-04	9.820532e-05	
   -0.944043	   -0.438182	6.886320e-04	-1.092908e-03	
   -0.944043	   -0.438182	8.552328e-04	-2.177039e-03	
   -0.944043	   -0.438182	9.381174e-04	-3.048067e-03	
   -0.944043	   -0.438182	9.291726e-04	-3.620728e-03	
   -0.944043	   -0.438182	8.292739e-04	-3.838968e-03	


   -0.944043	   -0.438182	8.292739e-04	-3.838968e-03	
   -0.944043	   -0.438182	6.482000e-04	-3.681423e-03	
   -0.944043	   -0.438182	4.036759e-04	-3.163514e-03	
   -0.944043	   -0.438182	1.196371e-04	-2.335939e-03	
   -0.944043	   -0.438182	-1.761126e-04	-1.279705e-03	
   -0.944043	   -0.438182	-4.546231e-04	-9.820532e-05	
   -0.944043	   -0.438182	-6.886320e-04	1.092908e-03	
   -0.944043	   -0.438182	-8.552328e-04	2.177039e-03	
   -0.944043	   -0.438182	-9.381174e-04	3.048067e-03	
   -0.944043	   -0.438182	-9.291726e-04	3.620728e-03	
   -0.944043	   -0.438182	-8.292739e-04	3.838968e-03	
   -0.944043	   -0.438182	-6.482000e-04	3.681423e-03	
   -0.944043	   -0.438182	-4.036759e-04	3.163514e-03	
   -0.944043	   -0.438182	-1.196371e-04	2.335939e-03	
   -0.944043	   -0.438182	1.761126e-04	1.279705e-03	
   -0.944043	   -0.438182	4.546231e-04	9.820532e-05	
   -0.944043	   -0.438182	6.886320e-04	-1.092908e-03	
   -0.944043	   -0.438182	8.552328e-04	-2.177039e-03	
   -0.944043	   -0.438182	9.381174e-04	-3.048067e-03	
   -0.944043	   -0.438182	9.291726e-04	-3.620728e-03	
   -0.944043	   -0.438182	8.292739e-04	-3.838968e-03	


   -0.832560	   -0.652516	1.116469e-03	-3.277176e-03	
   -0.832560	   -0.652516	9.432254e-04	-3.157185e-03	
   -0.832560	   -0.652516	6.776524e-04	-2.728145e-03	
   -0.832560	   -0.652516	3.457461e-04	-2.032056e-03	
   -0.832560	   -0.652516	-2.000417e-05	-1.137056e-03	
   -0.832560	   -0.652516	-3.837963e-04	-1.307518e-04	
   -0.832560	   -0.652516	-7.100198e-04	8.883509e-04	
   -0.832560	   -0.652516	-9.667417e-04	1.820496e-03	
   -0.832560	   -0.652516	-1.128832e-03	2.574437e-03	
   -0.832560	   -0.652516	-1.180425e-03	3.076376e-03	
   -0.832560	   -0.652516	-1.116469e-03	3.277176e-03	
   -0.832560	   -0.652516	-9.432254e-04	3.157185e-03	
   -0.832560	   -0.652516	-6.776524e-04	2.728145e-03	
   -0.832560	   -0.652516	-3.457461e-04	2.032056e-03	
   -0.832560	   -0.652516	2.000417e-05	1.137056e-03	
   -0.832560	   -0.652516	3.837963e-04	1.307518e-04	
   -0.832560	   -0.652516	7.100198e-04	-8.883509e-04	
   -0.832560	   -0.652516	9.667417e-04	-1.820496e-03	
   -0.832560	   -0.652516	1.128832e-03	-2.574437e-03	
   -0.832560	   -0.652516	1.180425e-03	-3.076376e-03	
   -0.832560	   -0.652516	1.116469e-03	-3.277176e-03	


   -0.832560	   -0.652516	1.116469e-03	-3.277176e-03	
   -0.832560	   -0.652516	9.432254e-04	-3.157185e-03	
   -0.832560	   -0.652516	6.776524e-04	-2.728145e-03	
   -0.832560	   -0.652516	3.457461e-04	-2.032056e-03	
   -0.832560	   -0.652516	-2.000417e-05	-1.137056e-03	
   -0.832560	   -0.652516	-3.837963e-04	-1.307518e-04	
   -0.832560	   -0.652516	-7.100198e-04	8.883509e-04	
   -0.832560	   -0.652516	-9.667417e-04	1.820496e-03	
   -0.832560	   -0.652516	-1.128832e-03	2.574437e-03	
   -0.832560	   -0.652516	-1.180425e-03	3.076376e-03	
   -0.832560	   -0.652516	-1.116469e-03	3.277176e-03	
   -0.832560	   -0.652516	-9.432254e-04	3.157185e-03	
   -0.832560	   -0.652516	-6.776524e-04	2.728145e-03	
   -0.832560	   -0.652516	-3.457461e-04	2.032056e-03	
   -0.832560	   -0.652516	2.000417e-05	1.137056e-03	
   -0.832560	   -0.652516	3.837963e-04	1.307518e-04	
   -0.832560	   -0.652516	7.100198e-04	-8.883509e-04	
   -0.832560	   -0.652516	9.667417e-04	-1.820496e-03	
   -0.832560	   -0.652516	1.128832e-03	-2.574437e-03	
   -0.832560	   -0.652516	1.180425e-03	-3.076376e-03	
   -0.832560	   -0.652516	1.116469e-03	-3.277176e-03	


   -0.678072	   -0.833218	1.256961e-03	-2.685491e-03	
   -0.678072	   -0.833218	1.093804e-03	-2.601626e-03	
   -0.678072	   -0.833218	8.235789e-04	-2.263094e-03	
   -0.678072	   -0.833218	4.727358e-04	-1.703036e-03	
   -0.678072	   -0.833218	7.561799e-05	-9.762724e-04	
   -0.678072	   -0.833218	-3.289018e-04	-1.539445e-04	
   -0.678072	   -0.833218	-7.012264e-04	6.834526e-04	
   -0.678072	   -0.833218	-1.004910e-03	1.453948e-03	
   -0.678072	   -0.833218	-1.210226e-03	2.082122e-03	
   -0.678072	   -0.833218	-1.297077e-03	2.506483e-03	
   -0.678072	   -0.833218	-1.256961e-03	2.685491e-03	
   -0.678072	   -0.833218	-1.093804e-03	2.601626e-03	
   -0.678072	   -0.833218	-8.235789e-04	2.263094e-03	
   -0.678072	   -0.833218	-4.727358e-04	1.703036e-03	
   -0.678072	   -0.833218	-7.561799e-05	9.762724e-04	
   -0.678072	   -0.833218	3.289018e-04	1.539445e-04	
   -0.678072	   -0.833218	7.012264e-04	-6.834526e-04	
   -0.678072	   -0.833218	1.004910e-03	-1.453948e-03	
   -0.678072	   -0.833218	1.210226e-03	-2.082122e-03	
   -0.678072	   -0.833218	1.297077e-03	-2.506483e-03	
   -0.678072	   -0.833218	1.256961e-03	-2.685491e-03	


   -0.678072	   -0.833218	1.256961e-03	-2.685491e-03	
   -0.678072	   -0.833218	1.093804e-03	-2.601626e-03	
   -0.678072	   -0.833218	8.235789e-04	-2.263094e-03	
   -0.678072	   -0.833218	4.727358e-04	-1.703036e-03	
   -0.678072	   -0.833218	7.561799e-05	-9.762724e-04	
   -0.678072	   -0.833218	-3.289018e-04	-1.539445e-04	
   -0.678072	   -0.833218	-7.012264e-04	6.834526e-04	
   -0.678072	   -0.833218	-1.004910e-03	1.453948e-03	
   -0.678072	   -0.833218	-1.210226e-03	2.082122e-03	
   -0.678072	   -0.833218	-1.297077e-03	2.506483e-03	
   -0.678072	   -0.833218	-1.256961e-03	2.685491e-03	
   -0.678072	   -0.833218	-1.093804e-03	2.601626e-03	
   -0.678072	   -0.833218	-8.235789e-04	2.263094e-03	
   -0.678072	   -0.833218	-4.727358e-04	1.703036e-03	
   -0.678072	   -0.833218	-7.561799e-05	9.762724e-04	
   -0.678072	   -0.833218	3.289018e-04	1.539445e-04	
   -0.678072	   -0.833218	7.012264e-04	-6.834526e-04	
   -0.678072	   -0.833218	1.004910e-03	-1.453948e-03	
   -0.678072	   -0.833218	1.210226e-03	-2.082122e-03	
   -0.678072	   -0.833218	1.297077e-03	-2.506483e-03	
   -0.678072	   -0.833218	1.256961e-03	-2.685491e-03	


   -0.490109	   -0.972879	1.255163e-03	-2.130172e-03	
   -0.490109	   -0.972879	1.103104e-03	-2.079314e-03	
   -0.490109	   -0.972879	8.430655e-04	-1.824918e-03	
   -0.490109	   -0.972879	5.005018e-04	-1.391887e-03	
   -0.490109	   -0.972879	1.089455e-04	-8.226083e-04	
   -0.490109	   -0.972879	-2.932752e-04	-1.728068e-04	
   -0.490109	   -0.972879	-6.667880e-04	4.939102e-04	
   -0.490109	   -0.972879	-9.750310e-04	1.112280e-03	
   -0.490109	   -0.972879	-1.187831e-03	1.621772e-03	
   -0.490109	   -0.972879	-1.284358e-03	1.972513e-03	
   -0.490109	   -0.972879	-1.255163e-03	2.130172e-03	
   -0.490109	   -0.972879	-1.103104e-03	2.079314e-03	
   -0.490109	   -0.972879	-8.430655e-04	1.824918e-03	
   -0.490109	   -0.972879	-5.005018e-04	1.391887e-03	
   -0.490109	   -0.972879	-1.089455e-04	8.226083e-04	
   -0.490109	   -0.972879	2.932752e-04	1.728068e-04	
   -0.490109	   -0.972879	6.667880e-04	-4.939102e-04	
   -0.490109	   -0.972879	9.750310e-04	-1.112280e-03	
   -0.490109	   -0.972879	1.187831e-03	-1.621772e-03	
   -0.490109	   -0.972879	1.284358e-03	-1.972513e-03	
   -0.490109	   -0.972879	1.255163e-03	-2.130172e-03	


   -0.490109	   -0.972879	1.255163e-03	-2.130172e-03	
   -0.490109	   -0.972879	1.103104e-03	-2.079314e-03	
   -0.490109	   -0.972879	8.430655e-04	-1.824918e-03	
   -0.490109	   -0.972879	5.005018e-04	-1.391887e-03	
   -0.490109	   -0.972879	1.089455e-04	-8.226083e-04	
   -0.490109	   -0.972879	-2.932752e-04	-1.728068e-04	
   -0.490109	   -0.972879	-6.667880e-04	4.939102e-04	
   -0.490109	   -0.972879	-9.750310e-04	1.112280e-03	
   -0.490109	   -0.972879	-1.187831e-03	1.621772e-03	
   -0.490109	   -0.972879	-1.284358e-03	1.972513e-03	
   -0.490109	   -0.972879	-1.255163e-03	2.130172e-03	
   -0.490109	   -0.972879	-1.103104e-03	2.079314e-03	
   -0.490109	   -0.972879	-8.430655e-04	1.824918e-03	
   -0.490109	   -0.972879	-5.005018e-04	1.391887e-03	
   -0.490109	   -0.972879	-1.089455e-04	8.226083e-04	
   -0.490109	   -0.972879	2.932752e-04	1.728068e-04	
   -0.490109	   -0.972879	6.667880e-04	-4.939102e-04	
   -0.490109	   -0.972879	9.750310e-04	-1.112280e-03	
   -0.490109	   -0.972879	1.187831e-03	-1.621772e-03	
   -0.490109	   -0.972879	1.284358e-03	-1.972513e-03	
   -0.490109	   -0.972879	1.255163e-03	-2.130172e-03	


   -0.278911	   -1.066554	1.148498e-03	-1.657148e-03	
   -0.278911	   -1.066554	1.008880e-03	-1.633846e-03	
   -0.278911	   -1.066554	7.705065e-04	-1.450612e-03	
   -0.278911	   -1.066554	4.567103e-04	-1.125383e-03	
   -0.278911	   -1.066554	9.820809e-05	-6.899925e-04	
   -0.278911	   -1.066554	-2.699074e-04	-1.870612e-04	
   -0.278911	   -1.066554	-6.116025e-04	3.341810e-04	
   -0.278911	   -1.066554	-8.934297e-04	8.227112e-04	
   -0.278911	   -1.066554	-1.087802e-03	1.230709e-03	
   -0.278911	   -1.066554	-1.175692e-03	1.518236e-03	
   -0.278911	   -1.066554	-1.148498e-03	1.657148e-03	
   -0.278911	   -1.066554	-1.008880e-03	1.633846e-03	
   -0.278911	   -1.066554	-7.705065e-04	1.450612e-03	
   -0.278911	   -1.066554	-4.567103e-04	1.125383e-03	
   -0.278911	   -1.066554	-9.820809e-05	6.899925e-04	
   -0.278911	   -1.066554	2.699074e-04	1.870612e-04	
   -0.278911	   -1.066554	6.116025e-04	-3.341810e-04	
   -0.278911	   -1.066554	8.934297e-04	-8.227112e-04	
   -0.278911	   -1.066554	1.087802e-03	-1.230709e-03	
   -0.278911	   -1.066554	1.175692e-03	-1.518236e-03	
   -0.278911	   -1.066554	1.148498e-03	-1.657148e-03	


   -0.278911	   -1.066554	1.148498e-03	-1.657148e-03	
   -0.278911	   -1.066554	1.008880e-03	-1.633846e-03	
   -0.278911	   -1.066554	7.705065e-04	-1.450612e-03	
   -0.278911	   -1.066554	4.567103e-04	-1.125383e-03	
   -0.278911	   -1.066554	9.820809e-05	-6.899925e-04	
   -0.278911	   -1.066554	-2.699074e-04	-1.870612e-04	
   -0.278911	   -1.066554	-6.116025e-04	3.341810e-04	
   -0.278911	   -1.066554	-8.934297e-04	8.227112e-04	
   -0.278911	   -1.066554	-1.087802e-03	1.230709e-03	
   -0.278911	   -1.066554	-1.175692e-03	1.518236e-03	
   -0.278911	   -1.066554	-1.148498e-03	1.657148e-03	
   -0.278911	   -1.066554	-1.008880e-03	1.633846e-03	
   -0.278911	   -1.066554	-7.705065e-04	1.450612e-03	
   -0.278911	   -1.066554	-4.567103e-04	1.125383e-03	
   -0.278911	   -1.066554	-9.820809e-05	6.899925e-04	
   -0.278911	   -1.066554	2.699074e-04	1.870612e-04	
   -0.278911	   -1.066554	6.116025e-04	-3.341810e-04	
   -0.278911	   -1.066554	8.934297e-04	-8.227112e-04	
   -0.278911	   -1.066554	1.087802e-03	-1.230709e-03	
   -0.278911	   -1.066554	1.175692e-03	-1.518236e-03	
   -0.278911	   -1.066554	1.148498e-03	-1.657148e-03	


   -0.054936	   -1.111558	9.553189e-04	-1.284592e-03	
   -0.054936	   -1.111558	8.282648e-04	-1.281434e-03	
   -0.054936	   -1.111558	6.201344e-04	-1.152841e-03	
   -0.054936	   -1.111558	3.513009e-04	-9.114004e-04	
   -0.054936	   -1.111558	4.807964e-05	-5.807452e-04	
   -0.054936	   -1.111558	-2.598480e-04	-1.932425e-04	
   -0.054936	   -1.111558	-5.423399e-04	2.131760e-04	
   -0.054936	   -1.111558	-7.717438e-04	5.987275e-04	
   -0.054936	   -1.111558	-9.256041e-04	9.256712e-04	
   -0.054936	   -1.111558	-9.888597e-04	1.162004e-03	
   -0.054936	   -1.111558	-9.553189e-04	1.284592e-03	
   -0.054936	   -1.111558	-8.282648e-04	1.281434e-03	
   -0.054936	   -1.111558	-6.201344e-04	1.152841e-03	
   -0.054936	   -1.111558	-3.513009e-04	9.114004e-04	
   -0.054936	   -1.111558	-4.807964e-05	5.807452e-04	
   -0.054936	   -1.111558	2.598480e-04	1.932425e-04	
   -0.054936	   -1.111558	5.423399e-04	-2.131760e-04	
   -0.054936	   -1.111558	7.717438e-04	-5.987275e-04	
   -0.054936	   -1.111558	9.256041e-04	-9.256712e-04	
   -0.054936	   -1.111558	9.888597e-04	-1.162004e-03	
   -0.054936	   -1.111558	9.553189e-04	-1.284592e-03	


   -0.054936	   -1.111558	9.553189e-04	-1.284592e-03	
   -0.054936	   -1.111558	8.282648e-04	-1.281434e-03	
   -0.054936	   -1.111558	6.201344e-04	-1.152841e-03	
   -0.054936	   -1.111558	3.513009e-04	-9.114004e-04	
   -0.054936	   -1.111558	4.807964e-05	-5.807452e-04	
   -0.054936	   -1.111558	-2.598480e-04	-1.932425e-04	
   -0.054936	   -1.111558	-5.423399e-04	2.131760e-04	
   -0.054936	   -1.111558	-7.717438e-04	5.987275e-04	
   -0.054936	   -1.111558	-9.256041e-04	9.256712e-04	
   -0.054936	   -1.111558	-9.888597e-04	1.162004e-03	
   -0.054936	   -1.111558	-9.553189e-04	1.284592e-03	
   -0.054936	   -1.111558	-8.282648e-04	1.281434e-03	
   -0.054936	   -1.111558	-6.201344e-04	1.152841e-03	
   -0.054936	   -1.111558	-3.513009e-04	9.114004e-04	
   -0.054936	   -1.111558	-4.807964e-05	5.807452e-04	
   -0.054936	   -1.111558	2.598480e-04	1.932425e-04	
   -0.054936	   -1.111558	5.423399e-04	-2.131760e-04	
   -0.054936	   -1.111558	7.717438e-04	-5.987275e-04	
   -0.054936	   -1.111558	9.256041e-04	-9.256712e-04	
   -0.054936	   -1.111558	9.888597e-04	-1.162004e-03	
   -0.054936	   -1.111558	9.553189e-04	-1.284592e-03	


    0.171508	   -1.107241	7.110684e-04	-1.021173e-03	
    0.171508	   -1.107241	5.936042e-04	-1.028753e-03	
    0.171508	   -1.107241	4.180338e-04	-9.356311e-04	
    0.171508	   -1.107241	2.015434e-04	-7.509235e-04	
    0.171508	   -1.107241	-3.467555e-05	-4.927103e-04	
    0.171508	   -1.107241	-2.675002e-04	-1.862671e-04	
    0.171508	   -1.107241	-4.741400e-04	1.384091e-04	
    0.171508	   -1.107241	-6.343677e-04	4.495370e-04	
    0.171508	   -1.107241	-7.324991e-04	7.166610e-04	
    0.171508	   -1.107241	-7.589283e-04	9.136332e-04	
    0.171508	   -1.107241	-7.110684e-04	1.021173e-03	
    0.171508	   -1.107241	-5.936042e-04	1.028753e-03	
    0.171508	   -1.107241	-4.180338e-04	9.356311e-04	
    0.171508	   -1.107241	-2.015434e-04	7.509235e-04	
    0.171508	   -1.107241	3.467555e-05	4.927103e-04	
    0.171508	   -1.107241	2.675002e-04	1.862671e-04	
    0.171508	   -1.107241	4.741400e-04	-1.384091e-04	
    0.171508	   -1.107241	6.343677e-04	-4.495370e-04	
    0.171508	   -1.107241	7.324991e-04	-7.166610e-04	
    0.171508	   -1.107241	7.589283e-04	-9.136332e-04	
    0.171508	   -1.107241	7.110684e-04	-1.021173e-03	


    0.171508	   -1.107241	7.110684e-04	-1.021173e-03	
    0.171508	   -1.107241	5.936042e-04	-1.028753e-03	
    0.171508	   -1.107241	4.180338e-04	-9.356311e-04	
    0.171508	   -1.107241	2.015434e-04	-7.509235e-04	
    0.171508	   -1.107241	-3.467555e-05	-4.927103e-04	
    0.171508	   -1.107241	-2.675002e-04	-1.862671e-04	
    0.171508	   -1.107241	-4.741400e-04	1.384091e-04	
    0.171508	   -1.107241	-6.343677e-04	4.495370e-04	
    0.171508	   -1.107241	-7.324991e-04	7.166610e-04	
    0.171508	   -1.107241	-7.589283e-04	9.136332e-04	
    0.171508	   -1.107241	-7.110684e-04	1.021173e-03	
    0.171508	   -1.107241	-5.936042e-04	1.028753e-03	
    0.171508	   -1.107241	-4.180338e-04	9.356311e-04	
    0.171508	   -1.107241	-2.015434e-04	7.509235e-04	
    0.171508	   -1.107241	3.467555e-05	4.927103e-04	
    0.171508	   -1.107241	2.675002e-04	1.862671e-04	
    0.171508	   -1.107241	4.741400e-04	-1.384091e-04	
    0.171508	   -1.107241	6.343677e-04	-4.495370e-04	
    0.171508	   -1.107241	7.324991e-04	-7.166610e-04	
    0.171508	   -1.107241	7.589283e-04	-9.136332e-04	
    0.171508	   -1.107241	7.110684e-04	-1.021173e-03	


    0.390497	   -1.054775	4.516639e-04	-8.632403e-04	
    0.390497	   -1.054775	3.414510e-04	-8.670895e-04	
    0.390497	   -1.054775	1.978145e-04	-7.860620e-04	
    0.390497	   -1.054775	3.481452e-05	-6.280892e-04	
    0.390497	   -1.054775	-1.315933e-04	-4.086348e-04	
    0.390497	   -1.054775	-2.851199e-04	-1.491802e-04	
    0.390497	   -1.054775	-4.107370e-04	1.248771e-04	
    0.390497	   -1.054775	-4.961483e-04	3.867105e-04	
    0.390497	   -1.054775	-5.329931e-04	6.106901e-04	
    0.390497	   -1.054775	-5.176648e-04	7.748910e-04	
    0.390497	   -1.054775	-4.516639e-04	8.632403e-04	
    0.390497	   -1.054775	-3.414510e-04	8.670895e-04	
    0.390497	   -1.054775	-1.978145e-04	7.860620e-04	
    0.390497	   -1.054775	-3.481452e-05	6.280892e-04	
    0.390497	   -1.054775	1.315933e-04	4.086348e-04	
    0.390497	   -1.054775	2.851199e-04	1.491802e-04	
    0.390497	   -1.054775	4.107370e-04	-1.248771e-04	
    0.390497	   -1.054775	4.961483e-04	-3.867105e-04	
    0.390497	   -1.054775	5.329931e-04	-6.106901e-04	
    0.390497	   -1.054775	5.176648e-04	-7.748910e-04	
    0.390497	   -1.054775	4.516639e-04	-8.632403e-04	


    0.390497	   -1.054775	4.516639e-04	-8.632403e-04	
    0.390497	   -1.054775	3.414510e-04	-8.670895e-04	
    0.390497	   -1.054775	1.978145e-04	-7.860620e-04	
    0.390497	   -1.054775	3.481452e-05	-6.280892e-04	
    0.390497	   -1.054775	-1.315933e-04	-4.086348e-04	
    0.390497	   -1.054775	-2.851199e-04	-1.491802e-04	
    0.390497	   -1.054775	-4.107370e-04	1.248771e-04	
    0.390497	   -1.054775	-4.961483e-04	3.867105e-04	
    0.390497	   -1.054775	-5.329931e-04	6.106901e-04	
    0.390497	   -1.054775	-5.176648e-04	7.748910e-04	
    0.390497	   -1.054775	-4.516639e-04	8.632403e-04	
    0.390497	   -1.054775	-3.414510e-04	8.670895e-04	
    0.390497	   -1.054775	-1.978145e-04	7.860620e-04	
    0.390497	   -1.054775	-3.481452e-05	6.280892e-04	
    0.390497	   -1.054775	1.315933e-04	4.086348e-04	
    0.390497	   -1.054775	2.851199e-04	1.491802e-04	
    0.390497	   -1.054775	4.107370e-04	-1.248771e-04	
    0.390497	   -1.054775	4.961483e-04	-3.867105e-04	
    0.390497	   -1.054775	5.329931e-04	-6.106901e-04	
    0.390497	   -1.054775	5.176648e-04	-7.748910e-04	
    0.390497	   -1.054775	4.516639e-04	-8.632403e-04	


    0.592667	   -0.956981	2.230421e-04	-7.878269e-04	
    0.592667	   -0.956981	1.252572e-04	-7.738613e-04	
    0.592667	   -0.956981	1.521130e-05	-6.841447e-04	
    0.592667	   -0.956981	-9.632361e-05	-5.274593e-04	
    0.592667	   -0.956981	-1.984297e-04	-3.191425e-04	
    0.592667	   -0.956981	-2.811121e-04	-7.958580e-05	
    0.592667	   -0.956981	-3.362773e-04	1.677613e-04	
    0.592667	   -0.956981	-3.585253e-04	3.986868e-04	
    0.592667	   -0.956981	-3.456784e-04	5.905860e-04	
    0.592667	   -0.956981	-2.989941e-04	7.246745e-04	
    0.592667	   -0.956981	-2.230421e-04	7.878269e-04	
    0.592667	   -0.956981	-1.252572e-04	7.738613e-04	
    0.592667	   -0.956981	-1.521130e-05	6.841447e-04	
    0.592667	   -0.956981	9.632361e-05	5.274593e-04	
    0.592667	   -0.956981	1.984297e-04	3.191425e-04	
    0.592667	   -0.956981	2.811121e-04	7.958580e-05	
    0.592667	   -0.956981	3.362773e-04	-1.677613e-04	
    0.592667	   -0.956981	3.585253e-04	-3.986868e-04	
    0.592667	   -0.956981	3.456784e-04	-5.905860e-04	
    0.592667	   -0.956981	2.989941e-04	-7.246745e-04	
    0.592667	   -0.956981	2.230421e-04	-7.878269e-04	


    0.592667	   -0.956981	2.230421e-04	-7.878269e-04	
    0.592667	   -0.956981	1.252572e-04	-7.738613e-04	
    0.592667	   -0.956981	1.521130e-05	-6.841447e-04	
    0.592667	   -0.956981	-9.632361e-05	-5.274593e-04	
    0.592667	   -0.956981	-1.984297e-04	-3.191425e-04	
    0.592667	   -0.956981	-2.811121e-04	-7.958580e-05	
    0.592667	   -0.956981	-3.362773e-04	1.677613e-04	
    0.592667	   -0.956981	-3.585253e-04	3.986868e-04	
    0.592667	   -0.956981	-3.456784e-04	5.905860e-04	
    0.592667	   -0.956981	-2.989941e-04	7.246745e-04	
    0.592667	   -0.956981	-2.230421e-04	7.878269e-04	
    0.592667	   -0.956981	-1.252572e-04	7.738613e-04	
    0.592667	   -0.956981	-1.521130e-05	6.841447e-04	
    0.592667	   -0.956981	9.632361e-05	5.274593e-04	
    0.592667	   -0.956981	1.984297e-04	3.191425e-04	
    0.592667	   -0.956981	2.811121e-04	7.958580e-05	
    0.592667	   -0.956981	3.362773e-04	-1.677613e-04	
    0.592667	   -0.956981	3.585253e-04	-3.986868e-04	
    0.592667	   -0.956981	3.456784e-04	-5.905860e-04	
    0.592667	   -0.956981	2.989941e-04	-7.246745e-04	
    0.592667	   -0.956981	2.230421e-04	-7.878269e-04	


    0.769332	   -0.818210	5.203817e-05	-7.536793e-04	
    0.769332	   -0.818210	-2.367382e-05	-7.218434e-04	
    0.769332	   -0.818210	-9.706845e-05	-6.193483e-04	
    0.769332	   -0.818210	-1.609613e-04	-4.562272e-04	
    0.769332	   -0.818210	-2.090982e-04	-2.484473e-04	
    0.769332	   -0.818210	-2.367671e-04	-1.634770e-05	
    0.769332	   -0.818210	-2.412596e-04	2.173521e-04	
    0.769332	   -0.818210	-2.221359e-04	4.297760e-04	
    0.769332	   -0.818210	-1.812680e-04	6.001305e-04	
    0.769332	   -0.818210	-1.226563e-04	7.117399e-04	
    0.769332	   -0.818210	-5.203817e-05	7.536793e-04	
    0.769332	   -0.818210	2.367382e-05	7.218434e-04	
    0.769332	   -0.818210	9.706845e-05	6.193483e-04	
    0.769332	   -0.818210	1.609613e-04	4.562272e-04	
    0.769332	   -0.818210	2.090982e-04	2.484473e-04	
    0.769332	   -0.818210	2.367671e-04	1.634770e-05	
    0.769332	   -0.818210	2.412596e-04	-2.173521e-04	
    0.769332	   -0.818210	2.221359e-04	-4.297760e-04	
    0.769332	   -0.818210	1.812680e-04	-6.001305e-04	
    0.769332	   -0.818210	1.226563e-04	-7.117399e-04	
    0.769332	   -0.818210	5.203817e-05	-7.536793e-04	


    0.769332	   -0.818210	5.203817e-05	-7.536793e-04	
    0.769332	   -0.818210	-2.367382e-05	-7.218434e-04	
    0.769332	   -0.818210	-9.706845e-05	-6.193483e-04	
    0.769332	   -0.818210	-1.609613e-04	-4.562272e-04	
    0.769332	   -0.818210	-2.090982e-04	-2.484473e-04	
    0.769332	   -0.818210	-2.367671e-04	-1.634770e-05	
    0.769332	   -0.818210	-2.412596e-04	2.173521e-04	
    0.769332	   -0.818210	-2.221359e-04	4.297760e-04	
    0.769332	   -0.818210	-1.812680e-04	6.001305e-04	
    0.769332	   -0.818210	-1.226563e-04	7.117399e-04	
    0.769332	   -0.818210	-5.203817e-05	7.536793e-04	
    0.769332	   -0.818210	2.367382e-05	7.218434e-04	
    0.769332	   -0.818210	9.706845e-05	6.193483e-04	
    0.769332	   -0.818210	1.609613e-04	4.562272e-04	
    0.769332	   -0.818210	2.090982e-04	2.484473e-04	
    0.769332	   -0.818210	2.367671e-04	1.634770e-05	
    0.769332	   -0.818210	2.412596e-04	-2.173521e-04	
    0.769332	   -0.818210	2.221359e-04	-4.297760e-04	
    0.769332	   -0.818210	1.812680e-04	-6.001305e-04	
    0.769332	   -0.818210	1.226563e-04	-7.117399e-04	
    0.769332	   -0.818210	5.203817e-05	-7.536793e-04	


    0.912496	   -0.644401	-3.397976e-05	-7.337954e-04	
    0.912496	   -0.644401	-9.019912e-05	-6.952006e-04	
    0.912496	   -0.644401	-1.375892e-04	-5.885546e-04	
    0.912496	   -0.644401	-1.715110e-04	-4.242969e-04	
    0.912496	   -0.644401	-1.886442e-04	-2.185060e-04	
    0.912496	   -0.644401	-1.873115e-04	8.673809e-06	
    0.912496	   -0.644401	-1.676435e-04	2.350045e-04	
    0.912496	   -0.644401	-1.315654e-04	4.383314e-04	
    0.912496	   -0.644401	-8.260876e-05	5.987513e-04	
    0.912496	   -0.644401	-2.556578e-05	7.005613e-04	
    0.912496	   -0.644401	3.397976e-05	7.337954e-04	
    0.912496	   -0.644401	9.019912e-05	6.952006e-04	
    0.912496	   -0.644401	1.375892e-04	5.885546e-04	
    0.912496	   -0.644401	1.715110e-04	4.242969e-04	
    0.912496	   -0.644401	1.886442e-04	2.185060e-04	
    0.912496	   -0.644401	1.873115e-04	-8.673809e-06	
    0.912496	   -0.644401	1.676435e-04	-2.350045e-04	
    0.912496	   -0.644401	1.315654e-04	-4.383314e-04	
    0.912496	   -0.644401	8.260876e-05	-5.987513e-04	
    0.912496	   -0.644401	2.556578e-05	-7.005613e-04	
    0.912496	   -0.644401	-3.397976e-05	-7.337954e-04	


    0.912496	   -0.644401	-3.397976e-05	-7.337954e-04	
    0.912496	   -0.644401	-9.019912e-05	-6.952006e-04	
    0.912496	   -0.644401	-1.375892e-04	-5.885546e-04	
    0.912496	   -0.644401	-1.715110e-04	-4.242969e-04	
    0.912496	   -0.644401	-1.886442e-04	-2.185060e-04	
    0.912496	   -0.644401	-1.873115e-04	8.673809e-06	
    0.912496	   -0.644401	-1.676435e-04	2.350045e-04	
    0.912496	   -0.644401	-1.315654e-04	4.383314e-04	
    0.912496	   -0.644401	-8.260876e-05	5.987513e-04	
    0.912496	   -0.644401	-2.556578e-05	7.005613e-04	
    0.912496	   -0.644401	3.397976e-05	7.337954e-04	
    0.912496	   -0.644401	9.019912e-05	6.952006e-04	
    0.912496	   -0.644401	1.375892e-04	5.885546e-04	
    0.912496	   -0.644401	1.715110e-04	4.242969e-04	
    0.912496	   -0.644401	1.886442e-04	2.185060e-04	
    0.912496	   -0.644401	1.873115e-04	-8.673809e-06	
    0.912496	   -0.644401	1.676435e-04	-2.350045e-04	
    0.912496	   -0.644401	1.315654e-04	-4.383314e-04	
    0.912496	   -0.644401	8.260876e-05	-5.987513e-04	
    0.912496	   -0.644401	2.556578e-05	-7.005613e-04	
    0.912496	   -0.644401	-3.397976e-05	-7.337954e-04	


    1.015165	   -0.443021	-6.136347e-05	-7.101286e-04	
    1.015165	   -0.443021	-1.068843e-04	-6.711794e-04	
    1.015165	   -0.443021	-1.419426e-04	-5.665304e-04	
    1.015165	   -0.443021	-1.631066e-04	-4.064255e-04	
    1.015165	   -0.443021	-1.683045e-04	-2.065369e-04	
    1.015165	   -0.443021	-1.570277e-04	1.356904e-05	
    1.015165	   -0.443021	-1.303798e-04	2.323467e-04	
    1.015165	   -0.443021	-9.096950e-05	4.283807e-04	
    1.015165	   -0.443021	-4.265445e-05	5.824818e-04	
    1.015165	   -0.443021	9.835914e-06	6.795655e-04	
    1.015165	   -0.443021	6.136347e-05	7.101286e-04	
    1.015165	   -0.443021	1.068843e-04	6.711794e-04	
    1.015165	   -0.443021	1.419426e-04	5.665304e-04	
    1.015165	   -0.443021	1.631066e-04	4.064255e-04	
    1.015165	   -0.443021	1.683045e-04	2.065369e-04	
    1.015165	   -0.443021	1.570277e-04	-1.356904e-05	
    1.015165	   -0.443021	1.303798e-04	-2.323467e-04	
    1.015165	   -0.443021	9.096950e-05	-4.283807e-04	
    1.015165	   -0.443021	4.265445e-05	-5.824818e-04	
    1.015165	   -0.443021	-9.835914e-06	-6.795655e-04	
    1.015165	   -0.443021	-6.136347e-05	-7.101286e-04	


    1.015165	   -0.443021	-6.136347e-05	-7.101286e-04	
    1.015165	   -0.443021	-1.068843e-04	-6.711794e-04	
    1.015165	   -0.443021	-1.419426e-04	-5.665304e-04	
    1.015165	   -0.443021	-1.631066e-04	-4.064255e-04	
    1.015165	   -0.443021	-1.683045e-04	-2.065369e-04	
    1.015165	   -0.443021	-1.570277e-04	1.356904e-05	
    1.015165	   -0.443021	-1.303798e-04	2.323467e-04	
    1.015165	   -0.443021	-9.096950e-05	4.283807e-04	
    1.015165	   -0.443021	-4.265445e-05	5.824818e-04	
    1.015165	   -0.443021	9.835914e-06	6.795655e-04	
    1.015165	   -0.443021	6.136347e-05	7.101286e-04	
    1.015165	   -0.443021	1.068843e-04	6.711794e-04	
    1.015165	   -0.443021	1.419426e-04	5.665304e-04	
    1.015165	   -0.443021	1.631066e-04	4.064255e-04	
    1.015165	   -0.443021	1.683045e-04	2.065369e-04	
    1.015165	   -0.443021	1.570277e-04	-1.356904e-05	
    1.015165	   -0.443021	1.303798e-04	-2.323467e-04	
    1.015165	   -0.443021	9.096950e-05	-4.283807e-04	
    1.015165	   -0.443021	4.265445e-05	-5.824818e-04	
    1.015165	   -0.443021	-9.835914e-06	-6.795655e-04	
    1.015165	   -0.443021	-6.136347e-05	-7.101286e-04	


    1.071851	   -0.222473	-4.220572e-05	-6.758625e-04	
    1.071851	   -0.222473	-8.533319e-05	-6.399612e-04	
    1.071851	   -0.222473	-1.201077e-04	-5.414161e-04	
    1.071851	   -0.222473	-1.431252e-04	-3.898734e-04	
    1.071851	   -0.222473	-1.521326e-04	-2.001672e-04	
    1.071851	   -0.222473	-1.462482e-04	9.132789e-06	
    1.071851	   -0.222473	-1.260480e-04	2.175388e-04	
    1.071851	   -0.222473	-9.350936e-05	4.046506e-04	
    1.071851	   -0.222473	-5.181738e-05	5.521523e-04	
    1.071851	   -0.222473	-5.053149e-06	6.456056e-04	
    1.071851	   -0.222473	4.220572e-05	6.758625e-04	
    1.071851	   -0.222473	8.533319e-05	6.399612e-04	
    1.071851	   -0.222473	1.201077e-04	5.414161e-04	
    1.071851	   -0.222473	1.431252e-04	3.898734e-04	
    1.071851	   -0.222473	1.521326e-04	2.001672e-04	
    1.071851	   -0.222473	1.462482e-04	-9.132789e-06	
    1.071851	   -0.222473	1.260480e-04	-2.175388e-04	
    1.071851	   -0.222473	9.350936e-05	-4.046506e-04	
    1.071851	   -0.222473	5.181738e-05	-5.521523e-04	
    1.071851	   -0.222473	5.053149e-06	-6.456056e-04	
    1.071851	   -0.222473	-4.220572e-05	-6.758625e-04	


    1.071851	   -0.222473	-4.220572e-05	-6.758625e-04	
    1.071851	   -0.222473	-8.533319e-05	-6.399612e-04	
    1.071851	   -0.222473	-1.201077e-04	-5.414161e-04	
    1.071851	   -0.222473	-1.431252e-04	-3.898734e-04	
    1.071851	   -0.222473	-1.521326e-04	-2.001672e-04	
    1.071851	   -0.222473	-1.462482e-04	9.132789e-06	
    1.071851	   -0.222473	-1.260480e-04	2.175388e-04	
    1.071851	   -0.222473	-9.350936e-05	4.046506e-04	
    1.071851	   -0.222473	-5.181738e-05	5.521523e-04	
    1.071851	   -0.222473	-5.053149e-06	6.456056e-04	
    1.071851	   -0.222473	4.220572e-05	6.758625e-04	
    1.071851	   -0.222473	8.533319e-05	6.399612e-04	
    1.071851	   -0.222473	1.201077e-04	5.414161e-04	
    1.071851	   -0.222473	1.431252e-04	3.898734e-04	
    1.071851	   -0.222473	1.521326e-04	2.001672e-04	
    1.071851	   -0.222473	1.462482e-04	-9.132789e-06	
    1.071851	   -0.222473	1.260480e-04	-2.175388e-04	
    1.071851	   -0.222473	9.350936e-05	-4.046506e-04	
    1.071851	   -0.222473	5.181738e-05	-5.521523e-04	
    1.071851	   -0.222473	5.053149e-06	-6.456056e-04	
    1.071851	   -0.222473	-4.220572e-05	-6.758625e-04	


    1.078444	    0.007607	-6.151727e-06	-6.302131e-04	
    1.078444	    0.007607	-4.957234e-05	-5.989415e-04	
    1.078444	    0.007607	-8.814046e-05	-5.090413e-04	
    1.078444	    0.007607	-1.180808e-04	-3.693126e-04	
    1.078444	    0.007607	-1.364625e-04	-1.934330e-04	
    1.078444	    0.007607	-1.414864e-04	1.381097e-06	
    1.078444	    0.007607	-1.326606e-04	1.960600e-04	
    1.078444	    0.007607	-1.108490e-04	3.715473e-04	
    1.078444	    0.007607	-7.818676e-05	5.106649e-04	
    1.078444	    0.007607	-3.787106e-05	5.997950e-04	
    1.078444	    0.007607	6.151727e-06	6.302131e-04	
    1.078444	    0.007607	4.957234e-05	5.989415e-04	
    1.078444	    0.007607	8.814046e-05	5.090413e-04	
    1.078444	    0.007607	1.180808e-04	3.693126e-04	
    1.078444	    0.007607	1.364625e-04	1.934330e-04	
    1.078444	    0.007607	1.414864e-04	-1.381097e-06	
    1.078444	    0.007607	1.326606e-04	-1.960600e-04	
    1.078444	    0.007607	1.108490e-04	-3.715473e-04	
    1.078444	    0.007607	7.818676e-05	-5.106649e-04	
    1.078444	    0.007607	3.787106e-05	-5.997950e-04	
    1.078444	    0.007607	-6.151727e-06	-6.302131e-04	


    1.078444	    0.007607	-6.151727e-06	-6.302131e-04	
    1.078444	    0.007607	-4.957234e-05	-5.989415e-04	
    1.078444	    0.007607	-8.814046e-05	-5.090413e-04	
    1.078444	    0.007607	-1.180808e-04	-3.693126e-04	
    1.078444	    0.007607	-1.364625e-04	-1.934330e-04	
    1.078444	    0.007607	-1.414864e-04	1.381097e-06	
    1.078444	    0.007607	-1.326606e-04	1.960600e-04	
    1.078444	    0.007607	-1.108490e-04	3.715473e-04	
    1.078444	    0.007607	-7.818676e-05	5.106649e-04	
    1.078444	    0.007607	-3.787106e-05	5.997950e-04	
    1.078444	    0.007607	6.151727e-06	6.302131e-04	
    1.078444	    0.007607	4.957234e-05	5.989415e-04	
    1.078444	    0.007607	8.814046e-05	5.090413e-04	
    1.078444	    0.007607	1.180808e-04	3.693126e-04	
    1.078444	    0.007607	1.364625e-04	1.934330e-04	
    1.078444	    0.007607	1.414864e-04	-1.381097e-06	
    1.078444	    0.007607	1.326606e-04	-1.960600e-04	
    1.078444	    0.007607	1.108490e-04	-3.715473e-04	
    1.078444	    0.007607	7.818676e-05	-5.106649e-04	
    1.078444	    0.007607	3.787106e-05	-5.997950e-04	
    1.078444	    0.007607	-6.151727e-06	-6.302131e-04	


    1.032528	    0.236426	3.652606e-05	-5.610157e-04	
    1.032528	    0.236426	-1.024383e-05	-5.364863e-04	
    1.032528	    0.236426	-5.601099e-05	-4.594419e-04	
    1.032528	    0.236426	-9.629540e-05	-3.374241e-04	
    1.032528	    0.236426	-1.271537e-04	-1.823769e-04	
    1.032528	    0.236426	-1.455654e-04	-9.477329e-06	
    1.032528	    0.236426	-1.497281e-04	1.643499e-04	
    1.032528	    0.236426	-1.392344e-04	3.220895e-04	
    1.032528	    0.236426	-1.151114e-04	4.483006e-04	
    1.032528	    0.236426	-7.972053e-05	5.306290e-04	
    1.032528	    0.236426	-3.652606e-05	5.610157e-04	
    1.032528	    0.236426	1.024383e-05	5.364863e-04	
    1.032528	    0.236426	5.601099e-05	4.594419e-04	
    1.032528	    0.236426	9.629540e-05	3.374241e-04	
    1.032528	    0.236426	1.271537e-04	1.823769e-04	
    1.032528	    0.236426	1.455654e-04	9.477329e-06	
    1.032528	    0.236426	1.497281e-04	-1.643499e-04	
    1.032528	    0.236426	1.392344e-04	-3.220895e-04	
    1.032528	    0.236426	1.151114e-04	-4.483006e-04	
    1.032528	    0.236426	7.972053e-05	-5.306290e-04	
    1.032528	    0.236426	3.652606e-05	-5.610157e-04	


    1.032528	    0.236426	3.652606e-05	-5.610157e-04	
    1.032528	    0.236426	-1.024383e-05	-5.364863e-04	
    1.032528	    0.236426	-5.601099e-05	-4.594419e-04	
    1.032528	    0.236426	-9.629540e-05	-3.374241e-04	
    1.032528	    0.236426	-1.271537e-04	-1.823769e-04	
    1.032528	    0.236426	-1.455654e-04	-9.477329e-06	
    1.032528	    0.236426	-1.497281e-04	1.643499e-04	
    1.032528	    0.236426	-1.392344e-04	3.220895e-04	
    1.032528	    0.236426	-1.151114e-04	4.483006e-04	
    1.032528	    0.236426	-7.972053e-05	5.306290e-04	
    1.032528	    0.236426	-3.652606e-05	5.610157e-04	
    1.032528	    0.236426	1.024383e-05	5.364863e-04	
    1.032528	    0.236426	5.601099e-05	4.594419e-04	
    1.032528	    0.236426	9.629540e-05	3.374241e-04	
    1.032528	    0.236426	1.271537e-04	1.823769e-04	
    1.032528	    0.236426	1.455654e-04	9.477329e-06	
    1.032528	    0.236426	1.497281e-04	-1.643499e-04	
    1.032528	    0.236426	1.392344e-04	-3.220895e-04	
    1.032528	    0.236426	1.151114e-04	-4.483006e-04	
    1.032528	    0.236426	7.972053e-05	-5.306290e-04	
    1.032528	    0.236426	3.652606e-05	-5.610157e-04	


    0.933761	    0.452206	7.264120e-05	-4.776019e-04	
    0.933761	    0.452206	2.224400e-05	-4.613509e-04	
    0.933761	    0.452206	-3.033059e-05	-3.999396e-04	
    0.933761	    0.452206	-7.993622e-05	-2.993794e-04	
    0.933761	    0.452206	-1.217171e-04	-1.695139e-04	
    0.933761	    0.452206	-1.515835e-04	-2.305520e-05	
    0.933761	    0.452206	-1.666119e-04	1.256603e-04	
    0.933761	    0.452206	-1.653311e-04	2.620753e-04	
    0.933761	    0.452206	-1.478665e-04	3.728366e-04	
    0.933761	    0.452206	-1.159278e-04	4.471020e-04	
    0.933761	    0.452206	-7.264120e-05	4.776019e-04	
    0.933761	    0.452206	-2.224400e-05	4.613509e-04	
    0.933761	    0.452206	3.033059e-05	3.999396e-04	
    0.933761	    0.452206	7.993622e-05	2.993794e-04	
    0.933761	    0.452206	1.217171e-04	1.695139e-04	
    0.933761	    0.452206	1.515835e-04	2.305520e-05	
    0.933761	    0.452206	1.666119e-04	-1.256603e-04	
    0.933761	    0.452206	1.653311e-04	-2.620753e-04	
    0.933761	    0.452206	1.478665e-04	-3.728366e-04	
    0.933761	    0.452206	1.159278e-04	-4.471020e-04	
    0.933761	    0.452206	7.264120e-05	-4.776019e-04	


    0.933761	    0.452206	7.264120e-05	-4.776019e-04	
    0.933761	    0.452206	2.224400e-05	-4.613509e-04	
    0.933761	    0.452206	-3.033059e-05	-3.999396e-04	
    0.933761	    0.452206	-7.993622e-05	-2.993794e-04	
    0.933761	    0.452206	-1.217171e-04	-1.695139e-04	
    0.933761	    0.452206	-1.515835e-04	-2.305520e-05	
    0.933761	    0.452206	-1.666119e-04	1.256603e-04	
    0.933761	    0.452206	-1.653311e-04	2.620753e-04	
    0.933761	    0.452206	-1.478665e-04	3.728366e-04	
    0.933761	    0.452206	-1.159278e-04	4.471020e-04	
    0.933761	    0.452206	-7.264120e-05	4.776019e-04	
    0.933761	    0.452206	-2.224400e-05	4.613509e-04	
    0.933761	    0.452206	3.033059e-05	3.999396e-04	
    0.933761	    0.452206	7.993622e-05	2.993794e-04	
    0.933761	    0.452206	1.217171e-04	1.695139e-04	
    0.933761	    0.452206	1.515835e-04	2.305520e-05	
    0.933761	    0.452206	1.666119e-04	-1.256603e-04	
    0.933761	    0.452206	1.653311e-04	-2.620753e-04	
    0.933761	    0.452206	1.478665e-04	-3.728366e-04	
    0.933761	    0.452206	1.159278e-04	-4.471020e-04	
    0.933761	    0.452206	7.264120e-05	-4.776019e-04	


    0.784089	    0.642903	9.172957e-05	-3.866947e-04	
    0.784089	    0.642903	3.812850e-05	-3.794185e-04	
    0.784089	    0.642903	-1.920486e-05	-3.350021e-04	
    0.784089	    0.642903	-7.465831e-05	-2.577934e-04	
    0.784089	    0.642903	-1.228037e-04	-1.553501e-04	
    0.784089	    0.642903	-1.589282e-04	-3.770006e-05	
    0.784089	    0.642903	-1.794957e-04	8.364034e-05	
    0.784089	    0.642903	-1.824929e-04	1.967934e-04	
    0.784089	    0.642903	-1.676264e-04	2.906830e-04	
    0.784089	    0.642903	-1.363515e-04	3.561186e-04	
    0.784089	    0.642903	-9.172957e-05	3.866947e-04	
    0.784089	    0.642903	-3.812850e-05	3.794185e-04	
    0.784089	    0.642903	1.920486e-05	3.350021e-04	
    0.784089	    0.642903	7.465831e-05	2.577934e-04	
    0.784089	    0.642903	1.228037e-04	1.553501e-04	
    0.784089	    0.642903	1.589282e-04	3.770006e-05	
    0.784089	    0.642903	1.794957e-04	-8.364034e-05	
    0.784089	    0.642903	1.824929e-04	-1.967934e-04	
    0.784089	    0.642903	1.676264e-04	-2.906830e-04	
    0.784089	    0.642903	1.363515e-04	-3.561186e-04	
    0.784089	    0.642903	9.172957e-05	-3.866947e-04	


    0.784089	    0.642903	9.172957e-05	-3.866947e-04	
    0.784089	    0.642903	3.812850e-05	-3.794185e-04	
    0.784089	    0.642903	-1.920486e-05	-3.350021e-04	
    0.784089	    0.642903	-7.465831e-05	-2.577934e-04	
    0.784089	    0.642903	-1.228037e-04	-1.553501e-04	
    0.784089	    0.642903	-1.589282e-04	-3.770006e-05	
    0.784089	    0.642903	-1.794957e-04	8.364034e-05	
    0.784089	    0.642903	-1.824929e-04	1.967934e-04	
    0.784089	    0.642903	-1.676264e-04	2.906830e-04	
    0.784089	    0.642903	-1.363515e-04	3.561186e-04	
    0.784089	    0.642903	-9.172957e-05	3.866947e-04	
    0.784089	    0.642903	-3.812850e-05	3.794185e-04	
    0.784089	    0.642903	1.920486e-05	3.350021e-04	
    0.784089	    0.642903	7.465831e-05	2.577934e-04	
    0.784089	    0.642903	1.228037e-04	1.553501e-04	
    0.784089	    0.642903	1.589282e-04	3.770006e-05	
    0.784089	    0.642903	1.794957e-04	-8.364034e-05	
    0.784089	    0.642903	1.824929e-04	-1.967934e-04	
    0.784089	    0.642903	1.676264e-04	-2.906830e-04	
    0.784089	    0.642903	1.363515e-04	-3.561186e-04	
    0.784089	    0.642903	9.172957e-05	-3.866947e-04	


    0.588591	    0.795800	1.099232e-04	-2.986763e-04	
    0.588591	    0.795800	5.560428e-05	-3.020692e-04	
    0.588591	    0.795800	-4.157565e-06	-2.758935e-04	
    0.588591	    0.795800	-6.351244e-05	-2.227115e-04	
    0.588591	    0.795800	-1.166503e-04	-1.477288e-04	
    0.588591	    0.795800	-1.583696e-04	-5.828546e-05	
    0.588591	    0.795800	-1.845865e-04	3.686329e-05	
    0.588591	    0.795800	-1.927349e-04	1.284036e-04	
    0.588591	    0.795800	-1.820170e-04	2.073749e-04	
    0.588591	    0.795800	-1.534820e-04	2.660468e-04	
    0.588591	    0.795800	-1.099232e-04	2.986763e-04	
    0.588591	    0.795800	-5.560428e-05	3.020692e-04	
    0.588591	    0.795800	4.157565e-06	2.758935e-04	
    0.588591	    0.795800	6.351244e-05	2.227115e-04	
    0.588591	    0.795800	1.166503e-04	1.477288e-04	
    0.588591	    0.795800	1.583696e-04	5.828546e-05	
    0.588591	    0.795800	1.845865e-04	-3.686329e-05	
    0.588591	    0.795800	1.927349e-04	-1.284036e-04	
    0.588591	    0.795800	1.820170e-04	-2.073749e-04	
    0.588591	    0.795800	1.534820e-04	-2.660468e-04	
    0.588591	    0.795800	1.099232e-04	-2.986763e-04	


    0.588591	    0.795800	1.099232e-04	-2.986763e-04	
    0.588591	    0.795800	5.560428e-05	-3.020692e-04	
    0.588591	    0.795800	-4.157565e-06	-2.758935e-04	
    0.588591	    0.795800	-6.351244e-05	-2.227115e-04	
    0.588591	    0.795800	-1.166503e-04	-1.477288e-04	
    0.588591	    0.795800	-1.583696e-04	-5.828546e-05	
    0.588591	    0.795800	-1.845865e-04	3.686329e-05	
    0.588591	    0.795800	-1.927349e-04	1.284036e-04	
    0.588591	    0.795800	-1.820170e-04	2.073749e-04	
    0.588591	    0.795800	-1.534820e-04	2.660468e-04	
    0.588591	    0.795800	-1.099232e-04	2.986763e-04	
    0.588591	    0.795800	-5.560428e-05	3.020692e-04	
    0.588591	    0.795800	4.157565e-06	2.758935e-04	
    0.588591	    0.795800	6.351244e-05	2.227115e-04	
    0.588591	    0.795800	1.166503e-04	1.477288e-04	
    0.588591	    0.795800	1.583696e-04	5.828546e-05	
    0.588591	    0.795800	1.845865e-04	-3.686329e-05	
    0.588591	    0.795800	1.927349e-04	-1.284036e-04	
    0.588591	    0.795800	1.820170e-04	-2.073749e-04	
    0.588591	    0.795800	1.534820e-04	-2.660468e-04	
    0.588591	    0.795800	1.099232e-04	-2.986763e-04	


    0.356210	    0.898494	1.083938e-04	-2.212734e-04	
    0.356210	    0.898494	5.317155e-05	-2.348960e-04	
    0.356210	    0.898494	-7.255451e-06	-2.255254e-04	
    0.356210	    0.898494	-6.697224e-05	-1.940788e-04	
    0.356210	    0.898494	-1.201333e-04	-1.436344e-04	
    0.356210	    0.898494	-1.615349e-04	-7.913007e-05	
    0.356210	    0.898494	-1.871243e-04	-6.879946e-06	
    0.356210	    0.898494	-1.943967e-04	6.604364e-05	
    0.356210	    0.898494	-1.826402e-04	1.325024e-04	
    0.356210	    0.898494	-1.530056e-04	1.859909e-04	
    0.356210	    0.898494	-1.083938e-04	2.212734e-04	
    0.356210	    0.898494	-5.317155e-05	2.348960e-04	
    0.356210	    0.898494	7.255451e-06	2.255254e-04	
    0.356210	    0.898494	6.697224e-05	1.940788e-04	
    0.356210	    0.898494	1.201333e-04	1.436344e-04	
    0.356210	    0.898494	1.615349e-04	7.913007e-05	
    0.356210	    0.898494	1.871243e-04	6.879946e-06	
    0.356210	    0.898494	1.943967e-04	-6.604364e-05	
    0.356210	    0.898494	1.826402e-04	-1.325024e-04	
    0.356210	    0.898494	1.530056e-04	-1.859909e-04	
    0.356210	    0.898494	1.083938e-04	-2.212734e-04	


    0.356210	    0.898494	1.083938e-04	-2.212734e-04	
    0.356210	    0.898494	5.317155e-05	-2.348960e-04	
    0.356210	    0.898494	-7.255451e-06	-2.255254e-04	
    0.356210	    0.898494	-6.697224e-05	-1.940788e-04	
    0.356210	    0.898494	-1.201333e-04	-1.436344e-04	
    0.356210	    0.898494	-1.615349e-04	-7.913007e-05	
    0.356210	    0.898494	-1.871243e-04	-6.879946e-06	
    0.356210	    0.898494	-1.943967e-04	6.604364e-05	
    0.356210	    0.898494	-1.826402e-04	1.325024e-04	
    0.356210	    0.898494	-1.530056e-04	1.859909e-04	
    0.356210	    0.898494	-1.083938e-04	2.212734e-04	
    0.356210	    0.898494	-5.317155e-05	2.348960e-04	
    0.356210	    0.898494	7.255451e-06	2.255254e-04	
    0.356210	    0.898494	6.697224e-05	1.940788e-04	
    0.356210	    0.898494	1.201333e-04	1.436344e-04	
    0.356210	    0.898494	1.615349e-04	7.913007e-05	
    0.356210	    0.898494	1.871243e-04	6.879946e-06	
    0.356210	    0.898494	1.943967e-04	-6.604364e-05	
    0.356210	    0.898494	1.826402e-04	-1.325024e-04	
    0.356210	    0.898494	1.530056e-04	-1.859909e-04	
    0.356210	    0.898494	1.083938e-04	-2.212734e-04	


    0.099977	    0.940423	-8.153809e-05	-1.740026e-04	
    0.099977	    0.940423	-1.310089e-04	-1.404340e-04	
    0.099977	    0.940423	-1.676556e-04	-9.311887e-05	
    0.099977	    0.940423	-1.878910e-04	-3.668857e-05	
    0.099977	    0.940423	-1.897343e-04	2.333306e-05	
    0.099977	    0.940423	-1.730051e-04	8.107069e-05	
    0.099977	    0.940423	-1.393410e-04	1.308726e-04	
    0.099977	    0.940423	-9.203719e-05	1.678637e-04	
    0.099977	    0.940423	-3.572416e-05	1.884232e-04	
    0.099977	    0.940423	2.408581e-05	1.905385e-04	
    0.099977	    0.940423	8.153809e-05	1.740026e-04	
    0.099977	    0.940423	1.310089e-04	1.404340e-04	
    0.099977	    0.940423	1.676556e-04	9.311887e-05	
    0.099977	    0.940423	1.878910e-04	3.668857e-05	
    0.099977	    0.940423	1.897343e-04	-2.333306e-05	
    0.099977	    0.940423	1.730051e-04	-8.107069e-05	
    0.099977	    0.940423	1.393410e-04	-1.308726e-04	
    0.099977	    0.940423	9.203719e-05	-1.678637e-04	
    0.099977	    0.940423	3.572416e-05	-1.884232e-04	
    0.099977	    0.940423	-2.408581e-05	-1.905385e-04	
    0.099977	    0.940423	-8.153809e-05	-1.740026e-04	


    0.099977	    0.940423	-8.153809e-05	-1.740026e-04	
    0.099977	    0.940423	-1.310089e-04	-1.404340e-04	
    0.099977	    0.940423	-1.676556e-04	-9.311887e-05	
    0.099977	    0.940423	-1.878910e-04	-3.668857e-05	
    0.099977	    0.940423	-1.897343e-04	2.333306e-05	
    0.099977	    0.940423	-1.730051e-04	8.107069e-05	
    0.099977	    0.940423	-1.393410e-04	1.308726e-04	
    0.099977	    0.940423	-9.203719e-05	1.678637e-04	
    0.099977	    0.940423	-3.572416e-05	1.884232e-04	
    0.099977	    0.940423	2.408581e-05	1.905385e-04	
    0.099977	    0.940423	8.153809e-05	1.740026e-04	
    0.099977	    0.940423	1.310089e-04	1.404340e-04	
    0.099977	    0.940423	1.676556e-04	9.311887e-05	
    0.099977	    0.940423	1.878910e-04	3.668857e-05	
    0.099977	    0.940423	1.897343e-04	-2.333306e-05	
    0.099977	    0.940423	1.730051e-04	-8.107069e-05	
    0.099977	    0.940423	1.393410e-04	-1.308726e-04	
    0.099977	    0.940423	9.203719e-05	-1.678637e-04	
    0.099977	    0.940423	3.572416e-05	-1.884232e-04	
    0.099977	    0.940423	-2.408581e-05	-1.905385e-04	
    0.099977	    0.940423	-8.153809e-05	-1.740026e-04	


