0	  3.65792e-08 3.68493e-08 4.53689e-08 2.53754e-08 2.94675e-08 2.71662e-08
 0	  3.65792e-08 3.68493e-08 4.53689e-08 2.53754e-08 2.94675e-08 2.71662e-08

 1	  3.70753e-08 3.28381e-08 3.16121e-08 2.65659e-08 1.36074e-08 4.71169e-08
 1	  3.70753e-08 3.28381e-08 3.16121e-08 2.42299e-08 1.26918e-08 4.23040e-08

 2	  3.47576e-08 3.71748e-08 1.91730e-08 1.98305e-08 1.24551e-08 6.15747e-08
 2	  3.47576e-08 3.71748e-08 1.91730e-08 2.04038e-08 1.17091e-08 5.55652e-08

 3	  2.99960e-08 4.82758e-08 1.09760e-08 1.85464e-08 2.15231e-08 6.96642e-08
 3	  2.99960e-08 4.82758e-08 1.09760e-08 1.63169e-08 1.52627e-08 5.19184e-08

 4	  2.46452e-08 5.93402e-08 9.39487e-09 2.03332e-08 2.46390e-08 5.71876e-08
 4	  2.46452e-08 5.93402e-08 9.39487e-09 1.70959e-08 2.41772e-08 4.84224e-08

 5	  2.34151e-08 6.77651e-08 1.30294e-08 2.88476e-08 3.22713e-08 4.66613e-08
 5	  2.34151e-08 6.77651e-08 1.30294e-08 1.85346e-08 3.38086e-08 3.67807e-08

 6	  2.95740e-08 7.50267e-08 2.02752e-08 3.26492e-08 3.23138e-08 3.06921e-08
 6	  2.95740e-08 7.50267e-08 2.02752e-08 2.55785e-08 3.09997e-08 3.58985e-08

 7	  4.47806e-08 7.58308e-08 3.02046e-08 3.98787e-08 2.56080e-08 2.69859e-08
 7	  4.47806e-08 7.58308e-08 3.02046e-08 3.59806e-08 2.56136e-08 2.48785e-08

 8	  6.96278e-08 6.88131e-08 3.90882e-08 4.65459e-08 2.49143e-08 1.77798e-08
 8	  6.96278e-08 6.88131e-08 3.90882e-08 4.42477e-08 2.36427e-08 1.69506e-08

 9	  1.00947e-07 5.71662e-08 4.51536e-08 4.77456e-08 3.21483e-08 1.32581e-08
 9	  1.00947e-07 5.71662e-08 4.51536e-08 4.31490e-08 3.20378e-08 1.15398e-08

10	  1.32609e-07 4.73096e-08 4.65872e-08 4.03051e-08 4.96701e-08 1.25039e-08
10	  1.32609e-07 4.73096e-08 4.65872e-08 3.52379e-08 4.19013e-08 1.64568e-08

  1.45766e-07 3.14338e-08 4.93062e-08
  5.00009e-08 2.87198e-08 1.48752e-08

 0	      0.0000000000	      0.0000000000	      0.0000000000	
1	      0.0000098230	      0.0000302942	      0.0000940144	
2	      0.0000046240	      0.0000207765	      0.0000623644	
3	      0.0000036346	      0.0000417295	      0.0001196061	
4	      0.0014039768	      0.0000263893	      0.0014773157	
5	      0.0000058964	      0.0000599958	      0.0001726318	
6	      0.0000078919	      0.0000351220	      0.0001055002	
7	      0.0000079636	      0.0000123380	      0.0000422525	
8	      0.0000079344	      0.0000072990	      0.0000282192	
9	      0.0000084861	      0.0000173943	      0.0000568270	
10	      0.0000101508	      0.0000436206	      0.0001313776	

FLeg = 0.0022901088

F = 0.0433809019
