0	  1.00000e-05 1.00000e-05 1.00000e-05 1.00000e-06 1.00000e-06 1.00000e-06
 0	  1.00000e-05 1.00000e-05 1.00000e-05 3.34133e-07 1.76634e-06 8.32214e-07

 1	  9.01415e-06 9.42609e-06 8.11910e-06 1.74965e-06 8.34495e-07 2.75142e-06
 1	  9.01415e-06 9.42609e-06 8.11910e-06 4.06264e-06 2.76207e-07 2.74662e-06

 2	  6.89628e-06 1.01837e-05 5.59972e-06 5.64000e-06 1.68720e-06 5.38342e-06
 2	  6.89628e-06 1.01837e-05 5.59972e-06 6.71787e-06 5.97881e-07 1.92082e-06

 3	  4.99886e-06 1.22641e-05 3.81779e-06 5.86908e-06 3.39121e-06 3.81629e-06
 3	  4.99886e-06 1.22641e-05 3.81779e-06 5.19619e-06 1.91090e-06 1.29359e-06

 4	  3.74336e-06 1.52940e-05 2.60806e-06 3.30101e-06 3.55337e-06 2.58719e-06
 4	  3.74336e-06 1.52940e-05 2.60806e-06 3.15841e-06 2.89627e-06 1.82545e-06

 5	  2.38291e-06 1.86831e-05 1.52913e-06 3.49208e-06 2.64872e-06 2.96958e-06
 5	  2.38291e-06 1.86831e-05 1.52913e-06 3.03929e-06 2.07447e-06 2.30945e-06

 6	  1.15138e-06 2.09441e-05 6.94784e-07 4.90443e-06 9.00437e-07 3.17408e-06
 6	  1.15138e-06 2.09441e-05 6.94784e-07 3.95153e-06 5.26138e-07 2.38861e-06

 7	  5.03658e-07 2.08696e-05 2.01123e-07 4.95423e-06 7.40859e-07 2.88196e-06
 7	  5.03658e-07 2.08696e-05 2.01123e-07 4.11256e-06 7.40377e-07 2.19697e-06

 8	  4.89082e-07 1.84190e-05 3.17975e-08 3.25522e-06 2.98416e-06 2.35906e-06
 8	  4.89082e-07 1.84190e-05 3.17975e-08 3.56114e-06 2.37582e-06 1.75063e-06

 9	  8.94377e-07 1.47473e-05 1.11861e-07 1.68588e-06 5.04381e-06 1.67826e-06
 9	  8.94377e-07 1.47473e-05 1.11861e-07 2.18704e-06 4.31200e-06 1.10344e-06

10	  1.39380e-06 1.07570e-05 3.16151e-07 5.00359e-07 6.08691e-06 9.27604e-07
10	  1.39380e-06 1.07570e-05 3.16151e-07 8.42686e-07 5.47718e-06 5.24571e-07

11	  1.68813e-06 7.23556e-06 5.14313e-07 2.42835e-08 5.79108e-06 3.62269e-07
11	  1.68813e-06 7.23556e-06 5.14313e-07 9.66520e-08 5.35168e-06 1.71185e-07

12	  1.66144e-06 4.56749e-06 6.38175e-07 1.38508e-07 4.51622e-06 7.52783e-08
12	  1.66144e-06 4.56749e-06 6.38175e-07 4.00821e-08 4.27191e-06 1.16763e-08

13	  1.39190e-06 2.78113e-06 6.46116e-07 4.78796e-07 2.94026e-06 7.34162e-09
13	  1.39190e-06 2.78113e-06 6.46116e-07 4.09325e-07 2.91770e-06 9.88974e-09

14	  9.80155e-07 1.68752e-06 5.83924e-07 8.79274e-07 1.64171e-06 5.71297e-08
14	  9.80155e-07 1.68752e-06 5.83924e-07 8.38206e-07 1.65739e-06 5.72971e-08

15	  5.77175e-07 1.07749e-06 4.77007e-07 1.06471e-06 7.45210e-07 1.35238e-07
15	  5.77175e-07 1.07749e-06 4.77007e-07 1.00178e-06 7.60838e-07 1.14045e-07

16	  2.85294e-07 7.67438e-07 3.54242e-07 9.41374e-07 2.60176e-07 2.01871e-07
16	  2.85294e-07 7.67438e-07 3.54242e-07 7.77451e-07 2.67907e-07 1.32518e-07

17	  1.28772e-07 6.27005e-07 2.46038e-07 5.69240e-07 6.40013e-08 2.09377e-07
17	  1.28772e-07 6.27005e-07 2.46038e-07 5.38052e-07 7.45019e-08 1.75492e-07

18	  5.87666e-08 5.68300e-07 1.49638e-07 3.15889e-07 1.56150e-08 2.44311e-07
18	  5.87666e-08 5.68300e-07 1.49638e-07 2.45581e-07 1.78813e-08 1.79054e-07

19	  3.62402e-08 5.38531e-07 7.92972e-08 1.12216e-07 9.33223e-09 2.30354e-07
19	  3.62402e-08 5.38531e-07 7.92972e-08 8.89947e-08 1.05963e-08 1.87955e-07

20	  2.84232e-08 5.04467e-07 3.32261e-08 3.96090e-08 2.42260e-08 2.22871e-07
20	  2.84232e-08 5.04467e-07 3.32261e-08 2.57661e-08 1.32381e-08 1.50282e-07

21	  2.31699e-08 4.56873e-07 1.39396e-08 2.88123e-08 4.57245e-08 1.66364e-07
21	  2.31699e-08 4.56873e-07 1.39396e-08 2.39254e-08 2.10602e-08 1.10928e-07

22	  2.00562e-08 3.97170e-07 1.24122e-08 2.47052e-08 6.95725e-08 1.13978e-07
22	  2.00562e-08 3.97170e-07 1.24122e-08 2.95265e-08 5.98147e-08 8.93999e-08

23	  2.25234e-08 3.14828e-07 2.16273e-08 1.82972e-08 1.25095e-07 8.39536e-08
23	  2.25234e-08 3.14828e-07 2.16273e-08 2.29786e-08 1.01558e-07 6.01999e-08

24	  2.82543e-08 2.28635e-07 3.59713e-08 6.62657e-09 1.55206e-07 5.00256e-08
24	  2.82543e-08 2.28635e-07 3.59713e-08 7.30492e-09 1.36122e-07 3.53354e-08

25	  3.36725e-08 1.50954e-07 5.05131e-08 4.68045e-09 1.56901e-07 2.42701e-08
25	  3.36725e-08 1.50954e-07 5.05131e-08 2.86879e-09 1.39572e-07 7.12711e-09

26	  3.71640e-08 9.26047e-08 5.68946e-08 7.60250e-09 1.19593e-07 3.31542e-09
26	  3.71640e-08 9.26047e-08 5.68946e-08 6.15698e-09 1.17455e-07 2.93419e-09

27	  3.78427e-08 5.52235e-08 5.57875e-08 2.71409e-08 7.73482e-08 6.75925e-09
27	  3.78427e-08 5.52235e-08 5.57875e-08 2.06018e-08 7.45640e-08 1.08167e-08

28	  3.65792e-08 3.68493e-08 4.53689e-08 3.74489e-08 3.72866e-08 2.55531e-08
28	  3.65792e-08 3.68493e-08 4.53689e-08 2.53754e-08 2.94675e-08 2.71662e-08

  3.66166e-08 5.42190e-08 2.79618e-08
  5.65075e-08 4.25225e-09 2.12494e-08

 0	      0.0000074035	      0.0012567280	      0.0035000029	
1	      0.0000086624	      0.0010386800	      0.0028952801	
2	      0.0000073627	      0.0009465078	      0.0026378227	
3	      0.0000062349	      0.0008180165	      0.0022796019	
4	      0.0000059054	      0.0002671853	      0.0007484458	
5	      0.0000072295	      0.0002122888	      0.0005972060	
6	      0.0000123487	      0.0002412475	      0.0006828047	
7	      0.0000280916	      0.0002184278	      0.0006351290	
8	      0.0000660427	      0.0002153178	      0.0006644370	
9	      0.0001286703	      0.0002505030	      0.0008248485	
10	      0.0001712011	      0.0002481344	      0.0008607967	
11	      0.0001148742	      0.0001988926	      0.0006676209	
12	      0.0000461571	      0.0001832411	      0.0005554063	
13	      0.0000330899	      0.0000582174	      0.0001948831	
14	      0.0000445731	      0.0000367134	      0.0001466041	
15	      0.0000919325	      0.0000377403	      0.0001968175	
16	      0.0001942293	      0.0000904087	      0.0004454861	
17	      0.0004288247	      0.0000389568	      0.0005370903	
18	      0.0016019384	      0.0000735796	      0.0018064252	
19	      0.0033654586	      0.0000484125	      0.0035000029	
20	      0.0032560725	      0.0000877712	      0.0034999992	
21	      0.0032816389	      0.0000785773	      0.0035000149	
22	      0.0033892063	      0.0000398676	      0.0035000031	
23	      0.0033654253	      0.0000484242	      0.0035000019	
24	      0.0010298600	      0.0000413484	      0.0011447722	
25	      0.0000157350	      0.0000931371	      0.0002745743	
26	      0.0000407387	      0.0000100345	      0.0000686258	
27	      0.0000911902	      0.0000303508	      0.0001755386	
28	      0.0008492602	      0.0000724298	      0.0010505515	

FLeg = 0.0410907931
