    0.292664	    0.956215	0.000000e+00	3.162278e-03	
    0.292664	    0.956215	9.771975e-04	3.007505e-03	
    0.292664	    0.956215	1.858740e-03	2.558336e-03	
    0.292664	    0.956215	2.558336e-03	1.858740e-03	
    0.292664	    0.956215	3.007505e-03	9.771975e-04	
    0.292664	    0.956215	3.162278e-03	1.936337e-19	
    0.292664	    0.956215	3.007505e-03	-9.771975e-04	
    0.292664	    0.956215	2.558336e-03	-1.858740e-03	
    0.292664	    0.956215	1.858740e-03	-2.558336e-03	
    0.292664	    0.956215	9.771975e-04	-3.007505e-03	
    0.292664	    0.956215	3.872673e-19	-3.162278e-03	
    0.292664	    0.956215	-9.771975e-04	-3.007505e-03	
    0.292664	    0.956215	-1.858740e-03	-2.558336e-03	
    0.292664	    0.956215	-2.558336e-03	-1.858740e-03	
    0.292664	    0.956215	-3.007505e-03	-9.771975e-04	
    0.292664	    0.956215	-3.162278e-03	-5.809010e-19	
    0.292664	    0.956215	-3.007505e-03	9.771975e-04	
    0.292664	    0.956215	-2.558336e-03	1.858740e-03	
    0.292664	    0.956215	-1.858740e-03	2.558336e-03	
    0.292664	    0.956215	-9.771975e-04	3.007505e-03	
    0.292664	    0.956215	-7.745346e-19	3.162278e-03	


    0.292664	    0.956215	0.000000e+00	3.162278e-03	
    0.292664	    0.956215	9.771975e-04	3.007505e-03	
    0.292664	    0.956215	1.858740e-03	2.558336e-03	
    0.292664	    0.956215	2.558336e-03	1.858740e-03	
    0.292664	    0.956215	3.007505e-03	9.771975e-04	
    0.292664	    0.956215	3.162278e-03	1.936337e-19	
    0.292664	    0.956215	3.007505e-03	-9.771975e-04	
    0.292664	    0.956215	2.558336e-03	-1.858740e-03	
    0.292664	    0.956215	1.858740e-03	-2.558336e-03	
    0.292664	    0.956215	9.771975e-04	-3.007505e-03	
    0.292664	    0.956215	3.872673e-19	-3.162278e-03	
    0.292664	    0.956215	-9.771975e-04	-3.007505e-03	
    0.292664	    0.956215	-1.858740e-03	-2.558336e-03	
    0.292664	    0.956215	-2.558336e-03	-1.858740e-03	
    0.292664	    0.956215	-3.007505e-03	-9.771975e-04	
    0.292664	    0.956215	-3.162278e-03	-5.809010e-19	
    0.292664	    0.956215	-3.007505e-03	9.771975e-04	
    0.292664	    0.956215	-2.558336e-03	1.858740e-03	
    0.292664	    0.956215	-1.858740e-03	2.558336e-03	
    0.292664	    0.956215	-9.771975e-04	3.007505e-03	
    0.292664	    0.956215	-7.745346e-19	3.162278e-03	


    0.040127	    0.988263	-1.648295e-03	-2.681309e-03	
    0.040127	    0.988263	-2.329479e-03	-2.081735e-03	
    0.040127	    0.988263	-2.782638e-03	-1.278387e-03	
    0.040127	    0.988263	-2.963413e-03	-3.499016e-04	
    0.040127	    0.988263	-2.854109e-03	6.128348e-04	
    0.040127	    0.988263	-2.465424e-03	1.515583e-03	
    0.040127	    0.988263	-1.835407e-03	2.269975e-03	
    0.040127	    0.988263	-1.025727e-03	2.802166e-03	
    0.040127	    0.988263	-1.156416e-04	3.060062e-03	
    0.040127	    0.988263	8.057634e-04	3.018417e-03	
    0.040127	    0.988263	1.648295e-03	2.681309e-03	
    0.040127	    0.988263	2.329479e-03	2.081735e-03	
    0.040127	    0.988263	2.782638e-03	1.278387e-03	
    0.040127	    0.988263	2.963413e-03	3.499016e-04	
    0.040127	    0.988263	2.854109e-03	-6.128348e-04	
    0.040127	    0.988263	2.465424e-03	-1.515583e-03	
    0.040127	    0.988263	1.835407e-03	-2.269975e-03	
    0.040127	    0.988263	1.025727e-03	-2.802166e-03	
    0.040127	    0.988263	1.156416e-04	-3.060062e-03	
    0.040127	    0.988263	-8.057634e-04	-3.018417e-03	
    0.040127	    0.988263	-1.648295e-03	-2.681309e-03	


    0.040127	    0.988263	-1.648295e-03	-2.681309e-03	
    0.040127	    0.988263	-2.329479e-03	-2.081735e-03	
    0.040127	    0.988263	-2.782638e-03	-1.278387e-03	
    0.040127	    0.988263	-2.963413e-03	-3.499016e-04	
    0.040127	    0.988263	-2.854109e-03	6.128348e-04	
    0.040127	    0.988263	-2.465424e-03	1.515583e-03	
    0.040127	    0.988263	-1.835407e-03	2.269975e-03	
    0.040127	    0.988263	-1.025727e-03	2.802166e-03	
    0.040127	    0.988263	-1.156416e-04	3.060062e-03	
    0.040127	    0.988263	8.057634e-04	3.018417e-03	
    0.040127	    0.988263	1.648295e-03	2.681309e-03	
    0.040127	    0.988263	2.329479e-03	2.081735e-03	
    0.040127	    0.988263	2.782638e-03	1.278387e-03	
    0.040127	    0.988263	2.963413e-03	3.499016e-04	
    0.040127	    0.988263	2.854109e-03	-6.128348e-04	
    0.040127	    0.988263	2.465424e-03	-1.515583e-03	
    0.040127	    0.988263	1.835407e-03	-2.269975e-03	
    0.040127	    0.988263	1.025727e-03	-2.802166e-03	
    0.040127	    0.988263	1.156416e-04	-3.060062e-03	
    0.040127	    0.988263	-8.057634e-04	-3.018417e-03	
    0.040127	    0.988263	-1.648295e-03	-2.681309e-03	


   -0.214863	    0.958032	-1.562598e-03	-2.942368e-03	
   -0.214863	    0.958032	-2.147525e-03	-2.447107e-03	
   -0.214863	    0.958032	-2.522236e-03	-1.712306e-03	
   -0.214863	    0.958032	-2.650054e-03	-8.098927e-04	
   -0.214863	    0.958032	-2.518466e-03	1.717988e-04	
   -0.214863	    0.958032	-2.140353e-03	1.136673e-03	
   -0.214863	    0.958032	-1.552727e-03	1.990282e-03	
   -0.214863	    0.958032	-8.131093e-04	2.649069e-03	
   -0.214863	    0.958032	6.100987e-06	3.048546e-03	
   -0.214863	    0.958032	8.247141e-04	3.149610e-03	
   -0.214863	    0.958032	1.562598e-03	2.942368e-03	
   -0.214863	    0.958032	2.147525e-03	2.447107e-03	
   -0.214863	    0.958032	2.522236e-03	1.712306e-03	
   -0.214863	    0.958032	2.650054e-03	8.098927e-04	
   -0.214863	    0.958032	2.518466e-03	-1.717988e-04	
   -0.214863	    0.958032	2.140353e-03	-1.136673e-03	
   -0.214863	    0.958032	1.552727e-03	-1.990282e-03	
   -0.214863	    0.958032	8.131093e-04	-2.649069e-03	
   -0.214863	    0.958032	-6.100987e-06	-3.048546e-03	
   -0.214863	    0.958032	-8.247141e-04	-3.149610e-03	
   -0.214863	    0.958032	-1.562598e-03	-2.942368e-03	


   -0.214863	    0.958032	-1.562598e-03	-2.942368e-03	
   -0.214863	    0.958032	-2.147525e-03	-2.447107e-03	
   -0.214863	    0.958032	-2.522236e-03	-1.712306e-03	
   -0.214863	    0.958032	-2.650054e-03	-8.098927e-04	
   -0.214863	    0.958032	-2.518466e-03	1.717988e-04	
   -0.214863	    0.958032	-2.140353e-03	1.136673e-03	
   -0.214863	    0.958032	-1.552727e-03	1.990282e-03	
   -0.214863	    0.958032	-8.131093e-04	2.649069e-03	
   -0.214863	    0.958032	6.100987e-06	3.048546e-03	
   -0.214863	    0.958032	8.247141e-04	3.149610e-03	
   -0.214863	    0.958032	1.562598e-03	2.942368e-03	
   -0.214863	    0.958032	2.147525e-03	2.447107e-03	
   -0.214863	    0.958032	2.522236e-03	1.712306e-03	
   -0.214863	    0.958032	2.650054e-03	8.098927e-04	
   -0.214863	    0.958032	2.518466e-03	-1.717988e-04	
   -0.214863	    0.958032	2.140353e-03	-1.136673e-03	
   -0.214863	    0.958032	1.552727e-03	-1.990282e-03	
   -0.214863	    0.958032	8.131093e-04	-2.649069e-03	
   -0.214863	    0.958032	-6.100987e-06	-3.048546e-03	
   -0.214863	    0.958032	-8.247141e-04	-3.149610e-03	
   -0.214863	    0.958032	-1.562598e-03	-2.942368e-03	


   -0.455974	    0.866117	-1.505675e-03	-3.297234e-03	
   -0.455974	    0.866117	-1.962863e-03	-2.893431e-03	
   -0.455974	    0.866117	-2.227912e-03	-2.206398e-03	
   -0.455974	    0.866117	-2.274877e-03	-1.303387e-03	
   -0.455974	    0.866117	-2.099162e-03	-2.727923e-04	
   -0.455974	    0.866117	-1.717966e-03	7.845056e-04	
   -0.455974	    0.866117	-1.168604e-03	1.765011e-03	
   -0.455974	    0.866117	-5.048504e-04	2.572744e-03	
   -0.455974	    0.866117	2.083213e-04	3.128639e-03	
   -0.455974	    0.866117	9.011011e-04	3.378282e-03	
   -0.455974	    0.866117	1.505675e-03	3.297234e-03	
   -0.455974	    0.866117	1.962863e-03	2.893431e-03	
   -0.455974	    0.866117	2.227912e-03	2.206398e-03	
   -0.455974	    0.866117	2.274877e-03	1.303387e-03	
   -0.455974	    0.866117	2.099162e-03	2.727923e-04	
   -0.455974	    0.866117	1.717966e-03	-7.845056e-04	
   -0.455974	    0.866117	1.168604e-03	-1.765011e-03	
   -0.455974	    0.866117	5.048504e-04	-2.572744e-03	
   -0.455974	    0.866117	-2.083213e-04	-3.128639e-03	
   -0.455974	    0.866117	-9.011011e-04	-3.378282e-03	
   -0.455974	    0.866117	-1.505675e-03	-3.297234e-03	


   -0.455974	    0.866117	-1.505675e-03	-3.297234e-03	
   -0.455974	    0.866117	-1.962863e-03	-2.893431e-03	
   -0.455974	    0.866117	-2.227912e-03	-2.206398e-03	
   -0.455974	    0.866117	-2.274877e-03	-1.303387e-03	
   -0.455974	    0.866117	-2.099162e-03	-2.727923e-04	
   -0.455974	    0.866117	-1.717966e-03	7.845056e-04	
   -0.455974	    0.866117	-1.168604e-03	1.765011e-03	
   -0.455974	    0.866117	-5.048504e-04	2.572744e-03	
   -0.455974	    0.866117	2.083213e-04	3.128639e-03	
   -0.455974	    0.866117	9.011011e-04	3.378282e-03	
   -0.455974	    0.866117	1.505675e-03	3.297234e-03	
   -0.455974	    0.866117	1.962863e-03	2.893431e-03	
   -0.455974	    0.866117	2.227912e-03	2.206398e-03	
   -0.455974	    0.866117	2.274877e-03	1.303387e-03	
   -0.455974	    0.866117	2.099162e-03	2.727923e-04	
   -0.455974	    0.866117	1.717966e-03	-7.845056e-04	
   -0.455974	    0.866117	1.168604e-03	-1.765011e-03	
   -0.455974	    0.866117	5.048504e-04	-2.572744e-03	
   -0.455974	    0.866117	-2.083213e-04	-3.128639e-03	
   -0.455974	    0.866117	-9.011011e-04	-3.378282e-03	
   -0.455974	    0.866117	-1.505675e-03	-3.297234e-03	


   -0.667451	    0.717930	-1.462022e-03	-3.644466e-03	
   -0.667451	    0.717930	-1.797681e-03	-3.302734e-03	
   -0.667451	    0.717930	-1.957370e-03	-2.637707e-03	
   -0.667451	    0.717930	-1.925458e-03	-1.714483e-03	
   -0.667451	    0.717930	-1.705069e-03	-6.234336e-04	
   -0.667451	    0.717930	-1.317776e-03	5.286421e-04	
   -0.667451	    0.717930	-8.014898e-04	1.628971e-03	
   -0.667451	    0.717930	-2.067481e-04	2.569844e-03	
   -0.667451	    0.717930	4.082316e-04	3.259163e-03	
   -0.667451	    0.717930	9.832507e-04	3.629453e-03	
   -0.667451	    0.717930	1.462022e-03	3.644466e-03	
   -0.667451	    0.717930	1.797681e-03	3.302734e-03	
   -0.667451	    0.717930	1.957370e-03	2.637707e-03	
   -0.667451	    0.717930	1.925458e-03	1.714483e-03	
   -0.667451	    0.717930	1.705069e-03	6.234336e-04	
   -0.667451	    0.717930	1.317776e-03	-5.286421e-04	
   -0.667451	    0.717930	8.014898e-04	-1.628971e-03	
   -0.667451	    0.717930	2.067481e-04	-2.569844e-03	
   -0.667451	    0.717930	-4.082316e-04	-3.259163e-03	
   -0.667451	    0.717930	-9.832507e-04	-3.629453e-03	
   -0.667451	    0.717930	-1.462022e-03	-3.644466e-03	


   -0.667451	    0.717930	-1.462022e-03	-3.644466e-03	
   -0.667451	    0.717930	-1.797681e-03	-3.302734e-03	
   -0.667451	    0.717930	-1.957370e-03	-2.637707e-03	
   -0.667451	    0.717930	-1.925458e-03	-1.714483e-03	
   -0.667451	    0.717930	-1.705069e-03	-6.234336e-04	
   -0.667451	    0.717930	-1.317776e-03	5.286421e-04	
   -0.667451	    0.717930	-8.014898e-04	1.628971e-03	
   -0.667451	    0.717930	-2.067481e-04	2.569844e-03	
   -0.667451	    0.717930	4.082316e-04	3.259163e-03	
   -0.667451	    0.717930	9.832507e-04	3.629453e-03	
   -0.667451	    0.717930	1.462022e-03	3.644466e-03	
   -0.667451	    0.717930	1.797681e-03	3.302734e-03	
   -0.667451	    0.717930	1.957370e-03	2.637707e-03	
   -0.667451	    0.717930	1.925458e-03	1.714483e-03	
   -0.667451	    0.717930	1.705069e-03	6.234336e-04	
   -0.667451	    0.717930	1.317776e-03	-5.286421e-04	
   -0.667451	    0.717930	8.014898e-04	-1.628971e-03	
   -0.667451	    0.717930	2.067481e-04	-2.569844e-03	
   -0.667451	    0.717930	-4.082316e-04	-3.259163e-03	
   -0.667451	    0.717930	-9.832507e-04	-3.629453e-03	
   -0.667451	    0.717930	-1.462022e-03	-3.644466e-03	


   -0.835781	    0.523289	-1.208113e-03	-3.954162e-03	
   -0.835781	    0.523289	-1.455489e-03	-3.666985e-03	
   -0.835781	    0.523289	-1.560392e-03	-3.020858e-03	
   -0.835781	    0.523289	-1.512553e-03	-2.079028e-03	
   -0.835781	    0.523289	-1.316655e-03	-9.336889e-04	
   -0.835781	    0.523289	-9.918735e-04	3.030465e-04	
   -0.835781	    0.523289	-5.700003e-04	1.510118e-03	
   -0.835781	    0.523289	-9.233157e-05	2.569368e-03	
   -0.835781	    0.523289	3.943752e-04	3.377111e-03	
   -0.835781	    0.523289	8.424778e-04	3.854278e-03	
   -0.835781	    0.523289	1.208113e-03	3.954162e-03	
   -0.835781	    0.523289	1.455489e-03	3.666985e-03	
   -0.835781	    0.523289	1.560392e-03	3.020858e-03	
   -0.835781	    0.523289	1.512553e-03	2.079028e-03	
   -0.835781	    0.523289	1.316655e-03	9.336889e-04	
   -0.835781	    0.523289	9.918735e-04	-3.030465e-04	
   -0.835781	    0.523289	5.700003e-04	-1.510118e-03	
   -0.835781	    0.523289	9.233157e-05	-2.569368e-03	
   -0.835781	    0.523289	-3.943752e-04	-3.377111e-03	
   -0.835781	    0.523289	-8.424778e-04	-3.854278e-03	
   -0.835781	    0.523289	-1.208113e-03	-3.954162e-03	


   -0.835781	    0.523289	-1.208113e-03	-3.954162e-03	
   -0.835781	    0.523289	-1.455489e-03	-3.666985e-03	
   -0.835781	    0.523289	-1.560392e-03	-3.020858e-03	
   -0.835781	    0.523289	-1.512553e-03	-2.079028e-03	
   -0.835781	    0.523289	-1.316655e-03	-9.336889e-04	
   -0.835781	    0.523289	-9.918735e-04	3.030465e-04	
   -0.835781	    0.523289	-5.700003e-04	1.510118e-03	
   -0.835781	    0.523289	-9.233157e-05	2.569368e-03	
   -0.835781	    0.523289	3.943752e-04	3.377111e-03	
   -0.835781	    0.523289	8.424778e-04	3.854278e-03	
   -0.835781	    0.523289	1.208113e-03	3.954162e-03	
   -0.835781	    0.523289	1.455489e-03	3.666985e-03	
   -0.835781	    0.523289	1.560392e-03	3.020858e-03	
   -0.835781	    0.523289	1.512553e-03	2.079028e-03	
   -0.835781	    0.523289	1.316655e-03	9.336889e-04	
   -0.835781	    0.523289	9.918735e-04	-3.030465e-04	
   -0.835781	    0.523289	5.700003e-04	-1.510118e-03	
   -0.835781	    0.523289	9.233157e-05	-2.569368e-03	
   -0.835781	    0.523289	-3.943752e-04	-3.377111e-03	
   -0.835781	    0.523289	-8.424778e-04	-3.854278e-03	
   -0.835781	    0.523289	-1.208113e-03	-3.954162e-03	


   -0.951034	    0.295341	-7.909993e-04	-4.085874e-03	
   -0.951034	    0.295341	-9.790019e-04	-3.842006e-03	
   -0.951034	    0.295341	-1.071173e-03	-3.222056e-03	
   -0.951034	    0.295341	-1.058490e-03	-2.286708e-03	
   -0.951034	    0.295341	-9.421949e-04	-1.127522e-03	
   -0.951034	    0.295341	-7.336711e-04	1.420341e-04	
   -0.951034	    0.295341	-4.533304e-04	1.397687e-03	
   -0.951034	    0.295341	-1.286147e-04	2.516524e-03	
   -0.951034	    0.295341	2.086908e-04	3.389027e-03	
   -0.951034	    0.295341	5.255682e-04	3.929788e-03	
   -0.951034	    0.295341	7.909993e-04	4.085874e-03	
   -0.951034	    0.295341	9.790019e-04	3.842006e-03	
   -0.951034	    0.295341	1.071173e-03	3.222056e-03	
   -0.951034	    0.295341	1.058490e-03	2.286708e-03	
   -0.951034	    0.295341	9.421949e-04	1.127522e-03	
   -0.951034	    0.295341	7.336711e-04	-1.420341e-04	
   -0.951034	    0.295341	4.533304e-04	-1.397687e-03	
   -0.951034	    0.295341	1.286147e-04	-2.516524e-03	
   -0.951034	    0.295341	-2.086908e-04	-3.389027e-03	
   -0.951034	    0.295341	-5.255682e-04	-3.929788e-03	
   -0.951034	    0.295341	-7.909993e-04	-4.085874e-03	


   -0.951034	    0.295341	-7.909993e-04	-4.085874e-03	
   -0.951034	    0.295341	-9.790019e-04	-3.842006e-03	
   -0.951034	    0.295341	-1.071173e-03	-3.222056e-03	
   -0.951034	    0.295341	-1.058490e-03	-2.286708e-03	
   -0.951034	    0.295341	-9.421949e-04	-1.127522e-03	
   -0.951034	    0.295341	-7.336711e-04	1.420341e-04	
   -0.951034	    0.295341	-4.533304e-04	1.397687e-03	
   -0.951034	    0.295341	-1.286147e-04	2.516524e-03	
   -0.951034	    0.295341	2.086908e-04	3.389027e-03	
   -0.951034	    0.295341	5.255682e-04	3.929788e-03	
   -0.951034	    0.295341	7.909993e-04	4.085874e-03	
   -0.951034	    0.295341	9.790019e-04	3.842006e-03	
   -0.951034	    0.295341	1.071173e-03	3.222056e-03	
   -0.951034	    0.295341	1.058490e-03	2.286708e-03	
   -0.951034	    0.295341	9.421949e-04	1.127522e-03	
   -0.951034	    0.295341	7.336711e-04	-1.420341e-04	
   -0.951034	    0.295341	4.533304e-04	-1.397687e-03	
   -0.951034	    0.295341	1.286147e-04	-2.516524e-03	
   -0.951034	    0.295341	-2.086908e-04	-3.389027e-03	
   -0.951034	    0.295341	-5.255682e-04	-3.929788e-03	
   -0.951034	    0.295341	-7.909993e-04	-4.085874e-03	


   -1.007620	    0.049082	-3.482325e-04	-3.973940e-03	
   -1.007620	    0.049082	-4.859331e-04	-3.765881e-03	
   -1.007620	    0.049082	-5.760673e-04	-3.189192e-03	
   -1.007620	    0.049082	-6.098120e-04	-2.300322e-03	
   -1.007620	    0.049082	-5.838640e-04	-1.186281e-03	
   -1.007620	    0.049082	-5.007634e-04	4.388141e-05	
   -1.007620	    0.049082	-3.686445e-04	1.269749e-03	
   -1.007620	    0.049082	-2.004402e-04	2.371324e-03	
   -1.007620	    0.049082	-1.261534e-05	3.240778e-03	
   -1.007620	    0.049082	1.764444e-04	3.793001e-03	
   -1.007620	    0.049082	3.482325e-04	3.973940e-03	
   -1.007620	    0.049082	4.859331e-04	3.765881e-03	
   -1.007620	    0.049082	5.760673e-04	3.189192e-03	
   -1.007620	    0.049082	6.098120e-04	2.300322e-03	
   -1.007620	    0.049082	5.838640e-04	1.186281e-03	
   -1.007620	    0.049082	5.007634e-04	-4.388141e-05	
   -1.007620	    0.049082	3.686445e-04	-1.269749e-03	
   -1.007620	    0.049082	2.004402e-04	-2.371324e-03	
   -1.007620	    0.049082	1.261534e-05	-3.240778e-03	
   -1.007620	    0.049082	-1.764444e-04	-3.793001e-03	
   -1.007620	    0.049082	-3.482325e-04	-3.973940e-03	


   -1.007620	    0.049082	-3.482325e-04	-3.973940e-03	
   -1.007620	    0.049082	-4.859331e-04	-3.765881e-03	
   -1.007620	    0.049082	-5.760673e-04	-3.189192e-03	
   -1.007620	    0.049082	-6.098120e-04	-2.300322e-03	
   -1.007620	    0.049082	-5.838640e-04	-1.186281e-03	
   -1.007620	    0.049082	-5.007634e-04	4.388141e-05	
   -1.007620	    0.049082	-3.686445e-04	1.269749e-03	
   -1.007620	    0.049082	-2.004402e-04	2.371324e-03	
   -1.007620	    0.049082	-1.261534e-05	3.240778e-03	
   -1.007620	    0.049082	1.764444e-04	3.793001e-03	
   -1.007620	    0.049082	3.482325e-04	3.973940e-03	
   -1.007620	    0.049082	4.859331e-04	3.765881e-03	
   -1.007620	    0.049082	5.760673e-04	3.189192e-03	
   -1.007620	    0.049082	6.098120e-04	2.300322e-03	
   -1.007620	    0.049082	5.838640e-04	1.186281e-03	
   -1.007620	    0.049082	5.007634e-04	-4.388141e-05	
   -1.007620	    0.049082	3.686445e-04	-1.269749e-03	
   -1.007620	    0.049082	2.004402e-04	-2.371324e-03	
   -1.007620	    0.049082	1.261534e-05	-3.240778e-03	
   -1.007620	    0.049082	-1.764444e-04	-3.793001e-03	
   -1.007620	    0.049082	-3.482325e-04	-3.973940e-03	


   -1.004362	   -0.200191	7.448782e-05	-3.646681e-03	
   -1.004362	   -0.200191	-2.933048e-05	-3.470246e-03	
   -1.004362	   -0.200191	-1.302777e-04	-2.954119e-03	
   -1.004362	   -0.200191	-2.184725e-04	-2.148822e-03	
   -1.004362	   -0.200191	-2.852816e-04	-1.133184e-03	
   -1.004362	   -0.200191	-3.241654e-04	-6.621467e-06	
   -1.004362	   -0.200191	-3.313176e-04	1.120589e-03	
   -1.004362	   -0.200191	-3.060382e-04	2.138108e-03	
   -1.004362	   -0.200191	-2.508016e-04	2.946335e-03	
   -1.004362	   -0.200191	-1.710147e-04	3.466153e-03	
   -1.004362	   -0.200191	-7.448782e-05	3.646681e-03	
   -1.004362	   -0.200191	2.933048e-05	3.470246e-03	
   -1.004362	   -0.200191	1.302777e-04	2.954119e-03	
   -1.004362	   -0.200191	2.184725e-04	2.148822e-03	
   -1.004362	   -0.200191	2.852816e-04	1.133184e-03	
   -1.004362	   -0.200191	3.241654e-04	6.621467e-06	
   -1.004362	   -0.200191	3.313176e-04	-1.120589e-03	
   -1.004362	   -0.200191	3.060382e-04	-2.138108e-03	
   -1.004362	   -0.200191	2.508016e-04	-2.946335e-03	
   -1.004362	   -0.200191	1.710147e-04	-3.466153e-03	
   -1.004362	   -0.200191	7.448782e-05	-3.646681e-03	


   -1.004362	   -0.200191	7.448782e-05	-3.646681e-03	
   -1.004362	   -0.200191	-2.933048e-05	-3.470246e-03	
   -1.004362	   -0.200191	-1.302777e-04	-2.954119e-03	
   -1.004362	   -0.200191	-2.184725e-04	-2.148822e-03	
   -1.004362	   -0.200191	-2.852816e-04	-1.133184e-03	
   -1.004362	   -0.200191	-3.241654e-04	-6.621467e-06	
   -1.004362	   -0.200191	-3.313176e-04	1.120589e-03	
   -1.004362	   -0.200191	-3.060382e-04	2.138108e-03	
   -1.004362	   -0.200191	-2.508016e-04	2.946335e-03	
   -1.004362	   -0.200191	-1.710147e-04	3.466153e-03	
   -1.004362	   -0.200191	-7.448782e-05	3.646681e-03	
   -1.004362	   -0.200191	2.933048e-05	3.470246e-03	
   -1.004362	   -0.200191	1.302777e-04	2.954119e-03	
   -1.004362	   -0.200191	2.184725e-04	2.148822e-03	
   -1.004362	   -0.200191	2.852816e-04	1.133184e-03	
   -1.004362	   -0.200191	3.241654e-04	6.621467e-06	
   -1.004362	   -0.200191	3.313176e-04	-1.120589e-03	
   -1.004362	   -0.200191	3.060382e-04	-2.138108e-03	
   -1.004362	   -0.200191	2.508016e-04	-2.946335e-03	
   -1.004362	   -0.200191	1.710147e-04	-3.466153e-03	
   -1.004362	   -0.200191	7.448782e-05	-3.646681e-03	


   -0.944034	   -0.438183	4.317257e-04	-3.169132e-03	
   -0.944034	   -0.438183	3.546185e-04	-3.021649e-03	
   -0.944034	   -0.438183	2.427988e-04	-2.578387e-03	
   -0.944034	   -0.438183	1.072122e-04	-1.882733e-03	
   -0.944034	   -0.438183	-3.886900e-05	-1.002785e-03	
   -0.944034	   -0.438183	-1.811455e-04	-2.467715e-05	
   -0.944034	   -0.438183	-3.056901e-04	9.558463e-04	
   -0.944034	   -0.438183	-4.003117e-04	1.842805e-03	
   -0.944034	   -0.438183	-4.557480e-04	2.549377e-03	
   -0.944034	   -0.438183	-4.665725e-04	3.006398e-03	
   -0.944034	   -0.438183	-4.317257e-04	3.169132e-03	
   -0.944034	   -0.438183	-3.546185e-04	3.021649e-03	
   -0.944034	   -0.438183	-2.427988e-04	2.578387e-03	
   -0.944034	   -0.438183	-1.072122e-04	1.882733e-03	
   -0.944034	   -0.438183	3.886900e-05	1.002785e-03	
   -0.944034	   -0.438183	1.811455e-04	2.467715e-05	
   -0.944034	   -0.438183	3.056901e-04	-9.558463e-04	
   -0.944034	   -0.438183	4.003117e-04	-1.842805e-03	
   -0.944034	   -0.438183	4.557480e-04	-2.549377e-03	
   -0.944034	   -0.438183	4.665725e-04	-3.006398e-03	
   -0.944034	   -0.438183	4.317257e-04	-3.169132e-03	


   -0.944034	   -0.438183	4.317257e-04	-3.169132e-03	
   -0.944034	   -0.438183	3.546185e-04	-3.021649e-03	
   -0.944034	   -0.438183	2.427988e-04	-2.578387e-03	
   -0.944034	   -0.438183	1.072122e-04	-1.882733e-03	
   -0.944034	   -0.438183	-3.886900e-05	-1.002785e-03	
   -0.944034	   -0.438183	-1.811455e-04	-2.467715e-05	
   -0.944034	   -0.438183	-3.056901e-04	9.558463e-04	
   -0.944034	   -0.438183	-4.003117e-04	1.842805e-03	
   -0.944034	   -0.438183	-4.557480e-04	2.549377e-03	
   -0.944034	   -0.438183	-4.665725e-04	3.006398e-03	
   -0.944034	   -0.438183	-4.317257e-04	3.169132e-03	
   -0.944034	   -0.438183	-3.546185e-04	3.021649e-03	
   -0.944034	   -0.438183	-2.427988e-04	2.578387e-03	
   -0.944034	   -0.438183	-1.072122e-04	1.882733e-03	
   -0.944034	   -0.438183	3.886900e-05	1.002785e-03	
   -0.944034	   -0.438183	1.811455e-04	2.467715e-05	
   -0.944034	   -0.438183	3.056901e-04	-9.558463e-04	
   -0.944034	   -0.438183	4.003117e-04	-1.842805e-03	
   -0.944034	   -0.438183	4.557480e-04	-2.549377e-03	
   -0.944034	   -0.438183	4.665725e-04	-3.006398e-03	
   -0.944034	   -0.438183	4.317257e-04	-3.169132e-03	


   -0.832548	   -0.652514	6.812378e-04	-2.634790e-03	
   -0.832548	   -0.652514	6.181479e-04	-2.513526e-03	
   -0.832548	   -0.652514	4.945494e-04	-2.146220e-03	
   -0.832548	   -0.652514	3.225410e-04	-1.568827e-03	
   -0.832548	   -0.652514	1.189600e-04	-8.378666e-04	
   -0.832548	   -0.652514	-9.626569e-05	-2.488996e-05	
   -0.832548	   -0.652514	-3.020682e-04	7.905231e-04	
   -0.832548	   -0.652514	-4.783021e-04	1.528554e-03	
   -0.832548	   -0.652514	-6.077165e-04	2.116960e-03	
   -0.832548	   -0.652514	-6.776434e-04	2.498143e-03	
   -0.832548	   -0.652514	-6.812378e-04	2.634790e-03	
   -0.832548	   -0.652514	-6.181479e-04	2.513526e-03	
   -0.832548	   -0.652514	-4.945494e-04	2.146220e-03	
   -0.832548	   -0.652514	-3.225410e-04	1.568827e-03	
   -0.832548	   -0.652514	-1.189600e-04	8.378666e-04	
   -0.832548	   -0.652514	9.626569e-05	2.488996e-05	
   -0.832548	   -0.652514	3.020682e-04	-7.905231e-04	
   -0.832548	   -0.652514	4.783021e-04	-1.528554e-03	
   -0.832548	   -0.652514	6.077165e-04	-2.116960e-03	
   -0.832548	   -0.652514	6.776434e-04	-2.498143e-03	
   -0.832548	   -0.652514	6.812378e-04	-2.634790e-03	


   -0.832548	   -0.652514	6.812378e-04	-2.634790e-03	
   -0.832548	   -0.652514	6.181479e-04	-2.513526e-03	
   -0.832548	   -0.652514	4.945494e-04	-2.146220e-03	
   -0.832548	   -0.652514	3.225410e-04	-1.568827e-03	
   -0.832548	   -0.652514	1.189600e-04	-8.378666e-04	
   -0.832548	   -0.652514	-9.626569e-05	-2.488996e-05	
   -0.832548	   -0.652514	-3.020682e-04	7.905231e-04	
   -0.832548	   -0.652514	-4.783021e-04	1.528554e-03	
   -0.832548	   -0.652514	-6.077165e-04	2.116960e-03	
   -0.832548	   -0.652514	-6.776434e-04	2.498143e-03	
   -0.832548	   -0.652514	-6.812378e-04	2.634790e-03	
   -0.832548	   -0.652514	-6.181479e-04	2.513526e-03	
   -0.832548	   -0.652514	-4.945494e-04	2.146220e-03	
   -0.832548	   -0.652514	-3.225410e-04	1.568827e-03	
   -0.832548	   -0.652514	-1.189600e-04	8.378666e-04	
   -0.832548	   -0.652514	9.626569e-05	2.488996e-05	
   -0.832548	   -0.652514	3.020682e-04	-7.905231e-04	
   -0.832548	   -0.652514	4.783021e-04	-1.528554e-03	
   -0.832548	   -0.652514	6.077165e-04	-2.116960e-03	
   -0.832548	   -0.652514	6.776434e-04	-2.498143e-03	
   -0.832548	   -0.652514	6.812378e-04	-2.634790e-03	


   -0.678054	   -0.833211	7.977454e-04	-2.124798e-03	
   -0.678054	   -0.833211	7.366558e-04	-2.029080e-03	
   -0.678054	   -0.833211	6.034573e-04	-1.734741e-03	
   -0.678054	   -0.833211	4.111882e-04	-1.270594e-03	
   -0.678054	   -0.833211	1.786691e-04	-6.820719e-04	
   -0.678054	   -0.833211	-7.133941e-05	-2.678404e-05	
   -0.678054	   -0.833211	-3.143647e-04	6.311256e-04	
   -0.678054	   -0.833211	-5.266178e-04	1.227256e-03	
   -0.678054	   -0.833211	-6.873218e-04	1.703255e-03	
   -0.678054	   -0.833211	-7.807460e-04	2.012526e-03	
   -0.678054	   -0.833211	-7.977454e-04	2.124798e-03	
   -0.678054	   -0.833211	-7.366558e-04	2.029080e-03	
   -0.678054	   -0.833211	-6.034573e-04	1.734741e-03	
   -0.678054	   -0.833211	-4.111882e-04	1.270594e-03	
   -0.678054	   -0.833211	-1.786691e-04	6.820719e-04	
   -0.678054	   -0.833211	7.133941e-05	2.678404e-05	
   -0.678054	   -0.833211	3.143647e-04	-6.311256e-04	
   -0.678054	   -0.833211	5.266178e-04	-1.227256e-03	
   -0.678054	   -0.833211	6.873218e-04	-1.703255e-03	
   -0.678054	   -0.833211	7.807460e-04	-2.012526e-03	
   -0.678054	   -0.833211	7.977454e-04	-2.124798e-03	


   -0.678054	   -0.833211	7.977454e-04	-2.124798e-03	
   -0.678054	   -0.833211	7.366558e-04	-2.029080e-03	
   -0.678054	   -0.833211	6.034573e-04	-1.734741e-03	
   -0.678054	   -0.833211	4.111882e-04	-1.270594e-03	
   -0.678054	   -0.833211	1.786691e-04	-6.820719e-04	
   -0.678054	   -0.833211	-7.133941e-05	-2.678404e-05	
   -0.678054	   -0.833211	-3.143647e-04	6.311256e-04	
   -0.678054	   -0.833211	-5.266178e-04	1.227256e-03	
   -0.678054	   -0.833211	-6.873218e-04	1.703255e-03	
   -0.678054	   -0.833211	-7.807460e-04	2.012526e-03	
   -0.678054	   -0.833211	-7.977454e-04	2.124798e-03	
   -0.678054	   -0.833211	-7.366558e-04	2.029080e-03	
   -0.678054	   -0.833211	-6.034573e-04	1.734741e-03	
   -0.678054	   -0.833211	-4.111882e-04	1.270594e-03	
   -0.678054	   -0.833211	-1.786691e-04	6.820719e-04	
   -0.678054	   -0.833211	7.133941e-05	2.678404e-05	
   -0.678054	   -0.833211	3.143647e-04	-6.311256e-04	
   -0.678054	   -0.833211	5.266178e-04	-1.227256e-03	
   -0.678054	   -0.833211	6.873218e-04	-1.703255e-03	
   -0.678054	   -0.833211	7.807460e-04	-2.012526e-03	
   -0.678054	   -0.833211	7.977454e-04	-2.124798e-03	


   -0.490085	   -0.972867	8.053858e-04	-1.664412e-03	
   -0.490085	   -0.972867	7.480207e-04	-1.591634e-03	
   -0.490085	   -0.972867	6.174340e-04	-1.363056e-03	
   -0.490085	   -0.972867	4.264087e-04	-1.001052e-03	
   -0.490085	   -0.972867	1.936435e-04	-5.410587e-04	
   -0.490085	   -0.972867	-5.807691e-05	-2.810261e-05	
   -0.490085	   -0.972867	-3.041123e-04	4.876044e-04	
   -0.490085	   -0.972867	-5.203791e-04	9.555813e-04	
   -0.490085	   -0.972867	-6.857075e-04	1.330019e-03	
   -0.490085	   -0.972867	-7.839142e-04	1.574266e-03	
   -0.490085	   -0.972867	-8.053858e-04	1.664412e-03	
   -0.490085	   -0.972867	-7.480207e-04	1.591634e-03	
   -0.490085	   -0.972867	-6.174340e-04	1.363056e-03	
   -0.490085	   -0.972867	-4.264087e-04	1.001052e-03	
   -0.490085	   -0.972867	-1.936435e-04	5.410587e-04	
   -0.490085	   -0.972867	5.807691e-05	2.810261e-05	
   -0.490085	   -0.972867	3.041123e-04	-4.876044e-04	
   -0.490085	   -0.972867	5.203791e-04	-9.555813e-04	
   -0.490085	   -0.972867	6.857075e-04	-1.330019e-03	
   -0.490085	   -0.972867	7.839142e-04	-1.574266e-03	
   -0.490085	   -0.972867	8.053858e-04	-1.664412e-03	


   -0.490085	   -0.972867	8.053858e-04	-1.664412e-03	
   -0.490085	   -0.972867	7.480207e-04	-1.591634e-03	
   -0.490085	   -0.972867	6.174340e-04	-1.363056e-03	
   -0.490085	   -0.972867	4.264087e-04	-1.001052e-03	
   -0.490085	   -0.972867	1.936435e-04	-5.410587e-04	
   -0.490085	   -0.972867	-5.807691e-05	-2.810261e-05	
   -0.490085	   -0.972867	-3.041123e-04	4.876044e-04	
   -0.490085	   -0.972867	-5.203791e-04	9.555813e-04	
   -0.490085	   -0.972867	-6.857075e-04	1.330019e-03	
   -0.490085	   -0.972867	-7.839142e-04	1.574266e-03	
   -0.490085	   -0.972867	-8.053858e-04	1.664412e-03	
   -0.490085	   -0.972867	-7.480207e-04	1.591634e-03	
   -0.490085	   -0.972867	-6.174340e-04	1.363056e-03	
   -0.490085	   -0.972867	-4.264087e-04	1.001052e-03	
   -0.490085	   -0.972867	-1.936435e-04	5.410587e-04	
   -0.490085	   -0.972867	5.807691e-05	2.810261e-05	
   -0.490085	   -0.972867	3.041123e-04	-4.876044e-04	
   -0.490085	   -0.972867	5.203791e-04	-9.555813e-04	
   -0.490085	   -0.972867	6.857075e-04	-1.330019e-03	
   -0.490085	   -0.972867	7.839142e-04	-1.574266e-03	
   -0.490085	   -0.972867	8.053858e-04	-1.664412e-03	


   -0.278880	   -1.066534	7.216402e-04	-1.280807e-03	
   -0.278880	   -1.066534	6.681982e-04	-1.228330e-03	
   -0.278880	   -1.066534	5.493483e-04	-1.055616e-03	
   -0.278880	   -1.066534	3.767244e-04	-7.795711e-04	
   -0.278880	   -1.066534	1.672240e-04	-4.272162e-04	
   -0.278880	   -1.066534	-5.864538e-05	-3.304235e-05	
   -0.278880	   -1.066534	-2.787742e-04	3.643659e-04	
   -0.278880	   -1.066534	-4.716146e-04	7.261074e-04	
   -0.278880	   -1.066534	-6.182901e-04	1.016773e-03	
   -0.278880	   -1.066534	-7.044430e-04	1.207909e-03	
   -0.278880	   -1.066534	-7.216402e-04	1.280807e-03	
   -0.278880	   -1.066534	-6.681982e-04	1.228330e-03	
   -0.278880	   -1.066534	-5.493483e-04	1.055616e-03	
   -0.278880	   -1.066534	-3.767244e-04	7.795711e-04	
   -0.278880	   -1.066534	-1.672240e-04	4.272162e-04	
   -0.278880	   -1.066534	5.864538e-05	3.304235e-05	
   -0.278880	   -1.066534	2.787742e-04	-3.643659e-04	
   -0.278880	   -1.066534	4.716146e-04	-7.261074e-04	
   -0.278880	   -1.066534	6.182901e-04	-1.016773e-03	
   -0.278880	   -1.066534	7.044430e-04	-1.207909e-03	
   -0.278880	   -1.066534	7.216402e-04	-1.280807e-03	


   -0.278880	   -1.066534	7.216402e-04	-1.280807e-03	
   -0.278880	   -1.066534	6.681982e-04	-1.228330e-03	
   -0.278880	   -1.066534	5.493483e-04	-1.055616e-03	
   -0.278880	   -1.066534	3.767244e-04	-7.795711e-04	
   -0.278880	   -1.066534	1.672240e-04	-4.272162e-04	
   -0.278880	   -1.066534	-5.864538e-05	-3.304235e-05	
   -0.278880	   -1.066534	-2.787742e-04	3.643659e-04	
   -0.278880	   -1.066534	-4.716146e-04	7.261074e-04	
   -0.278880	   -1.066534	-6.182901e-04	1.016773e-03	
   -0.278880	   -1.066534	-7.044430e-04	1.207909e-03	
   -0.278880	   -1.066534	-7.216402e-04	1.280807e-03	
   -0.278880	   -1.066534	-6.681982e-04	1.228330e-03	
   -0.278880	   -1.066534	-5.493483e-04	1.055616e-03	
   -0.278880	   -1.066534	-3.767244e-04	7.795711e-04	
   -0.278880	   -1.066534	-1.672240e-04	4.272162e-04	
   -0.278880	   -1.066534	5.864538e-05	3.304235e-05	
   -0.278880	   -1.066534	2.787742e-04	-3.643659e-04	
   -0.278880	   -1.066534	4.716146e-04	-7.261074e-04	
   -0.278880	   -1.066534	6.182901e-04	-1.016773e-03	
   -0.278880	   -1.066534	7.044430e-04	-1.207909e-03	
   -0.278880	   -1.066534	7.216402e-04	-1.280807e-03	


   -0.054897	   -1.111528	5.742312e-04	-9.801646e-04	
   -0.054897	   -1.111528	5.270739e-04	-9.433538e-04	
   -0.054897	   -1.111528	4.283230e-04	-8.142010e-04	
   -0.054897	   -1.111528	2.876448e-04	-6.053485e-04	
   -0.054897	   -1.111528	1.188099e-04	-3.372403e-04	
   -0.054897	   -1.111528	-6.165493e-05	-3.612065e-05	
   -0.054897	   -1.111528	-2.360845e-04	2.685347e-04	
   -0.054897	   -1.111528	-3.874045e-04	5.469041e-04	
   -0.054897	   -1.111528	-5.008027e-04	7.717386e-04	
   -0.054897	   -1.111528	-5.651788e-04	9.210300e-04	
   -0.054897	   -1.111528	-5.742312e-04	9.801646e-04	
   -0.054897	   -1.111528	-5.270739e-04	9.433538e-04	
   -0.054897	   -1.111528	-4.283230e-04	8.142010e-04	
   -0.054897	   -1.111528	-2.876448e-04	6.053485e-04	
   -0.054897	   -1.111528	-1.188099e-04	3.372403e-04	
   -0.054897	   -1.111528	6.165493e-05	3.612065e-05	
   -0.054897	   -1.111528	2.360845e-04	-2.685347e-04	
   -0.054897	   -1.111528	3.874045e-04	-5.469041e-04	
   -0.054897	   -1.111528	5.008027e-04	-7.717386e-04	
   -0.054897	   -1.111528	5.651788e-04	-9.210300e-04	
   -0.054897	   -1.111528	5.742312e-04	-9.801646e-04	


   -0.054897	   -1.111528	5.742312e-04	-9.801646e-04	
   -0.054897	   -1.111528	5.270739e-04	-9.433538e-04	
   -0.054897	   -1.111528	4.283230e-04	-8.142010e-04	
   -0.054897	   -1.111528	2.876448e-04	-6.053485e-04	
   -0.054897	   -1.111528	1.188099e-04	-3.372403e-04	
   -0.054897	   -1.111528	-6.165493e-05	-3.612065e-05	
   -0.054897	   -1.111528	-2.360845e-04	2.685347e-04	
   -0.054897	   -1.111528	-3.874045e-04	5.469041e-04	
   -0.054897	   -1.111528	-5.008027e-04	7.717386e-04	
   -0.054897	   -1.111528	-5.651788e-04	9.210300e-04	
   -0.054897	   -1.111528	-5.742312e-04	9.801646e-04	
   -0.054897	   -1.111528	-5.270739e-04	9.433538e-04	
   -0.054897	   -1.111528	-4.283230e-04	8.142010e-04	
   -0.054897	   -1.111528	-2.876448e-04	6.053485e-04	
   -0.054897	   -1.111528	-1.188099e-04	3.372403e-04	
   -0.054897	   -1.111528	6.165493e-05	3.612065e-05	
   -0.054897	   -1.111528	2.360845e-04	-2.685347e-04	
   -0.054897	   -1.111528	3.874045e-04	-5.469041e-04	
   -0.054897	   -1.111528	5.008027e-04	-7.717386e-04	
   -0.054897	   -1.111528	5.651788e-04	-9.210300e-04	
   -0.054897	   -1.111528	5.742312e-04	-9.801646e-04	


    0.171554	   -1.107198	3.972093e-04	-7.681624e-04	
    0.171554	   -1.107198	3.573759e-04	-7.411106e-04	
    0.171554	   -1.107198	2.825602e-04	-6.415138e-04	
    0.171554	   -1.107198	1.800854e-04	-4.791211e-04	
    0.171554	   -1.107198	5.998267e-05	-2.698287e-04	
    0.171554	   -1.107198	-6.599161e-05	-3.412362e-05	
    0.171554	   -1.107198	-1.855062e-04	2.049217e-04	
    0.171554	   -1.107198	-2.868621e-04	4.239079e-04	
    0.171554	   -1.107198	-3.601380e-04	6.013991e-04	
    0.171554	   -1.107198	-3.981610e-04	7.200211e-04	
    0.171554	   -1.107198	-3.972093e-04	7.681624e-04	
    0.171554	   -1.107198	-3.573759e-04	7.411106e-04	
    0.171554	   -1.107198	-2.825602e-04	6.415138e-04	
    0.171554	   -1.107198	-1.800854e-04	4.791211e-04	
    0.171554	   -1.107198	-5.998267e-05	2.698287e-04	
    0.171554	   -1.107198	6.599161e-05	3.412362e-05	
    0.171554	   -1.107198	1.855062e-04	-2.049217e-04	
    0.171554	   -1.107198	2.868621e-04	-4.239079e-04	
    0.171554	   -1.107198	3.601380e-04	-6.013991e-04	
    0.171554	   -1.107198	3.981610e-04	-7.200211e-04	
    0.171554	   -1.107198	3.972093e-04	-7.681624e-04	


    0.171554	   -1.107198	3.972093e-04	-7.681624e-04	
    0.171554	   -1.107198	3.573759e-04	-7.411106e-04	
    0.171554	   -1.107198	2.825602e-04	-6.415138e-04	
    0.171554	   -1.107198	1.800854e-04	-4.791211e-04	
    0.171554	   -1.107198	5.998267e-05	-2.698287e-04	
    0.171554	   -1.107198	-6.599161e-05	-3.412362e-05	
    0.171554	   -1.107198	-1.855062e-04	2.049217e-04	
    0.171554	   -1.107198	-2.868621e-04	4.239079e-04	
    0.171554	   -1.107198	-3.601380e-04	6.013991e-04	
    0.171554	   -1.107198	-3.981610e-04	7.200211e-04	
    0.171554	   -1.107198	-3.972093e-04	7.681624e-04	
    0.171554	   -1.107198	-3.573759e-04	7.411106e-04	
    0.171554	   -1.107198	-2.825602e-04	6.415138e-04	
    0.171554	   -1.107198	-1.800854e-04	4.791211e-04	
    0.171554	   -1.107198	-5.998267e-05	2.698287e-04	
    0.171554	   -1.107198	6.599161e-05	3.412362e-05	
    0.171554	   -1.107198	1.855062e-04	-2.049217e-04	
    0.171554	   -1.107198	2.868621e-04	-4.239079e-04	
    0.171554	   -1.107198	3.601380e-04	-6.013991e-04	
    0.171554	   -1.107198	3.981610e-04	-7.200211e-04	
    0.171554	   -1.107198	3.972093e-04	-7.681624e-04	


    0.390548	   -1.054718	2.303171e-04	-6.329896e-04	
    0.390548	   -1.054718	1.983781e-04	-6.095284e-04	
    0.390548	   -1.054718	1.470206e-04	-5.264024e-04	
    0.390548	   -1.054718	8.127161e-05	-3.917485e-04	
    0.390548	   -1.054718	7.567215e-06	-2.187475e-04	
    0.390548	   -1.054718	-6.687791e-05	-2.433393e-05	
    0.390548	   -1.054718	-1.347766e-04	1.724616e-04	
    0.390548	   -1.054718	-1.894824e-04	3.523754e-04	
    0.390548	   -1.054718	-2.256403e-04	4.977962e-04	
    0.390548	   -1.054718	-2.397110e-04	5.944892e-04	
    0.390548	   -1.054718	-2.303171e-04	6.329896e-04	
    0.390548	   -1.054718	-1.983781e-04	6.095284e-04	
    0.390548	   -1.054718	-1.470206e-04	5.264024e-04	
    0.390548	   -1.054718	-8.127161e-05	3.917485e-04	
    0.390548	   -1.054718	-7.567215e-06	2.187475e-04	
    0.390548	   -1.054718	6.687791e-05	2.433393e-05	
    0.390548	   -1.054718	1.347766e-04	-1.724616e-04	
    0.390548	   -1.054718	1.894824e-04	-3.523754e-04	
    0.390548	   -1.054718	2.256403e-04	-4.977962e-04	
    0.390548	   -1.054718	2.397110e-04	-5.944892e-04	
    0.390548	   -1.054718	2.303171e-04	-6.329896e-04	


    0.390548	   -1.054718	2.303171e-04	-6.329896e-04	
    0.390548	   -1.054718	1.983781e-04	-6.095284e-04	
    0.390548	   -1.054718	1.470206e-04	-5.264024e-04	
    0.390548	   -1.054718	8.127161e-05	-3.917485e-04	
    0.390548	   -1.054718	7.567215e-06	-2.187475e-04	
    0.390548	   -1.054718	-6.687791e-05	-2.433393e-05	
    0.390548	   -1.054718	-1.347766e-04	1.724616e-04	
    0.390548	   -1.054718	-1.894824e-04	3.523754e-04	
    0.390548	   -1.054718	-2.256403e-04	4.977962e-04	
    0.390548	   -1.054718	-2.397110e-04	5.944892e-04	
    0.390548	   -1.054718	-2.303171e-04	6.329896e-04	
    0.390548	   -1.054718	-1.983781e-04	6.095284e-04	
    0.390548	   -1.054718	-1.470206e-04	5.264024e-04	
    0.390548	   -1.054718	-8.127161e-05	3.917485e-04	
    0.390548	   -1.054718	-7.567215e-06	2.187475e-04	
    0.390548	   -1.054718	6.687791e-05	2.433393e-05	
    0.390548	   -1.054718	1.347766e-04	-1.724616e-04	
    0.390548	   -1.054718	1.894824e-04	-3.523754e-04	
    0.390548	   -1.054718	2.256403e-04	-4.977962e-04	
    0.390548	   -1.054718	2.397110e-04	-5.944892e-04	
    0.390548	   -1.054718	2.303171e-04	-6.329896e-04	


    0.592718	   -0.956906	8.653123e-05	-5.525445e-04	
    0.592718	   -0.956906	6.323661e-05	-5.284859e-04	
    0.592718	   -0.956906	3.375194e-05	-4.526953e-04	
    0.592718	   -0.956906	9.634017e-07	-3.325919e-04	
    0.592718	   -0.956906	-3.191944e-05	-1.799319e-04	
    0.592718	   -0.956906	-6.167779e-05	-9.659050e-06	
    0.592718	   -0.956906	-8.539868e-05	1.615593e-04	
    0.592718	   -0.956906	-1.007602e-04	3.169632e-04	
    0.592718	   -0.956906	-1.062585e-04	4.413405e-04	
    0.592718	   -0.956906	-1.013556e-04	5.225163e-04	
    0.592718	   -0.956906	-8.653123e-05	5.525445e-04	
    0.592718	   -0.956906	-6.323661e-05	5.284859e-04	
    0.592718	   -0.956906	-3.375194e-05	4.526953e-04	
    0.592718	   -0.956906	-9.634017e-07	3.325919e-04	
    0.592718	   -0.956906	3.191944e-05	1.799319e-04	
    0.592718	   -0.956906	6.167779e-05	9.659050e-06	
    0.592718	   -0.956906	8.539868e-05	-1.615593e-04	
    0.592718	   -0.956906	1.007602e-04	-3.169632e-04	
    0.592718	   -0.956906	1.062585e-04	-4.413405e-04	
    0.592718	   -0.956906	1.013556e-04	-5.225163e-04	
    0.592718	   -0.956906	8.653123e-05	-5.525445e-04	


    0.592718	   -0.956906	8.653123e-05	-5.525445e-04	
    0.592718	   -0.956906	6.323661e-05	-5.284859e-04	
    0.592718	   -0.956906	3.375194e-05	-4.526953e-04	
    0.592718	   -0.956906	9.634017e-07	-3.325919e-04	
    0.592718	   -0.956906	-3.191944e-05	-1.799319e-04	
    0.592718	   -0.956906	-6.167779e-05	-9.659050e-06	
    0.592718	   -0.956906	-8.539868e-05	1.615593e-04	
    0.592718	   -0.956906	-1.007602e-04	3.169632e-04	
    0.592718	   -0.956906	-1.062585e-04	4.413405e-04	
    0.592718	   -0.956906	-1.013556e-04	5.225163e-04	
    0.592718	   -0.956906	-8.653123e-05	5.525445e-04	
    0.592718	   -0.956906	-6.323661e-05	5.284859e-04	
    0.592718	   -0.956906	-3.375194e-05	4.526953e-04	
    0.592718	   -0.956906	-9.634017e-07	3.325919e-04	
    0.592718	   -0.956906	3.191944e-05	1.799319e-04	
    0.592718	   -0.956906	6.167779e-05	9.659050e-06	
    0.592718	   -0.956906	8.539868e-05	-1.615593e-04	
    0.592718	   -0.956906	1.007602e-04	-3.169632e-04	
    0.592718	   -0.956906	1.062585e-04	-4.413405e-04	
    0.592718	   -0.956906	1.013556e-04	-5.225163e-04	
    0.592718	   -0.956906	8.653123e-05	-5.525445e-04	


    0.769383	   -0.818115	-4.214697e-06	-5.125872e-04	
    0.769383	   -0.818115	-2.005630e-05	-4.873675e-04	
    0.769383	   -0.818115	-3.393466e-05	-4.144408e-04	
    0.769383	   -0.818115	-4.449125e-05	-3.009457e-04	
    0.769383	   -0.818115	-5.069273e-05	-1.579921e-04	
    0.769383	   -0.818115	-5.193206e-05	4.270062e-07	
    0.769383	   -0.818115	-4.808791e-05	1.588043e-04	
    0.769383	   -0.818115	-3.953658e-05	3.016367e-04	
    0.769383	   -0.818115	-2.711514e-05	4.149427e-04	
    0.769383	   -0.818115	-1.203947e-05	4.876314e-04	
    0.769383	   -0.818115	4.214697e-06	5.125872e-04	
    0.769383	   -0.818115	2.005630e-05	4.873675e-04	
    0.769383	   -0.818115	3.393466e-05	4.144408e-04	
    0.769383	   -0.818115	4.449125e-05	3.009457e-04	
    0.769383	   -0.818115	5.069273e-05	1.579921e-04	
    0.769383	   -0.818115	5.193206e-05	-4.270062e-07	
    0.769383	   -0.818115	4.808791e-05	-1.588043e-04	
    0.769383	   -0.818115	3.953658e-05	-3.016367e-04	
    0.769383	   -0.818115	2.711514e-05	-4.149427e-04	
    0.769383	   -0.818115	1.203947e-05	-4.876314e-04	
    0.769383	   -0.818115	-4.214697e-06	-5.125872e-04	


    0.769383	   -0.818115	-4.214697e-06	-5.125872e-04	
    0.769383	   -0.818115	-2.005630e-05	-4.873675e-04	
    0.769383	   -0.818115	-3.393466e-05	-4.144408e-04	
    0.769383	   -0.818115	-4.449125e-05	-3.009457e-04	
    0.769383	   -0.818115	-5.069273e-05	-1.579921e-04	
    0.769383	   -0.818115	-5.193206e-05	4.270062e-07	
    0.769383	   -0.818115	-4.808791e-05	1.588043e-04	
    0.769383	   -0.818115	-3.953658e-05	3.016367e-04	
    0.769383	   -0.818115	-2.711514e-05	4.149427e-04	
    0.769383	   -0.818115	-1.203947e-05	4.876314e-04	
    0.769383	   -0.818115	4.214697e-06	5.125872e-04	
    0.769383	   -0.818115	2.005630e-05	4.873675e-04	
    0.769383	   -0.818115	3.393466e-05	4.144408e-04	
    0.769383	   -0.818115	4.449125e-05	3.009457e-04	
    0.769383	   -0.818115	5.069273e-05	1.579921e-04	
    0.769383	   -0.818115	5.193206e-05	-4.270062e-07	
    0.769383	   -0.818115	4.808791e-05	-1.588043e-04	
    0.769383	   -0.818115	3.953658e-05	-3.016367e-04	
    0.769383	   -0.818115	2.711514e-05	-4.149427e-04	
    0.769383	   -0.818115	1.203947e-05	-4.876314e-04	
    0.769383	   -0.818115	-4.214697e-06	-5.125872e-04	


    0.912567	   -0.644260	-5.258808e-05	-4.892075e-04	
    0.912567	   -0.644260	-6.251119e-05	-4.639206e-04	
    0.912567	   -0.644260	-6.631527e-05	-3.932220e-04	
    0.912567	   -0.644260	-6.362795e-05	-2.840320e-04	
    0.912567	   -0.644260	-5.471228e-05	-1.470389e-04	
    0.912567	   -0.644260	-4.044100e-05	4.347264e-06	
    0.912567	   -0.644260	-2.221106e-05	1.553079e-04	
    0.912567	   -0.644260	-1.806957e-06	2.910660e-04	
    0.912567	   -0.644260	1.877403e-05	3.983325e-04	
    0.912567	   -0.644260	3.751728e-05	4.666074e-04	
    0.912567	   -0.644260	5.258808e-05	4.892075e-04	
    0.912567	   -0.644260	6.251119e-05	4.639206e-04	
    0.912567	   -0.644260	6.631527e-05	3.932220e-04	
    0.912567	   -0.644260	6.362795e-05	2.840320e-04	
    0.912567	   -0.644260	5.471228e-05	1.470389e-04	
    0.912567	   -0.644260	4.044100e-05	-4.347264e-06	
    0.912567	   -0.644260	2.221106e-05	-1.553079e-04	
    0.912567	   -0.644260	1.806957e-06	-2.910660e-04	
    0.912567	   -0.644260	-1.877403e-05	-3.983325e-04	
    0.912567	   -0.644260	-3.751728e-05	-4.666074e-04	
    0.912567	   -0.644260	-5.258808e-05	-4.892075e-04	


    0.912567	   -0.644260	-5.258808e-05	-4.892075e-04	
    0.912567	   -0.644260	-6.251119e-05	-4.639206e-04	
    0.912567	   -0.644260	-6.631527e-05	-3.932220e-04	
    0.912567	   -0.644260	-6.362795e-05	-2.840320e-04	
    0.912567	   -0.644260	-5.471228e-05	-1.470389e-04	
    0.912567	   -0.644260	-4.044100e-05	4.347264e-06	
    0.912567	   -0.644260	-2.221106e-05	1.553079e-04	
    0.912567	   -0.644260	-1.806957e-06	2.910660e-04	
    0.912567	   -0.644260	1.877403e-05	3.983325e-04	
    0.912567	   -0.644260	3.751728e-05	4.666074e-04	
    0.912567	   -0.644260	5.258808e-05	4.892075e-04	
    0.912567	   -0.644260	6.251119e-05	4.639206e-04	
    0.912567	   -0.644260	6.631527e-05	3.932220e-04	
    0.912567	   -0.644260	6.362795e-05	2.840320e-04	
    0.912567	   -0.644260	5.471228e-05	1.470389e-04	
    0.912567	   -0.644260	4.044100e-05	-4.347264e-06	
    0.912567	   -0.644260	2.221106e-05	-1.553079e-04	
    0.912567	   -0.644260	1.806957e-06	-2.910660e-04	
    0.912567	   -0.644260	-1.877403e-05	-3.983325e-04	
    0.912567	   -0.644260	-3.751728e-05	-4.666074e-04	
    0.912567	   -0.644260	-5.258808e-05	-4.892075e-04	


    1.015245	   -0.442844	-6.625299e-05	-4.689437e-04	
    1.015245	   -0.442844	-7.312238e-05	-4.445633e-04	
    1.015245	   -0.442844	-7.283405e-05	-3.766660e-04	
    1.015245	   -0.442844	-6.541621e-05	-2.718979e-04	
    1.015245	   -0.442844	-5.159497e-05	-1.405147e-04	
    1.015245	   -0.442844	-3.272326e-05	4.623187e-06	
    1.015245	   -0.442844	-1.064837e-05	1.493085e-04	
    1.015245	   -0.442844	1.246885e-05	2.793784e-04	
    1.015245	   -0.442844	3.436554e-05	3.821008e-04	
    1.015245	   -0.442844	5.289829e-05	4.474206e-04	
    1.015245	   -0.442844	6.625299e-05	4.689437e-04	
    1.015245	   -0.442844	7.312238e-05	4.445633e-04	
    1.015245	   -0.442844	7.283405e-05	3.766660e-04	
    1.015245	   -0.442844	6.541621e-05	2.718979e-04	
    1.015245	   -0.442844	5.159497e-05	1.405147e-04	
    1.015245	   -0.442844	3.272326e-05	-4.623187e-06	
    1.015245	   -0.442844	1.064837e-05	-1.493085e-04	
    1.015245	   -0.442844	-1.246885e-05	-2.793784e-04	
    1.015245	   -0.442844	-3.436554e-05	-3.821008e-04	
    1.015245	   -0.442844	-5.289829e-05	-4.474206e-04	
    1.015245	   -0.442844	-6.625299e-05	-4.689437e-04	


    1.015245	   -0.442844	-6.625299e-05	-4.689437e-04	
    1.015245	   -0.442844	-7.312238e-05	-4.445633e-04	
    1.015245	   -0.442844	-7.283405e-05	-3.766660e-04	
    1.015245	   -0.442844	-6.541621e-05	-2.718979e-04	
    1.015245	   -0.442844	-5.159497e-05	-1.405147e-04	
    1.015245	   -0.442844	-3.272326e-05	4.623187e-06	
    1.015245	   -0.442844	-1.064837e-05	1.493085e-04	
    1.015245	   -0.442844	1.246885e-05	2.793784e-04	
    1.015245	   -0.442844	3.436554e-05	3.821008e-04	
    1.015245	   -0.442844	5.289829e-05	4.474206e-04	
    1.015245	   -0.442844	6.625299e-05	4.689437e-04	
    1.015245	   -0.442844	7.312238e-05	4.445633e-04	
    1.015245	   -0.442844	7.283405e-05	3.766660e-04	
    1.015245	   -0.442844	6.541621e-05	2.718979e-04	
    1.015245	   -0.442844	5.159497e-05	1.405147e-04	
    1.015245	   -0.442844	3.272326e-05	-4.623187e-06	
    1.015245	   -0.442844	1.064837e-05	-1.493085e-04	
    1.015245	   -0.442844	-1.246885e-05	-2.793784e-04	
    1.015245	   -0.442844	-3.436554e-05	-3.821008e-04	
    1.015245	   -0.442844	-5.289829e-05	-4.474206e-04	
    1.015245	   -0.442844	-6.625299e-05	-4.689437e-04	


    1.071922	   -0.222306	-5.963059e-05	-4.413682e-04	
    1.071922	   -0.222306	-6.505400e-05	-4.186390e-04	
    1.071922	   -0.222306	-6.410947e-05	-3.549306e-04	
    1.071922	   -0.222306	-5.688946e-05	-2.564791e-04	
    1.071922	   -0.222306	-4.410072e-05	-1.329216e-04	
    1.071922	   -0.222306	-2.699508e-05	3.647143e-06	
    1.071922	   -0.222306	-7.246985e-06	1.398589e-04	
    1.071922	   -0.222306	1.321050e-05	2.623803e-04	
    1.071922	   -0.222306	3.237485e-05	3.592181e-04	
    1.071922	   -0.222306	4.837012e-05	4.208931e-04	
    1.071922	   -0.222306	5.963059e-05	4.413682e-04	
    1.071922	   -0.222306	6.505400e-05	4.186390e-04	
    1.071922	   -0.222306	6.410947e-05	3.549306e-04	
    1.071922	   -0.222306	5.688946e-05	2.564791e-04	
    1.071922	   -0.222306	4.410072e-05	1.329216e-04	
    1.071922	   -0.222306	2.699508e-05	-3.647143e-06	
    1.071922	   -0.222306	7.246985e-06	-1.398589e-04	
    1.071922	   -0.222306	-1.321050e-05	-2.623803e-04	
    1.071922	   -0.222306	-3.237485e-05	-3.592181e-04	
    1.071922	   -0.222306	-4.837012e-05	-4.208931e-04	
    1.071922	   -0.222306	-5.963059e-05	-4.413682e-04	


    1.071922	   -0.222306	-5.963059e-05	-4.413682e-04	
    1.071922	   -0.222306	-6.505400e-05	-4.186390e-04	
    1.071922	   -0.222306	-6.410947e-05	-3.549306e-04	
    1.071922	   -0.222306	-5.688946e-05	-2.564791e-04	
    1.071922	   -0.222306	-4.410072e-05	-1.329216e-04	
    1.071922	   -0.222306	-2.699508e-05	3.647143e-06	
    1.071922	   -0.222306	-7.246985e-06	1.398589e-04	
    1.071922	   -0.222306	1.321050e-05	2.623803e-04	
    1.071922	   -0.222306	3.237485e-05	3.592181e-04	
    1.071922	   -0.222306	4.837012e-05	4.208931e-04	
    1.071922	   -0.222306	5.963059e-05	4.413682e-04	
    1.071922	   -0.222306	6.505400e-05	4.186390e-04	
    1.071922	   -0.222306	6.410947e-05	3.549306e-04	
    1.071922	   -0.222306	5.688946e-05	2.564791e-04	
    1.071922	   -0.222306	4.410072e-05	1.329216e-04	
    1.071922	   -0.222306	2.699508e-05	-3.647143e-06	
    1.071922	   -0.222306	7.246985e-06	-1.398589e-04	
    1.071922	   -0.222306	-1.321050e-05	-2.623803e-04	
    1.071922	   -0.222306	-3.237485e-05	-3.592181e-04	
    1.071922	   -0.222306	-4.837012e-05	-4.208931e-04	
    1.071922	   -0.222306	-5.963059e-05	-4.413682e-04	


    1.078503	    0.007728	-4.193446e-05	-4.018799e-04	
    1.078503	    0.007728	-4.727598e-05	-3.814389e-04	
    1.078503	    0.007728	-4.798980e-05	-3.236601e-04	
    1.078503	    0.007728	-4.400604e-05	-2.341992e-04	
    1.078503	    0.007728	-3.571467e-05	-1.218132e-04	
    1.078503	    0.007728	-2.392729e-05	2.496711e-06	
    1.078503	    0.007728	-9.797744e-06	1.265622e-04	
    1.078503	    0.007728	5.290873e-06	2.382389e-04	
    1.078503	    0.007728	1.986158e-05	3.265952e-04	
    1.078503	    0.007728	3.248810e-05	3.829820e-04	
    1.078503	    0.007728	4.193446e-05	4.018799e-04	
    1.078503	    0.007728	4.727598e-05	3.814389e-04	
    1.078503	    0.007728	4.798980e-05	3.236601e-04	
    1.078503	    0.007728	4.400604e-05	2.341992e-04	
    1.078503	    0.007728	3.571467e-05	1.218132e-04	
    1.078503	    0.007728	2.392729e-05	-2.496711e-06	
    1.078503	    0.007728	9.797744e-06	-1.265622e-04	
    1.078503	    0.007728	-5.290873e-06	-2.382389e-04	
    1.078503	    0.007728	-1.986158e-05	-3.265952e-04	
    1.078503	    0.007728	-3.248810e-05	-3.829820e-04	
    1.078503	    0.007728	-4.193446e-05	-4.018799e-04	


    1.078503	    0.007728	-4.193446e-05	-4.018799e-04	
    1.078503	    0.007728	-4.727598e-05	-3.814389e-04	
    1.078503	    0.007728	-4.798980e-05	-3.236601e-04	
    1.078503	    0.007728	-4.400604e-05	-2.341992e-04	
    1.078503	    0.007728	-3.571467e-05	-1.218132e-04	
    1.078503	    0.007728	-2.392729e-05	2.496711e-06	
    1.078503	    0.007728	-9.797744e-06	1.265622e-04	
    1.078503	    0.007728	5.290873e-06	2.382389e-04	
    1.078503	    0.007728	1.986158e-05	3.265952e-04	
    1.078503	    0.007728	3.248810e-05	3.829820e-04	
    1.078503	    0.007728	4.193446e-05	4.018799e-04	
    1.078503	    0.007728	4.727598e-05	3.814389e-04	
    1.078503	    0.007728	4.798980e-05	3.236601e-04	
    1.078503	    0.007728	4.400604e-05	2.341992e-04	
    1.078503	    0.007728	3.571467e-05	1.218132e-04	
    1.078503	    0.007728	2.392729e-05	-2.496711e-06	
    1.078503	    0.007728	9.797744e-06	-1.265622e-04	
    1.078503	    0.007728	-5.290873e-06	-2.382389e-04	
    1.078503	    0.007728	-1.986158e-05	-3.265952e-04	
    1.078503	    0.007728	-3.248810e-05	-3.829820e-04	
    1.078503	    0.007728	-4.193446e-05	-4.018799e-04	


    1.032582	    0.236494	-2.420572e-05	-3.519431e-04	
    1.032582	    0.236494	-2.958421e-05	-3.342663e-04	
    1.032582	    0.236494	-3.206679e-05	-2.838693e-04	
    1.032582	    0.236494	-3.141044e-05	-2.056852e-04	
    1.032582	    0.236494	-2.767943e-05	-1.073671e-04	
    1.032582	    0.236494	-2.123896e-05	1.460760e-06	
    1.032582	    0.236494	-1.271947e-05	1.101457e-04	
    1.032582	    0.236494	-2.954910e-06	2.080487e-04	
    1.032582	    0.236494	7.098896e-06	2.855865e-04	
    1.032582	    0.236494	1.645781e-05	3.351691e-04	
    1.032582	    0.236494	2.420572e-05	3.519431e-04	
    1.032582	    0.236494	2.958421e-05	3.342663e-04	
    1.032582	    0.236494	3.206679e-05	2.838693e-04	
    1.032582	    0.236494	3.141044e-05	2.056852e-04	
    1.032582	    0.236494	2.767943e-05	1.073671e-04	
    1.032582	    0.236494	2.123896e-05	-1.460760e-06	
    1.032582	    0.236494	1.271947e-05	-1.101457e-04	
    1.032582	    0.236494	2.954910e-06	-2.080487e-04	
    1.032582	    0.236494	-7.098896e-06	-2.855865e-04	
    1.032582	    0.236494	-1.645781e-05	-3.351691e-04	
    1.032582	    0.236494	-2.420572e-05	-3.519431e-04	


    1.032582	    0.236494	-2.420572e-05	-3.519431e-04	
    1.032582	    0.236494	-2.958421e-05	-3.342663e-04	
    1.032582	    0.236494	-3.206679e-05	-2.838693e-04	
    1.032582	    0.236494	-3.141044e-05	-2.056852e-04	
    1.032582	    0.236494	-2.767943e-05	-1.073671e-04	
    1.032582	    0.236494	-2.123896e-05	1.460760e-06	
    1.032582	    0.236494	-1.271947e-05	1.101457e-04	
    1.032582	    0.236494	-2.954910e-06	2.080487e-04	
    1.032582	    0.236494	7.098896e-06	2.855865e-04	
    1.032582	    0.236494	1.645781e-05	3.351691e-04	
    1.032582	    0.236494	2.420572e-05	3.519431e-04	
    1.032582	    0.236494	2.958421e-05	3.342663e-04	
    1.032582	    0.236494	3.206679e-05	2.838693e-04	
    1.032582	    0.236494	3.141044e-05	2.056852e-04	
    1.032582	    0.236494	2.767943e-05	1.073671e-04	
    1.032582	    0.236494	2.123896e-05	-1.460760e-06	
    1.032582	    0.236494	1.271947e-05	-1.101457e-04	
    1.032582	    0.236494	2.954910e-06	-2.080487e-04	
    1.032582	    0.236494	-7.098896e-06	-2.855865e-04	
    1.032582	    0.236494	-1.645781e-05	-3.351691e-04	
    1.032582	    0.236494	-2.420572e-05	-3.519431e-04	


    0.933819	    0.452219	-1.474587e-05	-2.959584e-04	
    0.933819	    0.452219	-2.042540e-05	-2.811542e-04	
    0.933819	    0.452219	-2.410555e-05	-2.388287e-04	
    0.933819	    0.452219	-2.542608e-05	-1.731250e-04	
    0.933819	    0.452219	-2.425773e-05	-9.047459e-05	
    0.933819	    0.452219	-2.071486e-05	1.032100e-06	
    0.933819	    0.452219	-1.514428e-05	9.243776e-05	
    0.933819	    0.452219	-8.091270e-06	1.747950e-04	
    0.933819	    0.452219	-2.462303e-07	2.400420e-04	
    0.933819	    0.452219	7.622912e-06	2.817921e-04	
    0.933819	    0.452219	1.474587e-05	2.959584e-04	
    0.933819	    0.452219	2.042540e-05	2.811542e-04	
    0.933819	    0.452219	2.410555e-05	2.388287e-04	
    0.933819	    0.452219	2.542608e-05	1.731250e-04	
    0.933819	    0.452219	2.425773e-05	9.047459e-05	
    0.933819	    0.452219	2.071486e-05	-1.032100e-06	
    0.933819	    0.452219	1.514428e-05	-9.243776e-05	
    0.933819	    0.452219	8.091270e-06	-1.747950e-04	
    0.933819	    0.452219	2.462303e-07	-2.400420e-04	
    0.933819	    0.452219	-7.622912e-06	-2.817921e-04	
    0.933819	    0.452219	-1.474587e-05	-2.959584e-04	


    0.933819	    0.452219	-1.474587e-05	-2.959584e-04	
    0.933819	    0.452219	-2.042540e-05	-2.811542e-04	
    0.933819	    0.452219	-2.410555e-05	-2.388287e-04	
    0.933819	    0.452219	-2.542608e-05	-1.731250e-04	
    0.933819	    0.452219	-2.425773e-05	-9.047459e-05	
    0.933819	    0.452219	-2.071486e-05	1.032100e-06	
    0.933819	    0.452219	-1.514428e-05	9.243776e-05	
    0.933819	    0.452219	-8.091270e-06	1.747950e-04	
    0.933819	    0.452219	-2.462303e-07	2.400420e-04	
    0.933819	    0.452219	7.622912e-06	2.817921e-04	
    0.933819	    0.452219	1.474587e-05	2.959584e-04	
    0.933819	    0.452219	2.042540e-05	2.811542e-04	
    0.933819	    0.452219	2.410555e-05	2.388287e-04	
    0.933819	    0.452219	2.542608e-05	1.731250e-04	
    0.933819	    0.452219	2.425773e-05	9.047459e-05	
    0.933819	    0.452219	2.071486e-05	-1.032100e-06	
    0.933819	    0.452219	1.514428e-05	-9.243776e-05	
    0.933819	    0.452219	8.091270e-06	-1.747950e-04	
    0.933819	    0.452219	2.462303e-07	-2.400420e-04	
    0.933819	    0.452219	-7.622912e-06	-2.817921e-04	
    0.933819	    0.452219	-1.474587e-05	-2.959584e-04	


    0.784131	    0.642908	-2.399736e-05	-2.351431e-04	
    0.784131	    0.642908	-2.948694e-05	-2.229543e-04	
    0.784131	    0.642908	-3.209014e-05	-1.889411e-04	
    0.784131	    0.642908	-3.155212e-05	-1.364331e-04	
    0.784131	    0.642908	-2.792557e-05	-7.057007e-05	
    0.784131	    0.642908	-2.156547e-05	2.200848e-06	
    0.784131	    0.642908	-1.309438e-05	7.475634e-05	
    0.784131	    0.642908	-3.341533e-06	1.399942e-04	
    0.784131	    0.642908	6.738410e-06	1.915284e-04	
    0.784131	    0.642908	1.615875e-05	2.243145e-04	
    0.784131	    0.642908	2.399736e-05	2.351431e-04	
    0.784131	    0.642908	2.948694e-05	2.229543e-04	
    0.784131	    0.642908	3.209014e-05	1.889411e-04	
    0.784131	    0.642908	3.155212e-05	1.364331e-04	
    0.784131	    0.642908	2.792557e-05	7.057007e-05	
    0.784131	    0.642908	2.156547e-05	-2.200848e-06	
    0.784131	    0.642908	1.309438e-05	-7.475634e-05	
    0.784131	    0.642908	3.341533e-06	-1.399942e-04	
    0.784131	    0.642908	-6.738410e-06	-1.915284e-04	
    0.784131	    0.642908	-1.615875e-05	-2.243145e-04	
    0.784131	    0.642908	-2.399736e-05	-2.351431e-04	


    0.784131	    0.642908	-2.399736e-05	-2.351431e-04	
    0.784131	    0.642908	-2.948694e-05	-2.229543e-04	
    0.784131	    0.642908	-3.209014e-05	-1.889411e-04	
    0.784131	    0.642908	-3.155212e-05	-1.364331e-04	
    0.784131	    0.642908	-2.792557e-05	-7.057007e-05	
    0.784131	    0.642908	-2.156547e-05	2.200848e-06	
    0.784131	    0.642908	-1.309438e-05	7.475634e-05	
    0.784131	    0.642908	-3.341533e-06	1.399942e-04	
    0.784131	    0.642908	6.738410e-06	1.915284e-04	
    0.784131	    0.642908	1.615875e-05	2.243145e-04	
    0.784131	    0.642908	2.399736e-05	2.351431e-04	
    0.784131	    0.642908	2.948694e-05	2.229543e-04	
    0.784131	    0.642908	3.209014e-05	1.889411e-04	
    0.784131	    0.642908	3.155212e-05	1.364331e-04	
    0.784131	    0.642908	2.792557e-05	7.057007e-05	
    0.784131	    0.642908	2.156547e-05	-2.200848e-06	
    0.784131	    0.642908	1.309438e-05	-7.475634e-05	
    0.784131	    0.642908	3.341533e-06	-1.399942e-04	
    0.784131	    0.642908	-6.738410e-06	-1.915284e-04	
    0.784131	    0.642908	-1.615875e-05	-2.243145e-04	
    0.784131	    0.642908	-2.399736e-05	-2.351431e-04	


    0.588620	    0.795801	-4.524614e-05	-1.866691e-04	
    0.588620	    0.795801	-5.003749e-05	-1.758347e-04	
    0.588620	    0.795801	-4.993081e-05	-1.477884e-04	
    0.588620	    0.795801	-4.493657e-05	-1.052756e-04	
    0.588620	    0.795801	-3.554362e-05	-5.245762e-05	
    0.588620	    0.795801	-2.267141e-05	5.495253e-06	
    0.588620	    0.795801	-7.579965e-06	6.291021e-05	
    0.588620	    0.795801	8.253458e-06	1.141671e-04	
    0.588620	    0.795801	2.327898e-05	1.542485e-04	
    0.588620	    0.795801	3.602578e-05	1.792310e-04	
    0.588620	    0.795801	4.524614e-05	1.866691e-04	
    0.588620	    0.795801	5.003749e-05	1.758347e-04	
    0.588620	    0.795801	4.993081e-05	1.477884e-04	
    0.588620	    0.795801	4.493657e-05	1.052756e-04	
    0.588620	    0.795801	3.554362e-05	5.245762e-05	
    0.588620	    0.795801	2.267141e-05	-5.495253e-06	
    0.588620	    0.795801	7.579965e-06	-6.291021e-05	
    0.588620	    0.795801	-8.253458e-06	-1.141671e-04	
    0.588620	    0.795801	-2.327898e-05	-1.542485e-04	
    0.588620	    0.795801	-3.602578e-05	-1.792310e-04	
    0.588620	    0.795801	-4.524614e-05	-1.866691e-04	


    0.588620	    0.795801	-4.524614e-05	-1.866691e-04	
    0.588620	    0.795801	-5.003749e-05	-1.758347e-04	
    0.588620	    0.795801	-4.993081e-05	-1.477884e-04	
    0.588620	    0.795801	-4.493657e-05	-1.052756e-04	
    0.588620	    0.795801	-3.554362e-05	-5.245762e-05	
    0.588620	    0.795801	-2.267141e-05	5.495253e-06	
    0.588620	    0.795801	-7.579965e-06	6.291021e-05	
    0.588620	    0.795801	8.253458e-06	1.141671e-04	
    0.588620	    0.795801	2.327898e-05	1.542485e-04	
    0.588620	    0.795801	3.602578e-05	1.792310e-04	
    0.588620	    0.795801	4.524614e-05	1.866691e-04	
    0.588620	    0.795801	5.003749e-05	1.758347e-04	
    0.588620	    0.795801	4.993081e-05	1.477884e-04	
    0.588620	    0.795801	4.493657e-05	1.052756e-04	
    0.588620	    0.795801	3.554362e-05	5.245762e-05	
    0.588620	    0.795801	2.267141e-05	-5.495253e-06	
    0.588620	    0.795801	7.579965e-06	-6.291021e-05	
    0.588620	    0.795801	-8.253458e-06	-1.141671e-04	
    0.588620	    0.795801	-2.327898e-05	-1.542485e-04	
    0.588620	    0.795801	-3.602578e-05	-1.792310e-04	
    0.588620	    0.795801	-4.524614e-05	-1.866691e-04	


    0.356226	    0.898493	-8.229427e-05	-1.542396e-04	
    0.356226	    0.898493	-8.474853e-05	-1.432321e-04	
    0.356226	    0.898493	-7.890703e-05	-1.182040e-04	
    0.356226	    0.898493	-6.534155e-05	-8.160533e-05	
    0.356226	    0.898493	-4.537999e-05	-3.701854e-05	
    0.356226	    0.898493	-2.097631e-05	1.119188e-05	
    0.356226	    0.898493	5.480666e-06	5.830676e-05	
    0.356226	    0.898493	3.140116e-05	9.971416e-05	
    0.356226	    0.898493	5.424789e-05	1.313609e-04	
    0.356226	    0.898493	7.178446e-05	1.501490e-04	
    0.356226	    0.898493	8.229427e-05	1.542396e-04	
    0.356226	    0.898493	8.474853e-05	1.432321e-04	
    0.356226	    0.898493	7.890703e-05	1.182040e-04	
    0.356226	    0.898493	6.534155e-05	8.160533e-05	
    0.356226	    0.898493	4.537999e-05	3.701854e-05	
    0.356226	    0.898493	2.097631e-05	-1.119188e-05	
    0.356226	    0.898493	-5.480666e-06	-5.830676e-05	
    0.356226	    0.898493	-3.140116e-05	-9.971416e-05	
    0.356226	    0.898493	-5.424789e-05	-1.313609e-04	
    0.356226	    0.898493	-7.178446e-05	-1.501490e-04	
    0.356226	    0.898493	-8.229427e-05	-1.542396e-04	


    0.356226	    0.898493	-8.229427e-05	-1.542396e-04	
    0.356226	    0.898493	-8.474853e-05	-1.432321e-04	
    0.356226	    0.898493	-7.890703e-05	-1.182040e-04	
    0.356226	    0.898493	-6.534155e-05	-8.160533e-05	
    0.356226	    0.898493	-4.537999e-05	-3.701854e-05	
    0.356226	    0.898493	-2.097631e-05	1.119188e-05	
    0.356226	    0.898493	5.480666e-06	5.830676e-05	
    0.356226	    0.898493	3.140116e-05	9.971416e-05	
    0.356226	    0.898493	5.424789e-05	1.313609e-04	
    0.356226	    0.898493	7.178446e-05	1.501490e-04	
    0.356226	    0.898493	8.229427e-05	1.542396e-04	
    0.356226	    0.898493	8.474853e-05	1.432321e-04	
    0.356226	    0.898493	7.890703e-05	1.182040e-04	
    0.356226	    0.898493	6.534155e-05	8.160533e-05	
    0.356226	    0.898493	4.537999e-05	3.701854e-05	
    0.356226	    0.898493	2.097631e-05	-1.119188e-05	
    0.356226	    0.898493	-5.480666e-06	-5.830676e-05	
    0.356226	    0.898493	-3.140116e-05	-9.971416e-05	
    0.356226	    0.898493	-5.424789e-05	-1.313609e-04	
    0.356226	    0.898493	-7.178446e-05	-1.501490e-04	
    0.356226	    0.898493	-8.229427e-05	-1.542396e-04	


    0.099977	    0.940423	-1.258081e-04	-1.438274e-04	
    0.099977	    0.940423	-1.246245e-04	-1.324372e-04	
    0.099977	    0.940423	-1.112419e-04	-1.080831e-04	
    0.099977	    0.940423	-8.697007e-05	-7.314910e-05	
    0.099977	    0.940423	-5.418504e-05	-3.105476e-05	
    0.099977	    0.940423	-1.609600e-05	1.407943e-05	
    0.099977	    0.940423	2.356863e-05	5.783543e-05	
    0.099977	    0.940423	6.092619e-05	9.593010e-05	
    0.099977	    0.940423	9.231988e-05	1.246345e-04	
    0.099977	    0.940423	1.146767e-04	1.411387e-04	
    0.099977	    0.940423	1.258081e-04	1.438274e-04	
    0.099977	    0.940423	1.246245e-04	1.324372e-04	
    0.099977	    0.940423	1.112419e-04	1.080831e-04	
    0.099977	    0.940423	8.697007e-05	7.314910e-05	
    0.099977	    0.940423	5.418504e-05	3.105476e-05	
    0.099977	    0.940423	1.609600e-05	-1.407943e-05	
    0.099977	    0.940423	-2.356863e-05	-5.783543e-05	
    0.099977	    0.940423	-6.092619e-05	-9.593010e-05	
    0.099977	    0.940423	-9.231988e-05	-1.246345e-04	
    0.099977	    0.940423	-1.146767e-04	-1.411387e-04	
    0.099977	    0.940423	-1.258081e-04	-1.438274e-04	


    0.099977	    0.940423	-1.258081e-04	-1.438274e-04	
    0.099977	    0.940423	-1.246245e-04	-1.324372e-04	
    0.099977	    0.940423	-1.112419e-04	-1.080831e-04	
    0.099977	    0.940423	-8.697007e-05	-7.314910e-05	
    0.099977	    0.940423	-5.418504e-05	-3.105476e-05	
    0.099977	    0.940423	-1.609600e-05	1.407943e-05	
    0.099977	    0.940423	2.356863e-05	5.783543e-05	
    0.099977	    0.940423	6.092619e-05	9.593010e-05	
    0.099977	    0.940423	9.231988e-05	1.246345e-04	
    0.099977	    0.940423	1.146767e-04	1.411387e-04	
    0.099977	    0.940423	1.258081e-04	1.438274e-04	
    0.099977	    0.940423	1.246245e-04	1.324372e-04	
    0.099977	    0.940423	1.112419e-04	1.080831e-04	
    0.099977	    0.940423	8.697007e-05	7.314910e-05	
    0.099977	    0.940423	5.418504e-05	3.105476e-05	
    0.099977	    0.940423	1.609600e-05	-1.407943e-05	
    0.099977	    0.940423	-2.356863e-05	-5.783543e-05	
    0.099977	    0.940423	-6.092619e-05	-9.593010e-05	
    0.099977	    0.940423	-9.231988e-05	-1.246345e-04	
    0.099977	    0.940423	-1.146767e-04	-1.411387e-04	
    0.099977	    0.940423	-1.258081e-04	-1.438274e-04	


