0	  1.60868e-08 2.08845e-08 5.74095e-08 2.90058e-08 8.84369e-11 2.04783e-08
 0	  1.60868e-08 2.08845e-08 5.74095e-08 2.90058e-08 8.84369e-11 2.04783e-08

 1	  2.66449e-08 2.46523e-08 5.16688e-08 1.52961e-08 8.12723e-09 2.79154e-08
 1	  2.66449e-08 2.46523e-08 5.16688e-08 1.47755e-08 7.58740e-09 2.75955e-08

 2	  3.33710e-08 3.41312e-08 4.17997e-08 1.47237e-09 1.67866e-08 4.05670e-08
 2	  3.33710e-08 3.41312e-08 4.17997e-08 1.38944e-09 1.64385e-08 4.00942e-08

 3	  3.23261e-08 4.64564e-08 3.04354e-08 3.11831e-09 1.32017e-08 5.50705e-08
 3	  3.23261e-08 4.64564e-08 3.04354e-08 3.11483e-09 1.30643e-08 5.48829e-08

 4	  2.49823e-08 5.56212e-08 2.09007e-08 1.34300e-08 3.59455e-09 6.71690e-08
 4	  2.49823e-08 5.56212e-08 2.09007e-08 1.34474e-08 3.58562e-09 6.71555e-08

 5	  1.66073e-08 5.60694e-08 1.61005e-08 1.57318e-08 4.02508e-09 7.29329e-08
 5	  1.66073e-08 5.60694e-08 1.61005e-08 1.56948e-08 4.15443e-09 7.24860e-08

 6	  1.15111e-08 4.72588e-08 1.74642e-08 7.98806e-09 1.59999e-08 7.04668e-08
 6	  1.15111e-08 4.72588e-08 1.74642e-08 7.98451e-09 1.61334e-08 7.04594e-08

 7	  1.10490e-08 3.40658e-08 2.45930e-08 4.19407e-09 2.47792e-08 6.19921e-08
 7	  1.10490e-08 3.40658e-08 2.45930e-08 4.11687e-09 2.46949e-08 6.23878e-08

 8	  1.53287e-08 2.22148e-08 3.56547e-08 1.29589e-08 2.04202e-08 5.03225e-08
 8	  1.53287e-08 2.22148e-08 3.56547e-08 1.29483e-08 2.05215e-08 5.02749e-08

 9	  2.52422e-08 1.44450e-08 4.81336e-08 2.85685e-08 9.02736e-09 3.76334e-08
 9	  2.52422e-08 1.44450e-08 4.81336e-08 2.85143e-08 9.10909e-09 3.76088e-08

10	  4.13859e-08 1.09390e-08 5.94754e-08 3.81297e-08 2.70339e-09 2.68403e-08
10	  4.13859e-08 1.09390e-08 5.94754e-08 3.79135e-08 2.68047e-09 2.69021e-08

  8.50611e-08 6.43531e-10 2.60956e-08
  4.98682e-08 3.77785e-10 1.72501e-08

 0	      0.0000000000	      0.0000000000	      0.0000000000	
1	      0.0000098452	      0.0000041861	      0.0000214788	
2	      0.0000046578	      0.0000021974	      0.0000107646	
3	      0.0000035576	      0.0000048661	      0.0000170810	
4	      0.0014047706	      0.0000001973	      0.0014053189	
5	      0.0000057057	      0.0000025924	      0.0000129104	
6	      0.0000086809	      0.0000008355	      0.0000110028	
7	      0.0000075656	      0.0000031456	      0.0000163077	
8	      0.0000074642	      0.0000009280	      0.0000100432	
9	      0.0000086249	      0.0000010419	      0.0000115203	
10	      0.0000102113	      0.0000011119	      0.0000133015	

FLeg = 0.0015297292

F = 0.0425252153
