0	  1.00000e-05 1.00000e-05 1.00000e-05 1.00000e-06 1.00000e-06 1.00000e-06
 0	  1.00000e-05 1.00000e-05 1.00000e-05 5.67109e-07 1.59809e-06 6.05861e-07

 1	  8.79519e-06 9.48641e-06 8.30589e-06 2.21652e-06 7.61960e-07 2.33231e-06
 1	  8.79519e-06 9.48641e-06 8.30589e-06 3.66260e-06 6.99890e-07 2.66025e-06

 2	  7.02282e-06 9.94956e-06 5.73767e-06 4.88240e-06 1.38783e-06 5.34647e-06
 2	  7.02282e-06 9.94956e-06 5.73767e-06 6.20128e-06 6.76403e-07 1.86847e-06

 3	  5.21847e-06 1.14872e-05 3.93747e-06 5.48765e-06 2.28171e-06 3.78528e-06
 3	  5.21847e-06 1.14872e-05 3.93747e-06 5.31161e-06 1.19497e-06 1.15371e-06

 4	  3.87404e-06 1.35616e-05 2.75487e-06 3.74264e-06 1.88750e-06 2.42164e-06
 4	  3.87404e-06 1.35616e-05 2.75487e-06 3.68774e-06 1.51341e-06 1.66823e-06

 5	  2.44335e-06 1.57272e-05 1.68041e-06 3.86071e-06 1.11868e-06 2.80884e-06
 5	  2.44335e-06 1.57272e-05 1.68041e-06 3.31903e-06 8.13853e-07 2.28833e-06

 6	  1.16395e-06 1.67145e-05 8.02012e-07 4.51366e-06 3.28964e-07 3.19656e-06
 6	  1.16395e-06 1.67145e-05 8.02012e-07 3.71833e-06 1.11795e-07 2.29898e-06

 7	  3.72030e-07 1.57941e-05 2.66386e-07 3.89371e-06 1.07033e-06 2.83198e-06
 7	  3.72030e-07 1.57941e-05 2.66386e-07 3.71008e-06 9.13562e-07 2.25995e-06

 8	  1.10632e-07 1.32983e-05 4.40408e-08 2.61906e-06 3.18247e-06 2.47177e-06
 8	  1.10632e-07 1.32983e-05 4.40408e-08 3.16762e-06 2.77422e-06 1.69819e-06

 9	  2.19201e-07 1.00440e-05 7.99076e-08 1.47998e-06 5.01090e-06 1.66590e-06
 9	  2.19201e-07 1.00440e-05 7.99076e-08 1.92935e-06 4.02300e-06 9.49216e-07

10	  4.73352e-07 6.94274e-06 2.28358e-07 5.48844e-07 5.19774e-06 8.22171e-07
10	  4.73352e-07 6.94274e-06 2.28358e-07 6.48187e-07 4.16191e-06 3.97411e-07

11	  6.41487e-07 4.51548e-06 3.70228e-07 3.66834e-08 4.17806e-06 2.81369e-07
11	  6.41487e-07 4.51548e-06 3.70228e-07 1.04905e-07 3.77605e-06 1.23580e-07

12	  6.52019e-07 2.77106e-06 4.49628e-07 6.19677e-08 3.07458e-06 6.15423e-08
12	  6.52019e-07 2.77106e-06 4.49628e-07 2.45947e-08 2.86490e-06 3.03947e-08

13	  5.24204e-07 1.64156e-06 4.62128e-07 2.61765e-07 1.93829e-06 2.10099e-08
13	  5.24204e-07 1.64156e-06 4.62128e-07 2.35206e-07 1.90920e-06 2.10467e-08

14	  3.33543e-07 9.62027e-07 4.27205e-07 4.72347e-07 1.08910e-06 4.61931e-08
14	  3.33543e-07 9.62027e-07 4.27205e-07 4.54046e-07 1.03735e-06 4.05781e-08

15	  1.62130e-07 5.91238e-07 3.64081e-07 5.42632e-07 4.90844e-07 8.48929e-08
15	  1.62130e-07 5.91238e-07 3.64081e-07 4.68681e-07 4.65848e-07 6.35913e-08

16	  5.75186e-08 4.01268e-07 2.94334e-07 4.12662e-07 1.80263e-07 1.11557e-07
16	  5.75186e-08 4.01268e-07 2.94334e-07 3.89309e-07 1.78611e-07 9.95200e-08

17	  1.12918e-08 3.05399e-07 2.17264e-07 2.67752e-07 6.07381e-08 1.52381e-07
17	  1.12918e-08 3.05399e-07 2.17264e-07 1.83978e-07 4.60106e-08 8.88904e-08

18	  2.71470e-09 2.62746e-07 1.56289e-07 8.86242e-08 1.51852e-08 1.30955e-07
18	  2.71470e-09 2.62746e-07 1.56289e-07 6.85090e-08 1.19529e-08 1.05846e-07

19	  4.40098e-09 2.39343e-07 1.03374e-07 1.94327e-08 8.32363e-09 1.42991e-07
19	  4.40098e-09 2.39343e-07 1.03374e-07 1.27832e-08 4.45279e-09 1.16797e-07

20	  5.46027e-09 2.19930e-07 6.17589e-08 1.14539e-09 1.10487e-08 1.46869e-07
20	  5.46027e-09 2.19930e-07 6.17589e-08 1.43209e-09 6.27784e-09 1.26774e-07

21	  4.28454e-09 1.94819e-07 3.39262e-08 3.16861e-09 2.25081e-08 1.47664e-07
21	  4.28454e-09 1.94819e-07 3.39262e-08 4.75843e-09 1.44607e-08 1.22467e-07

22	  2.33101e-09 1.61514e-07 2.13600e-08 4.93179e-09 4.04747e-08 1.32384e-07
22	  2.33101e-09 1.61514e-07 2.13600e-08 7.97541e-09 2.73968e-08 1.05078e-07

23	  1.03701e-09 1.23866e-07 2.20796e-08 2.37079e-09 5.55638e-08 1.04573e-07
23	  1.03701e-09 1.23866e-07 2.20796e-08 5.11512e-09 4.12596e-08 7.90016e-08

24	  6.46546e-10 8.75924e-08 3.03505e-08 3.79546e-11 6.00615e-08 7.17926e-08
24	  6.46546e-10 8.75924e-08 3.03505e-08 5.54848e-11 5.83850e-08 6.77882e-08

25	  1.04094e-09 5.52971e-08 4.34497e-08 6.77933e-09 5.92675e-08 5.55379e-08
25	  1.04094e-09 5.52971e-08 4.34497e-08 1.95273e-09 4.55328e-08 3.61207e-08

26	  2.56121e-09 3.48755e-08 5.26577e-08 1.53776e-08 2.95107e-08 2.68691e-08
26	  2.56121e-09 3.48755e-08 5.26577e-08 1.38194e-08 2.76357e-08 2.52031e-08

27	  7.21235e-09 2.39151e-08 5.76678e-08 2.84528e-08 7.91626e-09 1.99049e-08
27	  7.21235e-09 2.39151e-08 5.76678e-08 2.79616e-08 7.80415e-09 2.00206e-08

28	  1.60868e-08 2.08845e-08 5.74095e-08 2.95637e-08 1.12295e-10 2.06053e-08
28	  1.60868e-08 2.08845e-08 5.74095e-08 2.90058e-08 8.84369e-11 2.04783e-08

  8.25758e-11 3.48500e-08 5.94481e-08
  4.93079e-08 2.22769e-10 4.19104e-11

 0	      0.0000084248	      0.0012566229	      0.0035007325	
1	      0.0000086578	      0.0012347646	      0.0034402183	
2	      0.0000071007	      0.0009800723	      0.0027308406	
3	      0.0000060175	      0.0008923935	      0.0024860874	
4	      0.0000057328	      0.0002736896	      0.0007663495	
5	      0.0000069983	      0.0001654856	      0.0004669028	
6	      0.0000125796	      0.0002736346	      0.0007730434	
7	      0.0000304169	      0.0001856371	      0.0005463249	
8	      0.0000745412	      0.0002706893	      0.0008268195	
9	      0.0001310491	      0.0003204586	      0.0010216424	
10	      0.0001680625	      0.0002855006	      0.0009615033	
11	      0.0001128244	      0.0001822936	      0.0006194405	
12	      0.0000409725	      0.0000958942	      0.0003074742	
13	      0.0000318221	      0.0000290339	      0.0001125109	
14	      0.0000379727	      0.0000330740	      0.0001298893	
15	      0.0000928844	      0.0000575581	      0.0002528452	
16	      0.0001905327	      0.0000205251	      0.0002475744	
17	      0.0004145992	      0.0000947224	      0.0006778441	
18	      0.0014476500	      0.0000396076	      0.0015577243	
19	      0.0033964661	      0.0000372957	      0.0035001153	
20	      0.0034227134	      0.0000278683	      0.0035001627	
21	      0.0034031339	      0.0000349049	      0.0035001387	
22	      0.0033861197	      0.0000410273	      0.0035001395	
23	      0.0033802393	      0.0000433797	      0.0035007969	
24	      0.0008169577	      0.0000077579	      0.0008385179	
25	      0.0000159233	      0.0000516346	      0.0001594221	
26	      0.0000370188	      0.0000087211	      0.0000612557	
27	      0.0000843962	      0.0000021042	      0.0000902441	
28	      0.0009132524	      0.0000020414	      0.0009189258	

FLeg = 0.0409954862
