
    0.000000   -0.686889   -0.726762    0.000054    0.713600   -0.693462    0.000043
    0.000000   -0.686889   -0.726762    0.000054    0.672297   -0.743130   -0.015711
    0.034084   -0.663581   -0.751665   -0.000481    0.695223   -0.718034   -0.015704
    0.068168   -0.639509   -0.775702   -0.001016    0.717168   -0.692312   -0.015679
    0.102252   -0.614705   -0.798852   -0.001550    0.738124   -0.666005   -0.015636
    0.136336   -0.589203   -0.821096   -0.002082    0.758081   -0.639152   -0.015576
    0.170420   -0.563039   -0.842416   -0.002612    0.777033   -0.611792   -0.015499
    0.204504   -0.536246   -0.862795   -0.003138    0.794974   -0.583963   -0.015405
    0.238588   -0.508859   -0.882219   -0.003662    0.811901   -0.555703   -0.015295
    0.272672   -0.480912   -0.900672   -0.004181    0.827809   -0.527048   -0.015169
    0.306756   -0.452440   -0.918142   -0.004695    0.842699   -0.498034   -0.015027
    0.340840   -0.423479   -0.934618   -0.005205    0.856569   -0.468697   -0.014870
    0.374924   -0.394061   -0.950089   -0.005709    0.869420   -0.439073   -0.014699
    0.409008   -0.364223   -0.964546   -0.006207    0.881254   -0.409194   -0.014513
    0.443092   -0.334000   -0.977981   -0.006698    0.892074   -0.379094   -0.014313
    0.477176   -0.303424   -0.990386   -0.007182    0.901883   -0.348806   -0.014099
    0.511260   -0.272531   -1.001756   -0.007659    0.910685   -0.318362   -0.013873
    0.545344   -0.241356   -1.012087   -0.008128    0.918487   -0.287791   -0.013633
    0.579428   -0.209931   -1.021373   -0.008588    0.925293   -0.257126   -0.013381
    0.613512   -0.178292   -1.029614   -0.009040    0.931110   -0.226395   -0.013117
    0.647596   -0.146471   -1.036806   -0.009482    0.935946   -0.195627   -0.012841
    0.681680   -0.114501   -1.042949   -0.009915    0.939809   -0.164850   -0.012554
    0.715764   -0.082417   -1.048043   -0.010338    0.942706   -0.134091   -0.012256
    0.749848   -0.050250   -1.052090   -0.010750    0.944647   -0.103377   -0.011948
    0.783932   -0.018033   -1.055091   -0.011152    0.945640   -0.072734   -0.011629
    0.818016    0.014202   -1.057049   -0.011543    0.945696   -0.042187   -0.011301
    0.852100    0.046423   -1.057968   -0.011922    0.944824   -0.011761   -0.010963
    0.886184    0.078598   -1.057853   -0.012290    0.943035    0.018520   -0.010617
    0.920268    0.110698   -1.056708   -0.012646    0.940340    0.048634   -0.010262
    0.954352    0.142689   -1.054540   -0.012990    0.936749    0.078556   -0.009898
    0.988436    0.174544   -1.051355   -0.013321    0.932274    0.108266   -0.009527
    1.022520    0.206231   -1.047162   -0.013639    0.926926    0.137742   -0.009148
    1.056604    0.237721   -1.041969   -0.013944    0.920717    0.166962   -0.008763
    1.090688    0.268985   -1.035784   -0.014236    0.913658    0.195906   -0.008370
    1.124772    0.299993   -1.028617   -0.014515    0.905763    0.224554   -0.007971
    1.158856    0.330719   -1.020480   -0.014780    0.897042    0.252886   -0.007566
    1.192940    0.361134   -1.011382   -0.015031    0.887509    0.280884   -0.007155
    1.227024    0.391210   -1.001337   -0.015267    0.877176    0.308528   -0.006739
    1.261108    0.420920   -0.990355   -0.015490    0.866056    0.335800   -0.006318
    1.295192    0.450238   -0.978450   -0.015698    0.854161    0.362683   -0.005892
    1.329276    0.479138   -0.965636   -0.015891    0.841505    0.389159   -0.005462
    1.363360    0.507594   -0.951927   -0.016070    0.828099    0.415210   -0.005028
    1.397444    0.535580   -0.937337   -0.016234    0.813959    0.440820   -0.004590
    1.431528    0.563071   -0.921882   -0.016383    0.799096    0.465973   -0.004149
    1.465612    0.590044   -0.905578   -0.016517    0.783524    0.490651   -0.003704
    1.499696    0.616475   -0.888441   -0.016636    0.767257    0.514840   -0.003257
    1.533780    0.642339   -0.870488   -0.016739    0.750307    0.538523   -0.002808
    1.567864    0.667614   -0.851737   -0.016827    0.732690    0.561685   -0.002356
    1.601948    0.692277   -0.832205   -0.016900    0.714418    0.584312   -0.001903
    1.636032    0.716307   -0.811912   -0.016957    0.695506    0.606386   -0.001449
    1.670116    0.739682   -0.790876   -0.016998    0.675967    0.627895   -0.000993
    1.704200    0.762380   -0.769116   -0.017024    0.655816    0.648824   -0.000537
    1.738284    0.784380   -0.746653   -0.017035    0.635067    0.669157   -0.000080
    1.772368    0.805664   -0.723508   -0.017030    0.613734    0.688881    0.000377
    1.806452    0.826211   -0.699701   -0.017009    0.591833    0.707982    0.000834
    1.840536    0.846002   -0.675253   -0.016973    0.569378    0.726445    0.001290
    1.874620    0.865018   -0.650188   -0.016921    0.546384    0.744257    0.001746
    1.908704    0.883242   -0.624526   -0.016854    0.522866    0.761405    0.002200
    1.942788    0.900655   -0.598292   -0.016771    0.498840    0.777874    0.002653
    1.976872    0.917241   -0.571508   -0.016673    0.474321    0.793651    0.003104
    2.010956    0.932983   -0.544198   -0.016560    0.449326    0.808723    0.003553
    2.045040    0.947866   -0.516387   -0.016431    0.423871    0.823077    0.004000
    2.079124    0.961873   -0.488099   -0.016287    0.397971    0.836700    0.004443
    2.113208    0.974990   -0.459360   -0.016128    0.371645    0.849578    0.004884
    2.147292    0.987202   -0.430194   -0.015954    0.344908    0.861698    0.005321
    2.181376    0.998497   -0.400628   -0.015765    0.317779    0.873049    0.005754
    2.215460    1.008860   -0.370689   -0.015562    0.290275    0.883617    0.006184
    2.249544    1.018280   -0.340403   -0.015344    0.262414    0.893390    0.006608
    2.283628    1.026745   -0.309797   -0.015111    0.234215    0.902356    0.007028
    2.317712    1.034243   -0.278900   -0.014865    0.205696    0.910501    0.007443
    2.351796    1.040763   -0.247740   -0.014604    0.176878    0.917815    0.007852
    2.385880    1.046297   -0.216344   -0.014330    0.147780    0.924285    0.008256
    2.419964    1.050834   -0.184743   -0.014041    0.118422    0.929900    0.008653
    2.454048    1.054367   -0.152965   -0.013740    0.088825    0.934647    0.009044
    2.488132    1.056887   -0.121040   -0.013425    0.059011    0.938516    0.009427
    2.522216    1.058387   -0.088998   -0.013097    0.029001    0.941496    0.009803
    2.556300    1.058862   -0.056870   -0.012757   -0.001182    0.943575    0.010172
    2.590384    1.058305   -0.024687   -0.012404   -0.031516    0.944743    0.010533
    2.624468    1.056712    0.007521   -0.012039   -0.061976    0.944990    0.010885
    2.658552    1.054079    0.039721   -0.011662   -0.092538    0.944305    0.011228
    2.692636    1.050403    0.071882   -0.011274   -0.123179    0.942680    0.011562
    2.726720    1.045682    0.103971   -0.010874   -0.153871    0.940105    0.011886
    2.760804    1.039914    0.135956   -0.010464   -0.184589    0.936570    0.012200
    2.794888    1.033099    0.167804   -0.010043   -0.215306    0.932069    0.012504
    2.828972    1.025237    0.199482   -0.009611   -0.245994    0.926592    0.012797
    2.863056    1.016330    0.230957   -0.009170   -0.276626    0.920134    0.013079
    2.897140    1.006381    0.262194   -0.008720   -0.307172    0.912686    0.013349
    2.931224    0.995392    0.293161   -0.008260   -0.337602    0.904243    0.013607
    2.965308    0.983369    0.323823   -0.007792   -0.367885    0.894800    0.013853
    2.999392    0.970316    0.354147   -0.007316   -0.397992    0.884351    0.014086
    3.033476    0.956241    0.384096   -0.006832   -0.427889    0.872894    0.014305
    3.067560    0.941151    0.413639   -0.006341   -0.457544    0.860426    0.014511
    3.101644    0.925054    0.442738   -0.005843   -0.486923    0.846943    0.014703
    3.135728    0.907962    0.471361   -0.005339   -0.515993    0.832446    0.014880
    3.169812    0.889884    0.499473   -0.004829   -0.544718    0.816934    0.015043
    3.203897    0.870834    0.527039   -0.004314   -0.573062    0.800408    0.015190
    3.237981    0.850824    0.554024   -0.003794   -0.600990    0.782871    0.015321
    3.272065    0.829870    0.580394   -0.003270   -0.628464    0.764326    0.015437
    3.306149    0.807989    0.606115   -0.002742   -0.655447    0.744778    0.015536
    3.340233    0.785196    0.631153   -0.002211   -0.681900    0.724233    0.015618
    3.374317    0.761511    0.655473   -0.001677   -0.707786    0.702700    0.015683
    3.374317    0.761508    0.655470   -0.001677   -0.745697    0.673278    0.021626
    3.380201    0.757107    0.659420   -0.001550   -0.750106    0.669459    0.021635
    3.386085    0.752680    0.663348   -0.001423   -0.754500    0.665610    0.021644
    3.391970    0.748228    0.667253   -0.001295   -0.758878    0.661729    0.021652
    3.397854    0.743749    0.671136   -0.001168   -0.763239    0.657817    0.021659
    3.403738    0.739245    0.674995   -0.001040   -0.767584    0.653873    0.021665
    3.409623    0.734716    0.678831   -0.000913   -0.771912    0.649898    0.021671
    3.415507    0.730161    0.682643   -0.000785   -0.776222    0.645891    0.021676
    3.421391    0.725581    0.686432   -0.000658   -0.780516    0.641854    0.021680
    3.427275    0.720975    0.690197   -0.000530   -0.784792    0.637784    0.021684
    3.433160    0.716345    0.693938   -0.000403   -0.789049    0.633684    0.021686
    3.439044    0.711689    0.697655   -0.000275   -0.793289    0.629552    0.021689
    3.444928    0.707009    0.701347   -0.000147   -0.797511    0.625389    0.021690
    3.450813    0.702304    0.705014   -0.000020   -0.801714    0.621195    0.021690
    3.456697    0.697574    0.708657    0.000108   -0.805898    0.616970    0.021690
    3.462581    0.692819    0.712275    0.000235   -0.810063    0.612713    0.021689
    3.468466    0.688041    0.715868    0.000363   -0.814209    0.608426    0.021687
    3.474350    0.683237    0.719436    0.000491   -0.818335    0.604107    0.021685
    3.480234    0.678410    0.722978    0.000618   -0.822441    0.599757    0.021681
    3.486119    0.673558    0.726494    0.000746   -0.826528    0.595376    0.021677
    3.492003    0.668683    0.729984    0.000873   -0.830594    0.590964    0.021672
    3.497887    0.663783    0.733449    0.001001   -0.834639    0.586521    0.021667
    3.503772    0.658860    0.736887    0.001128   -0.838664    0.582047    0.021660
    3.509656    0.653914    0.740298    0.001256   -0.842667    0.577542    0.021653
    3.515540    0.648943    0.743684    0.001383   -0.846649    0.573006    0.021645
    3.521425    0.643950    0.747042    0.001511   -0.850610    0.568440    0.021636
    3.527309    0.638933    0.750373    0.001638   -0.854548    0.563842    0.021626
    3.533193    0.633893    0.753678    0.001765   -0.858465    0.559215    0.021616
    3.539078    0.628830    0.756954    0.001892   -0.862359    0.554556    0.021604
    3.544962    0.623744    0.760204    0.002019   -0.866230    0.549867    0.021592
    3.550846    0.618636    0.763426    0.002146   -0.870079    0.545147    0.021579
    3.556731    0.613504    0.766619    0.002273   -0.873904    0.540397    0.021566
    3.562615    0.608351    0.769785    0.002400   -0.877706    0.535616    0.021551
    3.568499    0.603175    0.772923    0.002527   -0.881484    0.530806    0.021536
    3.574384    0.597977    0.776032    0.002654   -0.885238    0.525964    0.021520
    3.580268    0.592757    0.779113    0.002780   -0.888968    0.521093    0.021503
    3.586152    0.587515    0.782165    0.002907   -0.892673    0.516192    0.021485
    3.592037    0.582252    0.785188    0.003033   -0.896353    0.511260    0.021466
    3.597921    0.576966    0.788181    0.003159   -0.900009    0.506299    0.021447
    3.603805    0.571660    0.791146    0.003285   -0.903639    0.501308    0.021426
    3.609690    0.566332    0.794081    0.003411   -0.907243    0.496287    0.021405
    3.615574    0.560983    0.796987    0.003537   -0.910822    0.491236    0.021383
    3.621458    0.555613    0.799862    0.003663   -0.914374    0.486155    0.021360
    3.627343    0.550222    0.802708    0.003789   -0.917900    0.481045    0.021336
    3.633227    0.544810    0.805523    0.003914   -0.921400    0.475906    0.021312
    3.639111    0.539378    0.808309    0.004039   -0.924872    0.470738    0.021286
    3.644996    0.533926    0.811063    0.004165   -0.928317    0.465540    0.021260
    3.650880    0.528453    0.813787    0.004290   -0.931735    0.460313    0.021233
    3.656764    0.522961    0.816480    0.004415   -0.935125    0.455057    0.021205
    3.662649    0.517448    0.819143    0.004539   -0.938486    0.449772    0.021176
    3.668533    0.511916    0.821774    0.004664   -0.941820    0.444458    0.021146
    3.674417    0.506364    0.824373    0.004788   -0.945124    0.439116    0.021115
    3.680302    0.500793    0.826941    0.004912   -0.948400    0.433745    0.021084
    3.686186    0.495203    0.829478    0.005036   -0.951647    0.428345    0.021051
    3.692070    0.489594    0.831982    0.005160   -0.954864    0.422918    0.021018
    3.697955    0.483965    0.834455    0.005284   -0.958051    0.417462    0.020984
    3.703839    0.478319    0.836895    0.005407   -0.961208    0.411978    0.020949
    3.709723    0.472653    0.839303    0.005530   -0.964336    0.406466    0.020913
    3.715608    0.466970    0.841679    0.005653   -0.967432    0.400927    0.020876
    3.721492    0.461268    0.844022    0.005776   -0.970498    0.395359    0.020838
    3.727376    0.455548    0.846332    0.005898   -0.973532    0.389765    0.020799
    3.733261    0.449811    0.848609    0.006021   -0.976535    0.384142    0.020760
    3.739145    0.444056    0.850852    0.006143   -0.979507    0.378493    0.020719
    3.745029    0.438284    0.853063    0.006264   -0.982446    0.372817    0.020678
    3.750914    0.432494    0.855240    0.006386   -0.985353    0.367113    0.020636
    3.756798    0.426687    0.857383    0.006507   -0.988228    0.361383    0.020593
    3.762682    0.420864    0.859493    0.006628   -0.991070    0.355627    0.020549
    3.768567    0.415024    0.861568    0.006749   -0.993878    0.349844    0.020504
    3.774451    0.409167    0.863610    0.006870   -0.996654    0.344034    0.020458
    3.780335    0.403295    0.865617    0.006990   -0.999395    0.338199    0.020411
    3.786220    0.397406    0.867590    0.007110   -1.002103    0.332337    0.020363
    3.792104    0.391501    0.869528    0.007229   -1.004777    0.326450    0.020315
    3.797988    0.385581    0.871432    0.007349   -1.007416    0.320538    0.020265
    3.803873    0.379645    0.873301    0.007468   -1.010020    0.314600    0.020215
    3.809757    0.373695    0.875134    0.007587   -1.012590    0.308636    0.020164
    3.815641    0.367729    0.876933    0.007705   -1.015124    0.302648    0.020111
    3.821526    0.361748    0.878696    0.007823   -1.017622    0.296635    0.020058
    3.827410    0.355753    0.880424    0.007941   -1.020085    0.290598    0.020004
    3.833294    0.349743    0.882116    0.008059   -1.022511    0.284536    0.019949
    3.839178    0.343719    0.883772    0.008176   -1.024901    0.278449    0.019893
    3.845063    0.337681    0.885393    0.008293   -1.027255    0.272339    0.019836
    3.850947    0.331630    0.886977    0.008410   -1.029571    0.266205    0.019778
    3.856831    0.325565    0.888526    0.008526   -1.031850    0.260047    0.019720
    3.862716    0.319486    0.890038    0.008642   -1.034092    0.253866    0.019660
    3.868600    0.313395    0.891513    0.008757   -1.036296    0.247662    0.019599
    3.874484    0.307291    0.892952    0.008872   -1.038462    0.241435    0.019538
    3.880369    0.301174    0.894355    0.008987   -1.040589    0.235186    0.019475
    3.886253    0.295044    0.895720    0.009101   -1.042678    0.228914    0.019412
    3.892137    0.288903    0.897049    0.009216   -1.044729    0.222619    0.019348
    3.898022    0.282749    0.898340    0.009329   -1.046740    0.216303    0.019282
    3.903906    0.276584    0.899594    0.009442   -1.048712    0.209965    0.019216
    3.909790    0.270408    0.900811    0.009555   -1.050644    0.203605    0.019149
    3.915675    0.264220    0.901990    0.009668   -1.052536    0.197224    0.019081
    3.921559    0.258021    0.903132    0.009780   -1.054388    0.190822    0.019012
    3.927443    0.251811    0.904236    0.009892   -1.056200    0.184400    0.018942
    3.933328    0.245591    0.905302    0.010003   -1.057971    0.177957    0.018871
    3.939212    0.239360    0.906330    0.010114   -1.059701    0.171493    0.018800
    3.945096    0.233120    0.907320    0.010224   -1.061390    0.165010    0.018727
    3.950981    0.226869    0.908272    0.010334   -1.063037    0.158507    0.018653
    3.956865    0.220609    0.909186    0.010444   -1.064643    0.151985    0.018579
    3.956865    0.220612    0.909187    0.010444   -1.064636    0.151994    0.018579

    0.000000    0.220612    0.909187    0.010444   -1.064636    0.151994    0.018579
    3.956865    0.220612    0.909187    0.010444   -1.064636    0.151994    0.018579
    3.976747    0.199393    0.911989    0.010810   -1.069750    0.129817    0.018320
    3.996630    0.178077    0.914348    0.011172   -1.074376    0.107431    0.018051
    4.016512    0.156674    0.916260    0.011528   -1.078505    0.084850    0.017770
    4.036394    0.135194    0.917721    0.011879   -1.082128    0.062085    0.017480
    4.056276    0.113647    0.918727    0.012223   -1.085236    0.039147    0.017179
    4.076159    0.092044    0.919276    0.012562   -1.087820    0.016051    0.016867
    4.096041    0.070394    0.919365    0.012894   -1.089873   -0.007191    0.016546
    4.115923    0.048709    0.918990    0.013219   -1.091387   -0.030566    0.016214
    4.135805    0.026999    0.918149    0.013538   -1.092355   -0.054058    0.015871
    4.155687    0.005276    0.916839    0.013850   -1.092770   -0.077655    0.015519
    4.175570   -0.016450    0.915060    0.014155   -1.092625   -0.101340    0.015157
    4.195452   -0.038168    0.912809    0.014453   -1.091915   -0.125099    0.014785
    4.215334   -0.059866    0.910085    0.014743   -1.090634   -0.148916    0.014404
    4.235216   -0.081533    0.906887    0.015026   -1.088777   -0.172775    0.014013
    4.255099   -0.103157    0.903215    0.015300   -1.086340   -0.196659    0.013613
    4.274981   -0.124727    0.899067    0.015567   -1.083318   -0.220553    0.013204
    4.294863   -0.146230    0.894445    0.015825   -1.079710   -0.244440    0.012785
    4.314745   -0.167657    0.889347    0.016075   -1.075511   -0.268301    0.012359
    4.334628   -0.188994    0.883776    0.016317   -1.070719   -0.292121    0.011924
    4.354510   -0.210229    0.877732    0.016550   -1.065334   -0.315880    0.011480
    4.374392   -0.231352    0.871216    0.016773   -1.059355   -0.339562    0.011029
    4.394274   -0.252350    0.864230    0.016988   -1.052780   -0.363149    0.010570
    4.414157   -0.273211    0.856776    0.017194   -1.045612   -0.386622    0.010104
    4.434039   -0.293924    0.848857    0.017390   -1.037851   -0.409963    0.009631
    4.453921   -0.314477    0.840475    0.017576   -1.029498   -0.433155    0.009151
    4.473803   -0.334858    0.831634    0.017754   -1.020557   -0.456178    0.008664
    4.493686   -0.355055    0.822337    0.017921   -1.011031   -0.479015    0.008172
    4.513568   -0.375057    0.812587    0.018078   -1.000924   -0.501648    0.007673
    4.533450   -0.394853    0.802390    0.018226   -0.990241   -0.524057    0.007169
    4.553332   -0.414430    0.791750    0.018364   -0.978986   -0.546227    0.006661
    4.573215   -0.433778    0.780672    0.018491   -0.967167   -0.568137    0.006147
    4.593097   -0.452885    0.769160    0.018608   -0.954790   -0.589772    0.005629
    4.612979   -0.471741    0.757222    0.018715   -0.941862   -0.611112    0.005107
    4.632861   -0.490334    0.744862    0.018811   -0.928392   -0.632142    0.004582
    4.652744   -0.508654    0.732087    0.018897   -0.914390   -0.652845    0.004053
    4.672626   -0.526691    0.718904    0.018972   -0.899863   -0.673202    0.003522
    4.692508   -0.544434    0.705320    0.019037   -0.884824   -0.693200    0.002988
    4.712390   -0.561872    0.691342    0.019091   -0.869282   -0.712820    0.002453
    4.732273   -0.578997    0.676977    0.019134   -0.853250   -0.732049    0.001916
    4.752155   -0.595798    0.662235    0.019167   -0.836739   -0.750871    0.001377
    4.772037   -0.612266    0.647122    0.019189   -0.819762   -0.769272    0.000838
    4.791919   -0.628392    0.631648    0.019201   -0.802332   -0.787237    0.000299
    4.811801   -0.644168    0.615821    0.019201   -0.784463   -0.804753   -0.000240
    4.831684   -0.659583    0.599651    0.019191   -0.766170   -0.821808   -0.000779
    4.851566   -0.674631    0.583146    0.019170   -0.747467   -0.838388   -0.001317
    4.871448   -0.689303    0.566316    0.019139   -0.728370   -0.854483   -0.001853
    4.891330   -0.703592    0.549171    0.019096   -0.708893   -0.870080   -0.002388
    4.911213   -0.717490    0.531721    0.019044   -0.689053   -0.885171   -0.002920
    4.931095   -0.730990    0.513976    0.018980   -0.668867   -0.899744   -0.003450
    4.950977   -0.744085    0.495946    0.018907   -0.648350   -0.913791   -0.003977
    4.970859   -0.756769    0.477643    0.018822   -0.627520   -0.927303   -0.004501
    4.990742   -0.769036    0.459076    0.018728   -0.606394   -0.940273   -0.005021
    5.010624   -0.780880    0.440257    0.018623   -0.584990   -0.952693   -0.005536
    5.030506   -0.792296    0.421197    0.018507   -0.563324   -0.964557   -0.006048
    5.050388   -0.803279    0.401906    0.018382   -0.541415   -0.975860   -0.006554
    5.070271   -0.813823    0.382396    0.018247   -0.519279   -0.986596   -0.007056
    5.090153   -0.823926    0.362678    0.018102   -0.496936   -0.996761   -0.007552
    5.110035   -0.833583    0.342764    0.017947   -0.474402   -1.006351   -0.008042
    5.129917   -0.842789    0.322665    0.017782   -0.451697   -1.015365   -0.008526
    5.149800   -0.851543    0.302392    0.017608   -0.428836   -1.023798   -0.009003
    5.169682   -0.859841    0.281958    0.017424   -0.405839   -1.031651   -0.009474
    5.189564   -0.867680    0.261373    0.017231   -0.382723   -1.038921   -0.009938
    5.209446   -0.875059    0.240650    0.017029   -0.359505   -1.045610   -0.010394
    5.229329   -0.881975    0.219799    0.016818   -0.336202   -1.051717   -0.010843
    5.249211   -0.888427    0.198832    0.016598   -0.312833   -1.057243   -0.011284
    5.269093   -0.894414    0.177762    0.016369   -0.289413   -1.062190   -0.011717
    5.288975   -0.899936    0.156599    0.016132   -0.265960   -1.066561   -0.012142
    5.308858   -0.904990    0.135354    0.015886   -0.242490   -1.070357   -0.012558
    5.328740   -0.909578    0.114040    0.015633   -0.219019   -1.073583   -0.012966
    5.348622   -0.913699    0.092668    0.015371   -0.195564   -1.076243   -0.013365
    5.368504   -0.917355    0.071248    0.015101   -0.172139   -1.078340   -0.013755
    5.388387   -0.920545    0.049792    0.014824   -0.148760   -1.079880   -0.014135
    5.408269   -0.923271    0.028311    0.014539   -0.125442   -1.080868   -0.014507
    5.428151   -0.925533    0.006815    0.014247   -0.102199   -1.081310   -0.014868
    5.448033   -0.927335   -0.014684    0.013948   -0.079046   -1.081212   -0.015221
    5.467915   -0.928677   -0.036175    0.013642   -0.055996   -1.080581   -0.015563
    5.487798   -0.929562   -0.057649    0.013329   -0.033063   -1.079423   -0.015896
    5.507680   -0.929993   -0.079094    0.013010   -0.010260   -1.077746   -0.016219
    5.527562   -0.929971   -0.100501    0.012684    0.012401   -1.075558   -0.016532
    5.547444   -0.929501   -0.121860    0.012353    0.034908   -1.072867   -0.016835
    5.567327   -0.928584   -0.143160    0.012015    0.057250   -1.069681   -0.017128
    5.587209   -0.927225   -0.164392    0.011672    0.079413   -1.066008   -0.017411
    5.607091   -0.925428   -0.185546    0.011323    0.101389   -1.061858   -0.017684
    5.626973   -0.923195   -0.206613    0.010968    0.123166   -1.057238   -0.017947
    5.646856   -0.920531   -0.227584    0.010609    0.144735   -1.052159   -0.018199
    5.666738   -0.917441   -0.248449    0.010245    0.166086   -1.046630   -0.018441
    5.686620   -0.913929   -0.269199    0.009876    0.187210   -1.040659   -0.018673
    5.706502   -0.909998   -0.289827    0.009502    0.208098   -1.034257   -0.018895
    5.726385   -0.905655   -0.310323    0.009125    0.228742   -1.027434   -0.019107
    5.746267   -0.900904   -0.330680    0.008743    0.249134   -1.020199   -0.019309
    5.766149   -0.895750   -0.350888    0.008357    0.269266   -1.012562   -0.019500
    5.786031   -0.890199   -0.370941    0.007967    0.289133   -1.004532   -0.019682
    5.805914   -0.884255   -0.390831    0.007574    0.308726   -0.996121   -0.019854
    5.825796   -0.877924   -0.410549    0.007178    0.328040   -0.987338   -0.020015
    5.845678   -0.871213   -0.430089    0.006778    0.347069   -0.978193   -0.020167
    5.865560   -0.864125   -0.449444    0.006376    0.365808   -0.968696   -0.020309
    5.885443   -0.856668   -0.468607    0.005971    0.384250   -0.958857   -0.020441
    5.905325   -0.848848   -0.487570    0.005563    0.402393   -0.948686   -0.020564
    5.925207   -0.840669   -0.506329    0.005153    0.420230   -0.938193   -0.020677
    5.925207   -0.840692   -0.506319    0.005154    0.470499   -0.906698   -0.017546
    5.928059   -0.839347   -0.508903    0.005104    0.473034   -0.905167   -0.017562
    5.930912   -0.837994   -0.511483    0.005054    0.475562   -0.903629   -0.017577
    5.933764   -0.836634   -0.514058    0.005004    0.478086   -0.902084   -0.017592
    5.936617   -0.835266   -0.516629    0.004953    0.480603   -0.900531   -0.017607
    5.939469   -0.833892   -0.519196    0.004903    0.483115   -0.898973   -0.017622
    5.942322   -0.832510   -0.521758    0.004853    0.485622   -0.897407   -0.017637
    5.945174   -0.831121   -0.524315    0.004803    0.488123   -0.895834   -0.017651
    5.948026   -0.829726   -0.526868    0.004752    0.490618   -0.894255   -0.017665
    5.950879   -0.828323   -0.529417    0.004702    0.493108   -0.892669   -0.017680
    5.953731   -0.826912   -0.531961    0.004651    0.495592   -0.891076   -0.017694
    5.956584   -0.825495   -0.534500    0.004601    0.498070   -0.889476   -0.017708
    5.959436   -0.824071   -0.537035    0.004550    0.500543   -0.887870   -0.017721
    5.962288   -0.822640   -0.539565    0.004500    0.503010   -0.886257   -0.017735
    5.965141   -0.821201   -0.542091    0.004449    0.505472   -0.884637   -0.017748
    5.967993   -0.819756   -0.544612    0.004399    0.507927   -0.883011   -0.017761
    5.970846   -0.818304   -0.547128    0.004348    0.510377   -0.881378   -0.017775
    5.973698   -0.816845   -0.549640    0.004297    0.512822   -0.879739   -0.017787
    5.976551   -0.815378   -0.552147    0.004246    0.515260   -0.878093   -0.017800
    5.979403   -0.813905   -0.554649    0.004196    0.517693   -0.876440   -0.017813
    5.982255   -0.812425   -0.557147    0.004145    0.520120   -0.874781   -0.017825
    5.985108   -0.810938   -0.559640    0.004094    0.522541   -0.873116   -0.017838
    5.987960   -0.809444   -0.562128    0.004043    0.524956   -0.871444   -0.017850
    5.990813   -0.807943   -0.564611    0.003992    0.527365   -0.869765   -0.017862
    5.993665   -0.806435   -0.567090    0.003941    0.529769   -0.868080   -0.017873
    5.996517   -0.804921   -0.569564    0.003890    0.532166   -0.866389   -0.017885
    5.999370   -0.803400   -0.572032    0.003839    0.534558   -0.864691   -0.017897
    6.002222   -0.801871   -0.574496    0.003788    0.536944   -0.862987   -0.017908
    6.005075   -0.800336   -0.576956    0.003737    0.539324   -0.861277   -0.017919
    6.007927   -0.798795   -0.579410    0.003686    0.541698   -0.859560   -0.017930
    6.010780   -0.797246   -0.581859    0.003635    0.544066   -0.857837   -0.017941
    6.013632   -0.795691   -0.584304    0.003583    0.546428   -0.856108   -0.017952
    6.016484   -0.794129   -0.586743    0.003532    0.548784   -0.854372   -0.017962
    6.019337   -0.792560   -0.589178    0.003481    0.551135   -0.852631   -0.017973
    6.022189   -0.790985   -0.591607    0.003430    0.553479   -0.850883   -0.017983
    6.025042   -0.789403   -0.594032    0.003378    0.555817   -0.849129   -0.017993
    6.027894   -0.787814   -0.596451    0.003327    0.558149   -0.847368   -0.018003
    6.030746   -0.786218   -0.598866    0.003276    0.560475   -0.845602   -0.018013
    6.033599   -0.784616   -0.601275    0.003224    0.562795   -0.843829   -0.018022
    6.036451   -0.783008   -0.603680    0.003173    0.565109   -0.842051   -0.018032
    6.039304   -0.781393   -0.606079    0.003121    0.567417   -0.840266   -0.018041
    6.042156   -0.779771   -0.608473    0.003070    0.569718   -0.838475   -0.018050
    6.045009   -0.778142   -0.610863    0.003018    0.572014   -0.836679   -0.018059
    6.047861   -0.776508   -0.613247    0.002967    0.574304   -0.834876   -0.018068
    6.050713   -0.774866   -0.615625    0.002915    0.576587   -0.833067   -0.018077
    6.053566   -0.773218   -0.617999    0.002864    0.578864   -0.831253   -0.018085
    6.056418   -0.771564   -0.620368    0.002812    0.581135   -0.829432   -0.018093
    6.059271   -0.769903   -0.622731    0.002761    0.583400   -0.827606   -0.018102
    6.062123   -0.768236   -0.625089    0.002709    0.585659   -0.825773   -0.018110
    6.064975   -0.766562   -0.627442    0.002657    0.587911   -0.823935   -0.018117
    6.067828   -0.764882   -0.629789    0.002606    0.590157   -0.822091   -0.018125
    6.070680   -0.763195   -0.632132    0.002554    0.592397   -0.820241   -0.018133
    6.073533   -0.761502   -0.634469    0.002502    0.594631   -0.818386   -0.018140
    6.076385   -0.759803   -0.636800    0.002450    0.596858   -0.816524   -0.018147
    6.079237   -0.758097   -0.639127    0.002399    0.599080   -0.814657   -0.018155
    6.082090   -0.756385   -0.641448    0.002347    0.601295   -0.812784   -0.018161
    6.084942   -0.754667   -0.643764    0.002295    0.603503   -0.810906   -0.018168
    6.087795   -0.752942   -0.646074    0.002243    0.605706   -0.809022   -0.018175
    6.090647   -0.751211   -0.648379    0.002191    0.607902   -0.807132   -0.018181
    6.093500   -0.749474   -0.650678    0.002139    0.610091   -0.805236   -0.018188
    6.096352   -0.747731   -0.652973    0.002088    0.612275   -0.803335   -0.018194
    6.099204   -0.745981   -0.655261    0.002036    0.614451   -0.801429   -0.018200
    6.102057   -0.744226   -0.657545    0.001984    0.616622   -0.799516   -0.018206
    6.104909   -0.742464   -0.659822    0.001932    0.618786   -0.797599   -0.018211
    6.107762   -0.740696   -0.662095    0.001880    0.620944   -0.795675   -0.018217
    6.110614   -0.738921   -0.664362    0.001828    0.623096   -0.793747   -0.018222
    6.113466   -0.737141   -0.666623    0.001776    0.625241   -0.791813   -0.018228
    6.116319   -0.735354   -0.668879    0.001724    0.627379   -0.789873   -0.018233
    6.119171   -0.733562   -0.671129    0.001672    0.629511   -0.787928   -0.018238
    6.122024   -0.731763   -0.673374    0.001620    0.631637   -0.785977   -0.018242
    6.124876   -0.729958   -0.675613    0.001568    0.633756   -0.784022   -0.018247
    6.127729   -0.728148   -0.677846    0.001516    0.635869   -0.782060   -0.018251
    6.130581   -0.726331   -0.680074    0.001464    0.637975   -0.780094   -0.018256
    6.133433   -0.724508   -0.682297    0.001412    0.640075   -0.778122   -0.018260
    6.136286   -0.722679   -0.684513    0.001359    0.642169   -0.776145   -0.018264
    6.139138   -0.720845   -0.686725    0.001307    0.644255   -0.774163   -0.018268
    6.141991   -0.719004   -0.688930    0.001255    0.646336   -0.772175   -0.018271
    6.144843   -0.717158   -0.691130    0.001203    0.648410   -0.770182   -0.018275
    6.147695   -0.715305   -0.693324    0.001151    0.650477   -0.768184   -0.018278
    6.150548   -0.713447   -0.695512    0.001099    0.652537   -0.766181   -0.018282
    6.153400   -0.711582   -0.697695    0.001047    0.654592   -0.764173   -0.018285
    6.156253   -0.709712   -0.699871    0.000995    0.656639   -0.762160   -0.018288
    6.159105   -0.707836   -0.702043    0.000942    0.658680   -0.760141   -0.018290
    6.161958   -0.705955   -0.704208    0.000890    0.660714   -0.758118   -0.018293
    6.164810   -0.704067   -0.706368    0.000838    0.662742   -0.756089   -0.018296
    6.167662   -0.702174   -0.708521    0.000786    0.664763   -0.754056   -0.018298
    6.170515   -0.700275   -0.710669    0.000734    0.666778   -0.752017   -0.018300
    6.173367   -0.698370   -0.712811    0.000681    0.668786   -0.749973   -0.018302
    6.176220   -0.696459   -0.714948    0.000629    0.670787   -0.747925   -0.018304
    6.179072   -0.694543   -0.717078    0.000577    0.672782   -0.745872   -0.018306
    6.181924   -0.692621   -0.719203    0.000525    0.674770   -0.743813   -0.018307
    6.184777   -0.690694   -0.721322    0.000473    0.676751   -0.741750   -0.018309
    6.187629   -0.688761   -0.723434    0.000420    0.678726   -0.739682   -0.018310
    6.190482   -0.686822   -0.725541    0.000368    0.680694   -0.737609   -0.018311
    6.193334   -0.684877   -0.727642    0.000316    0.682655   -0.735531   -0.018312
    6.196187   -0.682927   -0.729737    0.000264    0.684609   -0.733449   -0.018313
    6.199039   -0.680972   -0.731827    0.000211    0.686557   -0.731361   -0.018314
    6.201891   -0.679011   -0.733910    0.000159    0.688498   -0.729269   -0.018314
    6.204744   -0.677044   -0.735987    0.000107    0.690433   -0.727172   -0.018315
    6.207596   -0.675072   -0.738058    0.000055    0.692360   -0.725071   -0.018315
    6.207596   -0.675072   -0.738058    0.000055    0.692363   -0.725071   -0.018315

    0.000000   -0.675072   -0.738058    0.000055    0.692363   -0.725071   -0.018315
    6.207596   -0.675072   -0.738058    0.000055    0.694596   -0.727899   -0.014855
    6.249244   -0.645568   -0.767727   -0.000564    0.721966   -0.696694   -0.014845
    6.290892   -0.614956   -0.796077   -0.001181    0.747868   -0.664562   -0.014809
    6.332539   -0.583295   -0.823070   -0.001797    0.772281   -0.631576   -0.014748
    6.374187   -0.550649   -0.848673   -0.002410    0.795188   -0.597807   -0.014663
    6.415835   -0.517081   -0.872855   -0.003018    0.816575   -0.563326   -0.014554
    6.457482   -0.482653   -0.895587   -0.003622    0.836432   -0.528203   -0.014423
    6.499130   -0.447431   -0.916844   -0.004219    0.854751   -0.492507   -0.014268
    6.540778   -0.411478   -0.936603   -0.004810    0.871529   -0.456304   -0.014092
    6.582425   -0.374858   -0.954846   -0.005393    0.886764   -0.419662   -0.013894
    6.624073   -0.337636   -0.971554   -0.005967    0.900456   -0.382644   -0.013676
    6.665721   -0.299876   -0.986714   -0.006531    0.912610   -0.345314   -0.013438
    6.707368   -0.261641   -1.000313   -0.007086    0.923231   -0.307733   -0.013180
    6.749016   -0.222996   -1.012344   -0.007629    0.932327   -0.269962   -0.012904
    6.790664   -0.184004   -1.022798   -0.008160    0.939908   -0.232058   -0.012610
    6.832312   -0.144727   -1.031672   -0.008679    0.945986   -0.194079   -0.012299
    6.873959   -0.105228   -1.038964   -0.009185    0.950574   -0.156079   -0.011971
    6.915607   -0.065569   -1.044673   -0.009676    0.953687   -0.118112   -0.011627
    6.957255   -0.025810   -1.048803   -0.010153    0.955342   -0.080231   -0.011268
    6.998902    0.013987   -1.051358   -0.010614    0.955555   -0.042484   -0.010895
    7.040550    0.053763   -1.052344   -0.011060    0.954346   -0.004922   -0.010508
    7.082198    0.093460   -1.051771   -0.011490    0.951735    0.032409   -0.010108
    7.123845    0.133019   -1.049649   -0.011902    0.947742    0.069464   -0.009696
    7.165493    0.172384   -1.045990   -0.012297    0.942389    0.106197   -0.009271
    7.207141    0.211497   -1.040808   -0.012674    0.935700    0.142567   -0.008836
    7.248788    0.250305   -1.034120   -0.013033    0.927696    0.178532   -0.008391
    7.290436    0.288752   -1.025943   -0.013373    0.918402    0.214052   -0.007935
    7.332084    0.326786   -1.016297   -0.013694    0.907843    0.249088   -0.007471
    7.373732    0.364354   -1.005203   -0.013995    0.896043    0.283603   -0.006998
    7.415379    0.401405   -0.992682   -0.014277    0.883028    0.317560   -0.006518
    7.457027    0.437890   -0.978760   -0.014538    0.868824    0.350924   -0.006030
    7.498675    0.473758   -0.963460   -0.014779    0.853458    0.383662   -0.005536
    7.540322    0.508963   -0.946811   -0.014999    0.836956    0.415740   -0.005036
    7.581970    0.543457   -0.928841   -0.015198    0.819346    0.447127   -0.004531
    7.623618    0.577196   -0.909578   -0.015376    0.800654    0.477791   -0.004021
    7.665265    0.610133   -0.889053   -0.015533    0.780909    0.507703   -0.003507
    7.706913    0.642227   -0.867299   -0.015668    0.760139    0.536832   -0.002989
    7.748561    0.673436   -0.844349   -0.015782    0.738371    0.565151   -0.002469
    7.790208    0.703717   -0.820237   -0.015874    0.715636    0.592633   -0.001946
    7.831856    0.733032   -0.794997   -0.015944    0.691960    0.619249   -0.001422
    7.873504    0.761341   -0.768668   -0.015992    0.667375    0.644975   -0.000897
    7.915152    0.788609   -0.741287   -0.016019    0.641909    0.669784   -0.000371
    7.956799    0.814798   -0.712891   -0.016023    0.615591    0.693653    0.000155
    7.998447    0.839873   -0.683522   -0.016006    0.588453    0.716555    0.000681
    8.040095    0.863802   -0.653219   -0.015966    0.560524    0.738469    0.001205
    8.081742    0.886552   -0.622025   -0.015905    0.531835    0.759370    0.001727
    8.123390    0.908091   -0.589982   -0.015823    0.502418    0.779237    0.002247
    8.165038    0.928391   -0.557133   -0.015718    0.472303    0.798048    0.002764
    8.206685    0.947423   -0.523523   -0.015592    0.441524    0.815780    0.003278
    8.248333    0.965159   -0.489197   -0.015445    0.410111    0.832413    0.003788
    8.289981    0.981575   -0.454202   -0.015277    0.378099    0.847926    0.004293
    8.331628    0.996645   -0.418585   -0.015088    0.345519    0.862300    0.004793
    8.373276    1.010348   -0.382393   -0.014878    0.312407    0.875514    0.005288
    8.414924    1.022660   -0.345675   -0.014647    0.278797    0.887551    0.005776
    8.456571    1.033564   -0.308481   -0.014397    0.244723    0.898390    0.006257
    8.498219    1.043039   -0.270860   -0.014126    0.210222    0.908015    0.006731
    8.539867    1.051069   -0.232864   -0.013836    0.175330    0.916408    0.007197
    8.581515    1.057638   -0.194545   -0.013527    0.140083    0.923552    0.007654
    8.623162    1.062733   -0.155954   -0.013199    0.104521    0.929430    0.008102
    8.664810    1.066340   -0.117145   -0.012852    0.068681    0.934027    0.008541
    8.706458    1.068450   -0.078172   -0.012488    0.032602    0.937327    0.008969
    8.748105    1.069053   -0.039089   -0.012105   -0.003674    0.939317    0.009387
    8.789753    1.068142    0.000050   -0.011706   -0.040106    0.939982    0.009793
    8.831401    1.065711    0.039189   -0.011290   -0.076653    0.939309    0.010186
    8.873048    1.061756    0.078272   -0.010858   -0.113271    0.937287    0.010568
    8.914696    1.056276    0.117242   -0.010410   -0.149916    0.933904    0.010935
    8.956344    1.049269    0.156042   -0.009947   -0.186543    0.929149    0.011290
    8.997991    1.040738    0.194616   -0.009470   -0.223105    0.923014    0.011629
    9.039639    1.030687    0.232906   -0.008978   -0.259556    0.915490    0.011954
    9.081287    1.019121    0.270853   -0.008474   -0.295846    0.906571    0.012263
    9.122935    1.006047    0.308400   -0.007957   -0.331927    0.896250    0.012556
    9.164582    0.991476    0.345487   -0.007428   -0.367748    0.884524    0.012831
    9.206230    0.975420    0.382057   -0.006889   -0.403256    0.871388    0.013090
    9.247878    0.957892    0.418050   -0.006338   -0.438399    0.856843    0.013330
    9.289525    0.938909    0.453408   -0.005779   -0.473123    0.840889    0.013552
    9.331173    0.918490    0.488073   -0.005210   -0.507373    0.823527    0.013755
    9.372821    0.896655    0.521985   -0.004633   -0.541093    0.804762    0.013938
    9.414468    0.873427    0.555086   -0.004049   -0.574225    0.784601    0.014100
    9.456116    0.848833    0.587319   -0.003459   -0.606711    0.763051    0.014242
    9.497764    0.822901    0.618626   -0.002863   -0.638493    0.740123    0.014362
    9.539411    0.795660    0.648949   -0.002263   -0.669510    0.715831    0.014460
    9.581059    0.767145    0.678233   -0.001659   -0.699701    0.690190    0.014536
    9.622707    0.737391    0.706420   -0.001052   -0.729006    0.663219    0.014589
    9.664355    0.706436    0.733458   -0.000444   -0.757361    0.634940    0.014618
    9.706002    0.674320    0.759290    0.000165   -0.784706    0.605376    0.014624
    9.747650    0.641088    0.783865    0.000774   -0.810976    0.574555    0.014605
    9.789298    0.606785    0.807131    0.001381   -0.836110    0.542509    0.014561
    9.830945    0.571461    0.829037    0.001986   -0.860043    0.509271    0.014493
    9.872593    0.535165    0.849535    0.002588   -0.882715    0.474879    0.014399
    9.914241    0.497953    0.868577    0.003185   -0.904062    0.439376    0.014280
    9.955888    0.459880    0.886118    0.003777   -0.924023    0.402806    0.014135
    9.997536    0.421006    0.902115    0.004362   -0.942538    0.365218    0.013964
   10.039184    0.381392    0.916525    0.004940   -0.959546    0.326665    0.013767
   10.080831    0.341102    0.929312    0.005508   -0.974991    0.287204    0.013543
   10.122479    0.300202    0.940436    0.006067   -0.988814    0.246897    0.013294
   10.164127    0.258762    0.949866    0.006615   -1.000963    0.205808    0.013018
   10.205775    0.216851    0.957569    0.007151   -1.011385    0.164006    0.012716
   10.247422    0.174543    0.963518    0.007674   -1.020031    0.121564    0.012389
   10.289070    0.131912    0.967687    0.008183   -1.026854    0.078560    0.012036
   10.330718    0.089036    0.970055    0.008676   -1.031811    0.035073    0.011657
   10.330718    0.089020    0.970054    0.008676   -0.999432    0.074787    0.012027
   10.336785    0.082954    0.970488    0.008749   -0.999996    0.068418    0.011970
   10.342852    0.076885    0.970884    0.008822   -1.000521    0.062044    0.011912
   10.348919    0.070813    0.971241    0.008894   -1.001006    0.055666    0.011854
   10.354987    0.064738    0.971560    0.008966   -1.001451    0.049284    0.011795
   10.361054    0.058661    0.971839    0.009037   -1.001857    0.042898    0.011736
   10.367121    0.052582    0.972080    0.009108   -1.002222    0.036508    0.011676
   10.373188    0.046500    0.972282    0.009179   -1.002548    0.030114    0.011616
   10.379256    0.040416    0.972446    0.009249   -1.002834    0.023717    0.011556
   10.385323    0.034331    0.972570    0.009319   -1.003080    0.017317    0.011495
   10.391390    0.028244    0.972656    0.009388   -1.003286    0.010914    0.011433
   10.397457    0.022157    0.972702    0.009458   -1.003452    0.004509    0.011371
   10.403525    0.016068    0.972710    0.009526   -1.003578   -0.001899    0.011308
   10.409592    0.009979    0.972679    0.009595   -1.003664   -0.008309    0.011245
   10.415659    0.003889    0.972610    0.009663   -1.003709   -0.014721    0.011182
   10.421727   -0.002201    0.972501    0.009730   -1.003715   -0.021134    0.011118
   10.427794   -0.008290    0.972353    0.009798   -1.003680   -0.027549    0.011054
   10.433861   -0.014380    0.972166    0.009865   -1.003606   -0.033965    0.010989
   10.439928   -0.020469    0.971941    0.009931   -1.003491   -0.040382    0.010923
   10.445996   -0.026557    0.971676    0.009997   -1.003335   -0.046800    0.010858
   10.452063   -0.032644    0.971373    0.010063   -1.003140   -0.053218    0.010791
   10.458130   -0.038729    0.971031    0.010128   -1.002904   -0.059636    0.010725
   10.464197   -0.044813    0.970649    0.010193   -1.002628   -0.066054    0.010657
   10.470265   -0.050896    0.970229    0.010257   -1.002311   -0.072472    0.010590
   10.476332   -0.056976    0.969770    0.010321   -1.001954   -0.078890    0.010522
   10.482399   -0.063054    0.969272    0.010385   -1.001557   -0.085306    0.010453
   10.488466   -0.069129    0.968735    0.010448   -1.001120   -0.091722    0.010384
   10.494534   -0.075202    0.968159    0.010511   -1.000642   -0.098136    0.010315
   10.500601   -0.081271    0.967544    0.010573   -1.000123   -0.104549    0.010245
   10.506668   -0.087338    0.966890    0.010635   -0.999564   -0.110960    0.010175
   10.512735   -0.093400    0.966198    0.010697   -0.998965   -0.117369    0.010104
   10.518803   -0.099460    0.965466    0.010758   -0.998326   -0.123776    0.010033
   10.524870   -0.105515    0.964696    0.010819   -0.997645   -0.130181    0.009961
   10.530937   -0.111565    0.963886    0.010879   -0.996925   -0.136582    0.009889
   10.537005   -0.117612    0.963038    0.010939   -0.996164   -0.142981    0.009817
   10.543072   -0.123653    0.962151    0.010998   -0.995362   -0.149376    0.009744
   10.549139   -0.129690    0.961226    0.011057   -0.994520   -0.155768    0.009671
   10.555206   -0.135721    0.960261    0.011115   -0.993638   -0.162156    0.009597
   10.561274   -0.141747    0.959258    0.011173   -0.992715   -0.168540    0.009523
   10.567341   -0.147767    0.958216    0.011231   -0.991752   -0.174920    0.009448
   10.573408   -0.153782    0.957135    0.011288   -0.990748   -0.181296    0.009373
   10.579475   -0.159789    0.956016    0.011345   -0.989704   -0.187667    0.009298
   10.585543   -0.165791    0.954858    0.011401   -0.988619   -0.194032    0.009222
   10.591610   -0.171786    0.953662    0.011457   -0.987494   -0.200393    0.009146
   10.597677   -0.177774    0.952426    0.011512   -0.986329   -0.206748    0.009069
   10.603744   -0.183754    0.951153    0.011567   -0.985123   -0.213097    0.008992
   10.609812   -0.189728    0.949841    0.011621   -0.983877   -0.219441    0.008915
   10.615879   -0.195693    0.948490    0.011675   -0.982590   -0.225778    0.008837
   10.621946   -0.201651    0.947101    0.011728   -0.981263   -0.232109    0.008759
   10.628014   -0.207600    0.945673    0.011781   -0.979896   -0.238433    0.008680
   10.634081   -0.213541    0.944208    0.011833   -0.978488   -0.244750    0.008602
   10.640148   -0.219474    0.942704    0.011885   -0.977040   -0.251059    0.008522
   10.646215   -0.225397    0.941161    0.011937   -0.975552   -0.257362    0.008443
   10.652283   -0.231311    0.939581    0.011988   -0.974023   -0.263656    0.008362
   10.658350   -0.237216    0.937962    0.012038   -0.972454   -0.269943    0.008282
   10.664417   -0.243112    0.936305    0.012088   -0.970845   -0.276221    0.008201
   10.670484   -0.248997    0.934610    0.012138   -0.969196   -0.282491    0.008120
   10.676552   -0.254872    0.932877    0.012187   -0.967507   -0.288752    0.008038
   10.682619   -0.260737    0.931106    0.012235   -0.965778   -0.295004    0.007957
   10.688686   -0.266591    0.929297    0.012283   -0.964008   -0.301247    0.007874
   10.694753   -0.272435    0.927451    0.012331   -0.962198   -0.307481    0.007792
   10.700821   -0.278267    0.925566    0.012378   -0.960349   -0.313704    0.007709
   10.706888   -0.284088    0.923644    0.012425   -0.958459   -0.319918    0.007625
   10.712955   -0.289898    0.921684    0.012471   -0.956530   -0.326121    0.007542
   10.719022   -0.295695    0.919687    0.012516   -0.954560   -0.332314    0.007458
   10.725090   -0.301481    0.917652    0.012561   -0.952551   -0.338496    0.007373
   10.731157   -0.307254    0.915579    0.012605   -0.950502   -0.344667    0.007288
   10.737224   -0.313014    0.913469    0.012649   -0.948413   -0.350827    0.007203
   10.743292   -0.318762    0.911322    0.012693   -0.946284   -0.356976    0.007118
   10.749359   -0.324497    0.909138    0.012736   -0.944116   -0.363112    0.007032
   10.755426   -0.330219    0.906916    0.012778   -0.941908   -0.369237    0.006946
   10.761493   -0.335927    0.904657    0.012820   -0.939660   -0.375349    0.006860
   10.767561   -0.341621    0.902361    0.012861   -0.937373   -0.381449    0.006773
   10.773628   -0.347301    0.900029    0.012902   -0.935046   -0.387536    0.006686
   10.779695   -0.352967    0.897659    0.012943   -0.932680   -0.393610    0.006599
   10.785762   -0.358619    0.895252    0.012982   -0.930275   -0.399670    0.006511
   10.791830   -0.364255    0.892809    0.013022   -0.927830   -0.405718    0.006423
   10.797897   -0.369877    0.890329    0.013060   -0.925346   -0.411751    0.006335
   10.803964   -0.375484    0.887813    0.013098   -0.922823   -0.417770    0.006246
   10.810031   -0.381075    0.885260    0.013136   -0.920261   -0.423775    0.006158
   10.816099   -0.386651    0.882670    0.013173   -0.917659   -0.429766    0.006068
   10.822166   -0.392211    0.880045    0.013210   -0.915019   -0.435741    0.005979
   10.828233   -0.397754    0.877383    0.013246   -0.912340   -0.441702    0.005889
   10.834300   -0.403281    0.874685    0.013281   -0.909622   -0.447647    0.005799
   10.840368   -0.408792    0.871951    0.013316   -0.906865   -0.453577    0.005709
   10.846435   -0.414286    0.869181    0.013351   -0.904069   -0.459490    0.005618
   10.852502   -0.419762    0.866375    0.013384   -0.901235   -0.465388    0.005528
   10.858570   -0.425222    0.863534    0.013418   -0.898362   -0.471270    0.005436
   10.864637   -0.430663    0.860657    0.013450   -0.895451   -0.477135    0.005345
   10.870704   -0.436087    0.857744    0.013482   -0.892501   -0.482983    0.005253
   10.876771   -0.441493    0.854796    0.013514   -0.889513   -0.488814    0.005162
   10.882839   -0.446881    0.851813    0.013545   -0.886487   -0.494627    0.005069
   10.888906   -0.452250    0.848794    0.013576   -0.883422   -0.500423    0.004977
   10.894973   -0.457601    0.845740    0.013605   -0.880320   -0.506201    0.004884
   10.901040   -0.462933    0.842651    0.013635   -0.877179   -0.511961    0.004791
   10.907108   -0.468245    0.839528    0.013664   -0.874001   -0.517703    0.004698
   10.913175   -0.473538    0.836369    0.013692   -0.870785   -0.523426    0.004605
   10.919242   -0.478812    0.833176    0.013719   -0.867531   -0.529131    0.004511
   10.925309   -0.484065    0.829949    0.013747   -0.864239   -0.534816    0.004417
   10.931377   -0.489299    0.826687    0.013773   -0.860910   -0.540482    0.004323
   10.931377   -0.489299    0.826686    0.013773   -0.860911   -0.540483    0.004323

    0.000000   -0.489299    0.826686    0.013773   -0.860911   -0.540483    0.004323
   10.931377   -0.489299    0.826686    0.013773   -0.860911   -0.540483    0.004323
   10.978136   -0.528934    0.800404    0.013958   -0.834007   -0.583473    0.003590
   11.024896   -0.567260    0.772141    0.014109   -0.804928   -0.625186    0.002846
   11.071655   -0.604177    0.741959    0.014224   -0.773730   -0.665509    0.002091
   11.118414   -0.639587    0.709926    0.014304   -0.740472   -0.704331    0.001328
   11.165174   -0.673394    0.676116    0.014348   -0.705220   -0.741543    0.000559
   11.211933   -0.705508    0.640605    0.014356   -0.668048   -0.777038   -0.000215
   11.258693   -0.735841    0.603476    0.014328   -0.629032   -0.810712   -0.000991
   11.305452   -0.764307    0.564818    0.014264   -0.588259   -0.842465   -0.001768
   11.352212   -0.790828    0.524722    0.014163   -0.545819   -0.872198   -0.002544
   11.398971   -0.815327    0.483284    0.014026   -0.501808   -0.899817   -0.003316
   11.445730   -0.837734    0.440606    0.013853   -0.456330   -0.925234   -0.004083
   11.492490   -0.857981    0.396793    0.013644   -0.409492   -0.948363   -0.004843
   11.539249   -0.876009    0.351953    0.013400   -0.361408   -0.969125   -0.005593
   11.586009   -0.891762    0.306199    0.013121   -0.312198   -0.987445   -0.006331
   11.632768   -0.905190    0.259647    0.012808   -0.261985   -1.003256   -0.007056
   11.679528   -0.916249    0.212416    0.012462   -0.210899   -1.016495   -0.007764
   11.726287   -0.924902    0.164627    0.012082   -0.159074   -1.027107   -0.008455
   11.773046   -0.931116    0.116404    0.011671   -0.106647   -1.035045   -0.009126
   11.819806   -0.934868    0.067873    0.011229   -0.053759   -1.040267   -0.009775
   11.866565   -0.936139    0.019162    0.010757   -0.000555   -1.042741   -0.010400
   11.913325   -0.934917   -0.029600    0.010257    0.052817   -1.042443   -0.011000
   11.960084   -0.931199   -0.078282    0.009729    0.106207   -1.039356   -0.011572
   12.006844   -0.924987   -0.126756    0.009175    0.159464   -1.033472   -0.012114
   12.053603   -0.916291   -0.174888    0.008597    0.212435   -1.024794   -0.012625
   12.100363   -0.905127   -0.222550    0.007995    0.264965   -1.013331   -0.013104
   12.147122   -0.891521   -0.269611    0.007372    0.316902   -0.999103   -0.013548
   12.193881   -0.875502   -0.315942    0.006729    0.368092   -0.982139   -0.013956
   12.240641   -0.857111   -0.361417    0.006067    0.418383   -0.962478   -0.014328
   12.287400   -0.836392   -0.405910    0.005389    0.467626   -0.940165   -0.014661
   12.334160   -0.813398   -0.449300    0.004697    0.515672   -0.915259   -0.014955
   12.380919   -0.788188   -0.491465    0.003991    0.562377   -0.887824   -0.015208
   12.427679   -0.760828   -0.532290    0.003275    0.607600   -0.857936   -0.015420
   12.474438   -0.731391   -0.571661    0.002550    0.651206   -0.825676   -0.015590
   12.521197   -0.699955   -0.609471    0.001818    0.693062   -0.791137   -0.015718
   12.567957   -0.666606   -0.645614    0.001081    0.733043   -0.754417   -0.015803
   12.614716   -0.631433   -0.679991    0.000341    0.771029   -0.715624   -0.015845
   12.661476   -0.594533   -0.712507   -0.000400    0.806907   -0.674872   -0.015843
   12.708235   -0.556007   -0.743075   -0.001140    0.840572   -0.632282   -0.015798
   12.754995   -0.515960   -0.771611   -0.001877    0.871925   -0.587980   -0.015709
   12.801754   -0.474503   -0.798038   -0.002609    0.900876   -0.542100   -0.015578
   12.848513   -0.431750   -0.822285   -0.003333    0.927344   -0.494778   -0.015405
   12.895273   -0.387818   -0.844289   -0.004049    0.951254   -0.446157   -0.015189
   12.942032   -0.342830   -0.863991   -0.004753    0.972544   -0.396383   -0.014933
   12.988792   -0.296909   -0.881342   -0.005445    0.991156   -0.345604   -0.014636
   13.035551   -0.250181   -0.896298   -0.006121    1.007047   -0.293973   -0.014300
   13.082311   -0.202774   -0.908823   -0.006781    1.020179   -0.241642   -0.013926
   13.129070   -0.154818   -0.918888   -0.007423    1.030525   -0.188766   -0.013515
   13.175829   -0.106444   -0.926471   -0.008045    1.038066   -0.135500   -0.013069
   13.222589   -0.057783   -0.931556   -0.008645    1.042796   -0.082000   -0.012588
   13.269348   -0.008967   -0.934138   -0.009222    1.044713   -0.028418   -0.012075
   13.316108    0.039873   -0.934215   -0.009774    1.043829    0.025090   -0.011531
   13.362867    0.088607   -0.931795   -0.010299    1.040161    0.078375   -0.010958
   13.409627    0.137105   -0.926891   -0.010798    1.033736    0.131288   -0.010358
   13.456386    0.185239   -0.919525   -0.011268    1.024590    0.183682   -0.009731
   13.503145    0.232882   -0.909724   -0.011708    1.012766    0.235416   -0.009082
   13.549905    0.279910   -0.897522   -0.012117    0.998314    0.286351   -0.008410
   13.596664    0.326203   -0.882959   -0.012494    0.981294    0.336352   -0.007719
   13.643424    0.371641   -0.866083   -0.012838    0.961769    0.385290   -0.007010
   13.690183    0.416109   -0.846946   -0.013149    0.939811    0.433041   -0.006286
   13.736943    0.459494   -0.825606   -0.013426    0.915498    0.479484   -0.005548
   13.783702    0.501690   -0.802127   -0.013668    0.888913    0.524507   -0.004799
   13.830461    0.542590   -0.776578   -0.013875    0.860144    0.568001   -0.004040
   13.877221    0.582097   -0.749034   -0.014046    0.829283    0.609865   -0.003274
   13.923980    0.620113   -0.719572   -0.014181    0.796428    0.650001   -0.002502
   13.970740    0.656548   -0.688275   -0.014279    0.761681    0.688320   -0.001728
   14.017499    0.691317   -0.655230   -0.014342    0.725145    0.724740   -0.000952
   14.064259    0.724337   -0.620529   -0.014368    0.686927    0.759181   -0.000177
   14.111018    0.755533   -0.584264   -0.014359    0.647139    0.791575    0.000596
   14.157778    0.784834   -0.546534   -0.014313    0.605893    0.821856    0.001363
   14.204537    0.812174   -0.507439   -0.014231    0.563301    0.849965    0.002125
   14.251296    0.837494   -0.467081   -0.014114    0.519481    0.875852    0.002878
   14.298056    0.860738   -0.425566   -0.013962    0.474550    0.899471    0.003621
   14.344815    0.881858   -0.383000   -0.013776    0.428623    0.920782    0.004352
   14.391575    0.900809   -0.339492   -0.013556    0.381820    0.939751    0.005069
   14.438334    0.917553   -0.295152   -0.013302    0.334259    0.956352    0.005772
   14.485094    0.932058   -0.250092   -0.013016    0.286059    0.970562    0.006458
   14.531853    0.944297   -0.204424   -0.012698    0.237336    0.982365    0.007125
   14.578612    0.954248   -0.158260   -0.012350    0.188209    0.991750    0.007773
   14.625372    0.961894   -0.111714   -0.011972    0.138794    0.998713    0.008401
   14.672131    0.967225   -0.064899   -0.011565    0.089206    1.003254    0.009006
   14.718891    0.970235   -0.017929   -0.011130    0.039560    1.005377    0.009587
   14.765650    0.970925    0.029085   -0.010669   -0.010031    1.005092    0.010144
   14.812410    0.969300    0.076029   -0.010182   -0.059456    1.002415    0.010675
   14.859169    0.965369    0.122792   -0.009671   -0.108604    0.997365    0.011180
   14.905928    0.959149    0.169265   -0.009137   -0.157367    0.989965    0.011656
   14.952688    0.950660    0.215337   -0.008581   -0.205640    0.980245    0.012104
   14.999447    0.939927    0.260900   -0.008005   -0.253318    0.968235    0.012522
   15.046207    0.926981    0.305850   -0.007410   -0.300299    0.953973    0.012910
   15.092966    0.911856    0.350080   -0.006798   -0.346482    0.937499    0.013267
   15.139726    0.894592    0.393490   -0.006170   -0.391772    0.918858    0.013592
   15.186485    0.875233    0.435978   -0.005528   -0.436071    0.898096    0.013885
   15.233244    0.853828    0.477447   -0.004872   -0.479288    0.875266    0.014145
   15.280004    0.830429    0.517800   -0.004205   -0.521332    0.850422    0.014372
   15.326763    0.805093    0.556947   -0.003529   -0.562115    0.823622    0.014564
   15.373523    0.777882    0.594795   -0.002844   -0.601553    0.794928    0.014723
   15.420282    0.748859    0.631259   -0.002152   -0.639563    0.764404    0.014848
   15.467042    0.718094    0.666254   -0.001456   -0.676065    0.732118    0.014937
   15.513801    0.685659    0.699699   -0.000756   -0.710984    0.698141    0.014992
   15.560560    0.651630    0.731518   -0.000054   -0.744244    0.662544    0.015013
   15.560560    0.651625    0.731518   -0.000054   -0.767343    0.665441   -0.000042
   15.591318    0.627699    0.751614   -0.000056   -0.788283    0.641165   -0.000040
   15.622075    0.603142    0.770952   -0.000057   -0.808455    0.616212   -0.000038
   15.652832    0.577976    0.789513   -0.000058   -0.827835    0.590607   -0.000036
   15.683589    0.552226    0.807277   -0.000059   -0.846401    0.564376   -0.000034
   15.714346    0.525919    0.824224   -0.000060   -0.864132    0.537544   -0.000032
   15.745104    0.499079    0.840338   -0.000061   -0.881008    0.510138   -0.000030
   15.775861    0.471733    0.855599   -0.000062   -0.897009    0.482185   -0.000028
   15.806618    0.443909    0.869994   -0.000063   -0.912116    0.453715   -0.000026
   15.837375    0.415634    0.883504   -0.000063   -0.926311    0.424756   -0.000024
   15.868132    0.386937    0.896117   -0.000064   -0.939578    0.395338   -0.000022
   15.898889    0.357846    0.907819   -0.000065   -0.951901    0.365491   -0.000020
   15.929647    0.328391    0.918596   -0.000065   -0.963265    0.335246   -0.000018
   15.960404    0.298602    0.928438   -0.000066   -0.973656    0.304635   -0.000015
   15.991161    0.268508    0.937332   -0.000066   -0.983062    0.273689   -0.000013
   16.021918    0.238139    0.945270   -0.000067   -0.991471    0.242442   -0.000011
   16.052675    0.207528    0.952243   -0.000067   -0.998873    0.210927   -0.000009
   16.083432    0.176705    0.958243   -0.000067   -1.005259    0.179176   -0.000007
   16.114190    0.145701    0.963263   -0.000067   -1.010620    0.147223   -0.000004
   16.144947    0.114548    0.967298   -0.000067   -1.014950    0.115103   -0.000002
   16.175704    0.083278    0.970342   -0.000067   -1.018243    0.082850    0.000000
   16.206461    0.051922    0.972393   -0.000067   -1.020494    0.050498    0.000002
   16.237218    0.020513    0.973448   -0.000067   -1.021701    0.018082    0.000005
   16.267975   -0.010917    0.973505   -0.000067   -1.021861   -0.014363    0.000007
   16.298733   -0.042335    0.972564   -0.000067   -1.020973   -0.046803    0.000009
   16.329490   -0.073710    0.970626   -0.000067   -1.019038   -0.079201    0.000011
   16.360247   -0.105010    0.967693   -0.000066   -1.016058   -0.111524    0.000014
   16.391004   -0.136202    0.963767   -0.000066   -1.012035   -0.143736    0.000016
   16.421761   -0.167254    0.958853   -0.000065   -1.006974   -0.175803    0.000018
   16.452518   -0.198134    0.952955   -0.000065   -1.000879   -0.207691    0.000020
   16.483276   -0.228812    0.946079   -0.000064   -0.993758   -0.239364    0.000022
   16.514033   -0.259254    0.938233   -0.000063   -0.985619   -0.270788    0.000024
   16.544790   -0.289431    0.929424   -0.000063   -0.976470   -0.301930    0.000026
   16.575547   -0.319311    0.919663   -0.000062   -0.966321   -0.332757    0.000029
   16.606304   -0.348864    0.908959   -0.000061   -0.955185   -0.363235    0.000031
   16.637061   -0.378059    0.897323   -0.000060   -0.943073   -0.393332    0.000033
   16.667819   -0.406866    0.884767   -0.000059   -0.929999   -0.423015    0.000035
   16.698576   -0.435257    0.871306   -0.000058   -0.915978   -0.452253    0.000036
   16.729333   -0.463203    0.856952   -0.000057   -0.901025   -0.481015    0.000038
   16.760090   -0.490674    0.841722   -0.000055   -0.885159   -0.509271    0.000040
   16.790847   -0.517643    0.825630   -0.000054   -0.868396   -0.536990    0.000042
   16.821605   -0.544084    0.808695   -0.000053   -0.850755   -0.564144    0.000044
   16.852362   -0.569968    0.790933   -0.000051   -0.832258   -0.590705    0.000046
   16.883119   -0.595271    0.772364   -0.000050   -0.812923   -0.616644    0.000047
   16.913876   -0.619966    0.753008   -0.000048   -0.792775   -0.641935    0.000049
   16.944633   -0.644030    0.732883   -0.000047   -0.771834   -0.666552    0.000050
   16.975390   -0.667437    0.712012   -0.000045   -0.750125   -0.690470    0.000052
   17.006148   -0.690165    0.690417   -0.000044   -0.727671   -0.713665    0.000053
   17.036905   -0.712192    0.668119   -0.000042   -0.704499   -0.736113    0.000055
   17.067662   -0.733495    0.645143   -0.000040   -0.680634   -0.757792    0.000056
   17.098419   -0.754054    0.621512   -0.000039   -0.656102   -0.778681    0.000058
   17.129176   -0.773848    0.597251   -0.000037   -0.630931   -0.798759    0.000059
   17.159933   -0.792859    0.572386   -0.000035   -0.605149   -0.818007    0.000060
   17.190691   -0.811068    0.546941   -0.000033   -0.578784   -0.836407    0.000061
   17.221448   -0.828457    0.520944   -0.000031   -0.551864   -0.853941    0.000062
   17.252205   -0.845010    0.494420   -0.000029   -0.524420   -0.870592    0.000063
   17.282962   -0.860711    0.467399   -0.000027   -0.496481   -0.886347    0.000064
   17.313719   -0.875546    0.439907   -0.000025   -0.468078   -0.901189    0.000065
   17.344476   -0.889500    0.411972   -0.000023   -0.439241   -0.915107    0.000066
   17.375234   -0.902561    0.383624   -0.000021   -0.410001   -0.928089    0.000066
   17.405991   -0.914717    0.354891   -0.000019   -0.380389   -0.940123    0.000067
   17.436748   -0.925957    0.325803   -0.000017   -0.350437   -0.951199    0.000068
   17.467505   -0.936271    0.296389   -0.000015   -0.320177   -0.961310    0.000068
   17.498262   -0.945650    0.266679   -0.000013   -0.289640   -0.970446    0.000069
   17.529019   -0.954086    0.236702   -0.000011   -0.258859   -0.978603    0.000069
   17.559777   -0.961571    0.206491   -0.000009   -0.227865   -0.985773    0.000069
   17.590534   -0.968101    0.176073   -0.000007   -0.196690   -0.991954    0.000070
   17.621291   -0.973669    0.145481   -0.000004   -0.165367   -0.997141    0.000070
   17.652048   -0.978272    0.114745   -0.000002   -0.133928   -1.001333    0.000070
   17.682805   -0.981907    0.083895   -0.000000   -0.102405   -1.004527    0.000070
   17.713562   -0.984571    0.052962    0.000002   -0.070829   -1.006725    0.000070
   17.744320   -0.986263    0.021977    0.000004   -0.039232   -1.007926    0.000070
   17.775077   -0.986984   -0.009029    0.000006   -0.007647   -1.008134    0.000070
   17.805834   -0.986734   -0.040027    0.000008    0.023897   -1.007350    0.000069
   17.836591   -0.985515   -0.070986    0.000011    0.055367   -1.005579    0.000069
   17.867348   -0.983329   -0.101875    0.000013    0.086733   -1.002825    0.000069
   17.898106   -0.980181   -0.132664    0.000015    0.117964   -0.999095    0.000068
   17.928863   -0.976075   -0.163323    0.000017    0.149030   -0.994394    0.000068
   17.959620   -0.971016   -0.193823    0.000019    0.179901   -0.988732    0.000067
   17.990377   -0.965010   -0.224135    0.000021    0.210548   -0.982116    0.000067
   18.021134   -0.958066   -0.254228    0.000023    0.240941   -0.974556    0.000066
   18.051891   -0.950192   -0.284074    0.000025    0.271053   -0.966062    0.000065
   18.082649   -0.941396   -0.313645    0.000027    0.300854   -0.956645    0.000064
   18.113406   -0.931689   -0.342912    0.000029    0.330317   -0.946318    0.000063
   18.144163   -0.921081   -0.371848    0.000031    0.359415   -0.935092    0.000063
   18.174920   -0.909583   -0.400425    0.000033    0.388121   -0.922983    0.000062
   18.205677   -0.897210   -0.428616    0.000035    0.416408   -0.910003    0.000060
   18.236434   -0.883973   -0.456394    0.000037    0.444253   -0.896169    0.000059
   18.267192   -0.869887   -0.483734    0.000038    0.471628   -0.881495    0.000058
   18.297949   -0.854966   -0.510610    0.000040    0.498510   -0.865998    0.000057
   18.328706   -0.839227   -0.536997    0.000042    0.524875   -0.849695    0.000056
   18.359463   -0.822684   -0.562871    0.000044    0.550700 