 0  9.66404e-06 1.57154e-06 8.14959e-08 1.85835e-06 2.62720e-06 4.62325e-08
 0  9.66404e-06 1.57154e-06 8.14959e-08 1.85835e-06 2.62720e-06 4.62325e-08

 1  6.15883e-07 3.84872e-06 9.24282e-08 4.73237e-06 3.17473e-07 4.04603e-08
 1  6.15883e-07 3.84872e-06 9.24282e-08 1.45568e-07 2.58291e-06 5.42905e-07

 2  9.19841e-07 2.44050e-06 1.37711e-07 1.04133e-06 1.48622e-06 4.92582e-07
 2  9.19841e-07 2.44050e-06 1.37711e-07 1.04133e-06 1.48622e-06 4.92582e-07

  3.12252e-06 3.14245e-07 6.12898e-08
  2.70262e-06 3.14684e-07 2.82757e-09

 0      0.0000000000	      0.0000000000	      0.0000000000	
 1      0.0594319545	      0.0028495364	      0.0673511620	
 2      0.0000000000	      0.0000000000	      0.0000000000	

F_Leg = 0.0673511620
DV_Leg = 1.9970276779 (km/s)
ToF_Leg (actual) = 2.2507311322
ToF_Leg (design) = 2.2507311325
