   -0.470293	    0.864438	0.000000e+00	0.000000e+00	
   -0.470293	    0.864438	0.000000e+00	0.000000e+00	
   -0.470293	    0.864438	0.000000e+00	0.000000e+00	
   -0.470293	    0.864438	0.000000e+00	0.000000e+00	
   -0.470293	    0.864438	0.000000e+00	0.000000e+00	
   -0.470293	    0.864438	0.000000e+00	0.000000e+00	
   -0.470293	    0.864438	0.000000e+00	0.000000e+00	
   -0.470293	    0.864438	0.000000e+00	0.000000e+00	
   -0.470293	    0.864438	0.000000e+00	0.000000e+00	
   -0.470293	    0.864438	0.000000e+00	0.000000e+00	
   -0.470293	    0.864438	0.000000e+00	0.000000e+00	
   -0.470293	    0.864438	0.000000e+00	0.000000e+00	
   -0.470293	    0.864438	0.000000e+00	0.000000e+00	
   -0.470293	    0.864438	0.000000e+00	0.000000e+00	
   -0.470293	    0.864438	0.000000e+00	0.000000e+00	
   -0.470293	    0.864438	0.000000e+00	0.000000e+00	
   -0.470293	    0.864438	0.000000e+00	0.000000e+00	
   -0.470293	    0.864438	0.000000e+00	0.000000e+00	
   -0.470293	    0.864438	0.000000e+00	0.000000e+00	
   -0.470293	    0.864438	0.000000e+00	0.000000e+00	
   -0.470293	    0.864438	0.000000e+00	0.000000e+00	


   -0.470293	    0.864438	0.000000e+00	0.000000e+00	
   -0.470293	    0.864438	0.000000e+00	0.000000e+00	
   -0.470293	    0.864438	0.000000e+00	0.000000e+00	
   -0.470293	    0.864438	0.000000e+00	0.000000e+00	
   -0.470293	    0.864438	0.000000e+00	0.000000e+00	
   -0.470293	    0.864438	0.000000e+00	0.000000e+00	
   -0.470293	    0.864438	0.000000e+00	0.000000e+00	
   -0.470293	    0.864438	0.000000e+00	0.000000e+00	
   -0.470293	    0.864438	0.000000e+00	0.000000e+00	
   -0.470293	    0.864438	0.000000e+00	0.000000e+00	
   -0.470293	    0.864438	0.000000e+00	0.000000e+00	
   -0.470293	    0.864438	0.000000e+00	0.000000e+00	
   -0.470293	    0.864438	0.000000e+00	0.000000e+00	
   -0.470293	    0.864438	0.000000e+00	0.000000e+00	
   -0.470293	    0.864438	0.000000e+00	0.000000e+00	
   -0.470293	    0.864438	0.000000e+00	0.000000e+00	
   -0.470293	    0.864438	0.000000e+00	0.000000e+00	
   -0.470293	    0.864438	0.000000e+00	0.000000e+00	
   -0.470293	    0.864438	0.000000e+00	0.000000e+00	
   -0.470293	    0.864438	0.000000e+00	0.000000e+00	
   -0.470293	    0.864438	0.000000e+00	0.000000e+00	


   -1.159188	    0.022013	0.000000e+00	0.000000e+00	
   -1.159188	    0.022013	0.000000e+00	0.000000e+00	
   -1.159188	    0.022013	0.000000e+00	0.000000e+00	
   -1.159188	    0.022013	0.000000e+00	0.000000e+00	
   -1.159188	    0.022013	0.000000e+00	0.000000e+00	
   -1.159188	    0.022013	0.000000e+00	0.000000e+00	
   -1.159188	    0.022013	0.000000e+00	0.000000e+00	
   -1.159188	    0.022013	0.000000e+00	0.000000e+00	
   -1.159188	    0.022013	0.000000e+00	0.000000e+00	
   -1.159188	    0.022013	0.000000e+00	0.000000e+00	
   -1.159188	    0.022013	0.000000e+00	0.000000e+00	
   -1.159188	    0.022013	0.000000e+00	0.000000e+00	
   -1.159188	    0.022013	0.000000e+00	0.000000e+00	
   -1.159188	    0.022013	0.000000e+00	0.000000e+00	
   -1.159188	    0.022013	0.000000e+00	0.000000e+00	
   -1.159188	    0.022013	0.000000e+00	0.000000e+00	
   -1.159188	    0.022013	0.000000e+00	0.000000e+00	
   -1.159188	    0.022013	0.000000e+00	0.000000e+00	
   -1.159188	    0.022013	0.000000e+00	0.000000e+00	
   -1.159188	    0.022013	0.000000e+00	0.000000e+00	
   -1.159188	    0.022013	0.000000e+00	0.000000e+00	


   -1.159188	    0.022013	0.000000e+00	0.000000e+00	
   -1.159188	    0.022013	0.000000e+00	0.000000e+00	
   -1.159188	    0.022013	0.000000e+00	0.000000e+00	
   -1.159188	    0.022013	0.000000e+00	0.000000e+00	
   -1.159188	    0.022013	0.000000e+00	0.000000e+00	
   -1.159188	    0.022013	0.000000e+00	0.000000e+00	
   -1.159188	    0.022013	0.000000e+00	0.000000e+00	
   -1.159188	    0.022013	0.000000e+00	0.000000e+00	
   -1.159188	    0.022013	0.000000e+00	0.000000e+00	
   -1.159188	    0.022013	0.000000e+00	0.000000e+00	
   -1.159188	    0.022013	0.000000e+00	0.000000e+00	
   -1.159188	    0.022013	0.000000e+00	0.000000e+00	
   -1.159188	    0.022013	0.000000e+00	0.000000e+00	
   -1.159188	    0.022013	0.000000e+00	0.000000e+00	
   -1.159188	    0.022013	0.000000e+00	0.000000e+00	
   -1.159188	    0.022013	0.000000e+00	0.000000e+00	
   -1.159188	    0.022013	0.000000e+00	0.000000e+00	
   -1.159188	    0.022013	0.000000e+00	0.000000e+00	
   -1.159188	    0.022013	0.000000e+00	0.000000e+00	
   -1.159188	    0.022013	0.000000e+00	0.000000e+00	
   -1.159188	    0.022013	0.000000e+00	0.000000e+00	


   -0.683071	   -0.761000	0.000000e+00	0.000000e+00	
   -0.683071	   -0.761000	0.000000e+00	0.000000e+00	
   -0.683071	   -0.761000	0.000000e+00	0.000000e+00	
   -0.683071	   -0.761000	0.000000e+00	0.000000e+00	
   -0.683071	   -0.761000	0.000000e+00	0.000000e+00	
   -0.683071	   -0.761000	0.000000e+00	0.000000e+00	
   -0.683071	   -0.761000	0.000000e+00	0.000000e+00	
   -0.683071	   -0.761000	0.000000e+00	0.000000e+00	
   -0.683071	   -0.761000	0.000000e+00	0.000000e+00	
   -0.683071	   -0.761000	0.000000e+00	0.000000e+00	
   -0.683071	   -0.761000	0.000000e+00	0.000000e+00	
   -0.683071	   -0.761000	0.000000e+00	0.000000e+00	
   -0.683071	   -0.761000	0.000000e+00	0.000000e+00	
   -0.683071	   -0.761000	0.000000e+00	0.000000e+00	
   -0.683071	   -0.761000	0.000000e+00	0.000000e+00	
   -0.683071	   -0.761000	0.000000e+00	0.000000e+00	
   -0.683071	   -0.761000	0.000000e+00	0.000000e+00	
   -0.683071	   -0.761000	0.000000e+00	0.000000e+00	
   -0.683071	   -0.761000	0.000000e+00	0.000000e+00	
   -0.683071	   -0.761000	0.000000e+00	0.000000e+00	
   -0.683071	   -0.761000	0.000000e+00	0.000000e+00	


   -0.683071	   -0.761000	0.000000e+00	0.000000e+00	
   -0.683071	   -0.761000	0.000000e+00	0.000000e+00	
   -0.683071	   -0.761000	0.000000e+00	0.000000e+00	
   -0.683071	   -0.761000	0.000000e+00	0.000000e+00	
   -0.683071	   -0.761000	0.000000e+00	0.000000e+00	
   -0.683071	   -0.761000	0.000000e+00	0.000000e+00	
   -0.683071	   -0.761000	0.000000e+00	0.000000e+00	
   -0.683071	   -0.761000	0.000000e+00	0.000000e+00	
   -0.683071	   -0.761000	0.000000e+00	0.000000e+00	
   -0.683071	   -0.761000	0.000000e+00	0.000000e+00	
   -0.683071	   -0.761000	0.000000e+00	0.000000e+00	
   -0.683071	   -0.761000	0.000000e+00	0.000000e+00	
   -0.683071	   -0.761000	0.000000e+00	0.000000e+00	
   -0.683071	   -0.761000	0.000000e+00	0.000000e+00	
   -0.683071	   -0.761000	0.000000e+00	0.000000e+00	
   -0.683071	   -0.761000	0.000000e+00	0.000000e+00	
   -0.683071	   -0.761000	0.000000e+00	0.000000e+00	
   -0.683071	   -0.761000	0.000000e+00	0.000000e+00	
   -0.683071	   -0.761000	0.000000e+00	0.000000e+00	
   -0.683071	   -0.761000	0.000000e+00	0.000000e+00	
   -0.683071	   -0.761000	0.000000e+00	0.000000e+00	


