
    0.000000   -0.686889   -0.726762    0.000054    0.713600   -0.693462    0.000043
    0.000000   -0.686889   -0.726762    0.000054    0.672786   -0.742453   -0.017870
    0.023099   -0.671167   -0.743717   -0.000359    0.688430   -0.725514   -0.017866
    0.046198   -0.655088   -0.760277   -0.000771    0.703626   -0.708282   -0.017853
    0.069298   -0.638664   -0.776436   -0.001183    0.718371   -0.690769   -0.017831
    0.092397   -0.621904   -0.792188   -0.001595    0.732661   -0.672987   -0.017799
    0.115496   -0.604820   -0.807525   -0.002006    0.746494   -0.654948   -0.017759
    0.138595   -0.587421   -0.822443   -0.002415    0.759868   -0.636665   -0.017709
    0.161694   -0.569719   -0.836936   -0.002824    0.772780   -0.618149   -0.017651
    0.184793   -0.551724   -0.850999   -0.003231    0.785229   -0.599412   -0.017583
    0.207893   -0.533446   -0.864627   -0.003636    0.797212   -0.580466   -0.017508
    0.230992   -0.514897   -0.877814   -0.004039    0.808730   -0.561324   -0.017423
    0.254091   -0.496088   -0.890557   -0.004441    0.819780   -0.541995   -0.017331
    0.277190   -0.477028   -0.902852   -0.004840    0.830363   -0.522492   -0.017230
    0.300289   -0.457730   -0.914694   -0.005237    0.840478   -0.502825   -0.017121
    0.323389   -0.438203   -0.926081   -0.005631    0.850124   -0.483007   -0.017004
    0.346488   -0.418459   -0.937007   -0.006022    0.859302   -0.463047   -0.016879
    0.369587   -0.398508   -0.947472   -0.006411    0.868012   -0.442956   -0.016746
    0.392686   -0.378362   -0.957470   -0.006796    0.876255   -0.422745   -0.016606
    0.415785   -0.358030   -0.967001   -0.007178    0.884030   -0.402425   -0.016459
    0.438885   -0.337525   -0.976061   -0.007556    0.891340   -0.382006   -0.016304
    0.461984   -0.316856   -0.984648   -0.007931    0.898185   -0.361497   -0.016142
    0.485083   -0.296034   -0.992761   -0.008302    0.904566   -0.340909   -0.015973
    0.508182   -0.275070   -1.000397   -0.008669    0.910485   -0.320252   -0.015797
    0.531281   -0.253974   -1.007556   -0.009032    0.915944   -0.299536   -0.015614
    0.554380   -0.232758   -1.014235   -0.009390    0.920943   -0.278769   -0.015425
    0.577480   -0.211432   -1.020434   -0.009744    0.925486   -0.257961   -0.015229
    0.600579   -0.190006   -1.026152   -0.010094    0.929574   -0.237122   -0.015027
    0.623678   -0.168490   -1.031388   -0.010438    0.933209   -0.216260   -0.014819
    0.646777   -0.146896   -1.036143   -0.010778    0.936393   -0.195384   -0.014605
    0.669876   -0.125234   -1.040415   -0.011113    0.939130   -0.174503   -0.014385
    0.692976   -0.103514   -1.044205   -0.011443    0.941421   -0.153626   -0.014159
    0.716075   -0.081745   -1.047512   -0.011767    0.943269   -0.132761   -0.013927
    0.739174   -0.059939   -1.050338   -0.012086    0.944677   -0.111916   -0.013690
    0.762273   -0.038106   -1.052683   -0.012400    0.945648   -0.091099   -0.013448
    0.785372   -0.016255   -1.054547   -0.012707    0.946184   -0.070319   -0.013200
    0.808472    0.005603   -1.055932   -0.013009    0.946289   -0.049583   -0.012948
    0.831571    0.027458   -1.056838   -0.013305    0.945965   -0.028899   -0.012690
    0.854670    0.049301   -1.057267   -0.013596    0.945216   -0.008274   -0.012428
    0.877769    0.071122   -1.057221   -0.013880    0.944046    0.012283   -0.012161
    0.900868    0.092912   -1.056700   -0.014157    0.942456    0.032767   -0.011889
    0.923967    0.114659   -1.055708   -0.014429    0.940452    0.053169   -0.011613
    0.947067    0.136356   -1.054245   -0.014694    0.938035    0.073482   -0.011333
    0.970166    0.157992   -1.052314   -0.014952    0.935210    0.093700   -0.011048
    0.993265    0.179558   -1.049917   -0.015204    0.931981    0.113815   -0.010759
    1.016364    0.201045   -1.047056   -0.015449    0.928350    0.133821   -0.010467
    1.039463    0.222443   -1.043735   -0.015688    0.924321    0.153712   -0.010171
    1.062563    0.243744   -1.039956   -0.015919    0.919898    0.173481   -0.009871
    1.085662    0.264938   -1.035722   -0.016144    0.915085    0.193121   -0.009568
    1.108761    0.286016   -1.031035   -0.016361    0.909885    0.212626   -0.009261
    1.131860    0.306970   -1.025900   -0.016572    0.904303    0.231990   -0.008951
    1.154959    0.327791   -1.020319   -0.016775    0.898342    0.251207   -0.008638
    1.178059    0.348469   -1.014296   -0.016971    0.892005    0.270271   -0.008321
    1.201158    0.368997   -1.007834   -0.017159    0.885298    0.289176   -0.008002
    1.224257    0.389366   -1.000937   -0.017340    0.878223    0.307917   -0.007680
    1.247356    0.409567   -0.993610   -0.017514    0.870785    0.326486   -0.007356
    1.270455    0.429592   -0.985856   -0.017680    0.862987    0.344880   -0.007029
    1.293554    0.449433   -0.977679   -0.017839    0.854834    0.363092   -0.006699
    1.316654    0.469081   -0.969083   -0.017989    0.846330    0.381117   -0.006368
    1.339753    0.488529   -0.960073   -0.018133    0.837479    0.398949   -0.006034
    1.362852    0.507769   -0.950654   -0.018268    0.828284    0.416583   -0.005698
    1.385951    0.526792   -0.940829   -0.018396    0.818750    0.434013   -0.005360
    1.409050    0.545591   -0.930604   -0.018516    0.808881    0.451236   -0.005020
    1.432150    0.564158   -0.919984   -0.018628    0.798682    0.468244   -0.004679
    1.455249    0.582486   -0.908974   -0.018732    0.788155    0.485034   -0.004336
    1.478348    0.600567   -0.897578   -0.018828    0.777307    0.501601   -0.003992
    1.501447    0.618394   -0.885803   -0.018916    0.766140    0.517938   -0.003646
    1.524546    0.635959   -0.873652   -0.018997    0.754659    0.534042   -0.003299
    1.547646    0.653256   -0.861133   -0.019069    0.742868    0.549908   -0.002951
    1.570745    0.670276   -0.848249   -0.019133    0.730772    0.565530   -0.002602
    1.593844    0.687014   -0.835008   -0.019189    0.718375    0.580905   -0.002251
    1.616943    0.703462   -0.821414   -0.019237    0.705681    0.596026   -0.001901
    1.640042    0.719613   -0.807474   -0.019277    0.692695    0.610891   -0.001549
    1.663141    0.735461   -0.793194   -0.019308    0.679421    0.625493   -0.001197
    1.686241    0.750999   -0.778580   -0.019332    0.665864    0.639828   -0.000845
    1.709340    0.766220   -0.763637   -0.019348    0.652028    0.653893   -0.000492
    1.732439    0.781119   -0.748373   -0.019355    0.637917    0.667681   -0.000139
    1.755538    0.795689   -0.732794   -0.019354    0.623536    0.681190    0.000214
    1.778637    0.809924   -0.716905   -0.019345    0.608890    0.694414    0.000567
    1.801737    0.823817   -0.700715   -0.019328    0.593983    0.707348    0.000920
    1.824836    0.837363   -0.684229   -0.019302    0.578820    0.719990    0.001272
    1.847935    0.850555   -0.667455   -0.019269    0.563406    0.732334    0.001625
    1.871034    0.863389   -0.650399   -0.019227    0.547745    0.744375    0.001976
    1.894133    0.875858   -0.633068   -0.019178    0.531843    0.756110    0.002328
    1.917233    0.887958   -0.615470   -0.019120    0.515703    0.767535    0.002678
    1.940332    0.899681   -0.597612   -0.019054    0.499331    0.778645    0.003028
    1.963431    0.911024   -0.579501   -0.018980    0.482732    0.789435    0.003376
    1.986530    0.921981   -0.561144   -0.018898    0.465911    0.799903    0.003724
    2.009629    0.932547   -0.542549   -0.018808    0.448873    0.810043    0.004070
    2.032728    0.942717   -0.523724   -0.018710    0.431623    0.819851    0.004415
    2.055828    0.952486   -0.504676   -0.018604    0.414166    0.829324    0.004759
    2.078927    0.961849   -0.485413   -0.018490    0.396507    0.838457    0.005101
    2.102026    0.970802   -0.465943   -0.018368    0.378652    0.847246    0.005442
    2.125125    0.979341   -0.446274   -0.018239    0.360606    0.855687    0.005780
    2.148224    0.987460   -0.426415   -0.018101    0.342375    0.863777    0.006117
    2.171324    0.995156   -0.406372   -0.017956    0.323963    0.871510    0.006452
    2.194423    1.002425   -0.386155   -0.017803    0.305377    0.878884    0.006785
    2.217522    1.009263   -0.365772   -0.017643    0.286622    0.885894    0.007115
    2.240621    1.015665   -0.345231   -0.017475    0.267704    0.892537    0.007443
    2.263720    1.021629   -0.324541   -0.017299    0.248629    0.898808    0.007769
    2.286819    1.027151   -0.303710   -0.017116    0.229403    0.904703    0.008092
    2.286819    1.027151   -0.303710   -0.017116    0.225030    0.894552    0.010179
    2.297946    1.029603   -0.293742   -0.017002    0.215717    0.897257    0.010334
    2.309072    1.031951   -0.283745   -0.016886    0.206371    0.899875    0.010487
    2.320198    1.034195   -0.273718   -0.016768    0.196993    0.902406    0.010640
    2.331324    1.036334   -0.263665   -0.016649    0.187582    0.904848    0.010792
    2.342450    1.038369   -0.253584   -0.016528    0.178141    0.907202    0.010943
    2.353576    1.040298   -0.243478   -0.016405    0.168669    0.909467    0.011093
    2.364702    1.042122   -0.233347   -0.016281    0.159167    0.911643    0.011242
    2.375828    1.043840   -0.223192   -0.016155    0.149636    0.913729    0.011390
    2.386954    1.045451   -0.213014   -0.016028    0.140076    0.915724    0.011538
    2.398081    1.046957   -0.202815   -0.015899    0.130488    0.917630    0.011684
    2.409207    1.048355   -0.192596   -0.015768    0.120873    0.919444    0.011829
    2.420333    1.049646   -0.182356   -0.015635    0.111231    0.921167    0.011974
    2.431459    1.050830   -0.172098   -0.015501    0.101563    0.922799    0.012117
    2.442585    1.051906   -0.161822   -0.015366    0.091870    0.924338    0.012259
    2.453711    1.052874   -0.151530   -0.015229    0.082153    0.925785    0.012400
    2.464837    1.053734   -0.141222   -0.015090    0.072411    0.927139    0.012541
    2.475963    1.054485   -0.130899   -0.014949    0.062646    0.928399    0.012680
    2.487089    1.055128   -0.120563   -0.014808    0.052859    0.929566    0.012818
    2.498215    1.055662   -0.110215   -0.014664    0.043050    0.930638    0.012955
    2.509342    1.056086   -0.099855   -0.014519    0.033219    0.931616    0.013091
    2.520468    1.056401   -0.089484   -0.014373    0.023369    0.932499    0.013225
    2.531594    1.056606   -0.079105   -0.014225    0.013498    0.933286    0.013359
    2.542720    1.056701   -0.068717   -0.014076    0.003609    0.933978    0.013491
    2.553846    1.056686   -0.058322   -0.013925   -0.006299    0.934574    0.013623
    2.564972    1.056561   -0.047921   -0.013773   -0.016224    0.935073    0.013753
    2.576098    1.056325   -0.037515   -0.013619   -0.026166    0.935475    0.013882
    2.587224    1.055978   -0.027105   -0.013464   -0.036123    0.935779    0.014009
    2.598350    1.055521   -0.016692   -0.013307   -0.046096    0.935986    0.014136
    2.609476    1.054953   -0.006278   -0.013149   -0.056084    0.936095    0.014261
    2.620603    1.054273    0.004137   -0.012990   -0.066085    0.936105    0.014385
    2.631729    1.053482    0.014552   -0.012829   -0.076099    0.936016    0.014508
    2.642855    1.052580    0.024966   -0.012667   -0.086124    0.935828    0.014629
    2.653981    1.051566    0.035376   -0.012503   -0.096162    0.935540    0.014749
    2.665107    1.050440    0.045783   -0.012339   -0.106209    0.935152    0.014868
    2.676233    1.049202    0.056185   -0.012173   -0.116266    0.934664    0.014985
    2.687359    1.047853    0.066581   -0.012005   -0.126332    0.934074    0.015101
    2.698485    1.046391    0.076970   -0.011837   -0.136406    0.933384    0.015216
    2.709611    1.044817    0.087350   -0.011667   -0.146487    0.932592    0.015329
    2.720737    1.043131    0.097722   -0.011496   -0.156574    0.931698    0.015441
    2.731864    1.041333    0.108082   -0.011323   -0.166667    0.930701    0.015552
    2.742990    1.039423    0.118431   -0.011149   -0.176764    0.929602    0.015661
    2.754116    1.037400    0.128768   -0.010975   -0.186865    0.928400    0.015768
    2.765242    1.035264    0.139090   -0.010799   -0.196968    0.927094    0.015874
    2.776368    1.033017    0.149397   -0.010621   -0.207074    0.925684    0.015979
    2.787494    1.030657    0.159688   -0.010443   -0.217180    0.924171    0.016082
    2.798620    1.028184    0.169962   -0.010264   -0.227286    0.922552    0.016184
    2.809746    1.025599    0.180217   -0.010083   -0.237392    0.920829    0.016284
    2.820872    1.022901    0.190452   -0.009901   -0.247495    0.919001    0.016382
    2.831998    1.020092    0.200666   -0.009718   -0.257596    0.917068    0.016479
    2.843125    1.017169    0.210858   -0.009534   -0.267693    0.915028    0.016575
    2.854251    1.014135    0.221027   -0.009350   -0.277785    0.912882    0.016669
    2.865377    1.010988    0.231171   -0.009164   -0.287871    0.910630    0.016761
    2.876503    1.007729    0.241290   -0.008977   -0.297951    0.908271    0.016852
    2.887629    1.004358    0.251382   -0.008789   -0.308023    0.905805    0.016940
    2.898755    1.000875    0.261446   -0.008600   -0.318086    0.903231    0.017028
    2.909881    0.997280    0.271480   -0.008410   -0.328140    0.900550    0.017113
    2.921007    0.993573    0.281485   -0.008219   -0.338183    0.897760    0.017197
    2.932133    0.989755    0.291457   -0.008027   -0.348214    0.894862    0.017279
    2.943259    0.985825    0.301397   -0.007834   -0.358232    0.891856    0.017360
    2.954386    0.981783    0.311303   -0.007641   -0.368236    0.888741    0.017438
    2.965512    0.977631    0.321173   -0.007446   -0.378225    0.885516    0.017515
    2.976638    0.973367    0.331007   -0.007251   -0.388199    0.882182    0.017591
    2.987764    0.968993    0.340803   -0.007055   -0.398155    0.878739    0.017664
    2.998890    0.964507    0.350560   -0.006858   -0.408092    0.875185    0.017735
    3.010016    0.959912    0.360277   -0.006660   -0.418011    0.871522    0.017805
    3.021142    0.955206    0.369953   -0.006462   -0.427909    0.867748    0.017873
    3.032268    0.950390    0.379586   -0.006263   -0.437785    0.863863    0.017939
    3.043394    0.945464    0.389176   -0.006063   -0.447638    0.859867    0.018003
    3.054521    0.940429    0.398720   -0.005862   -0.457468    0.855761    0.018065
    3.065647    0.935285    0.408218   -0.005661   -0.467272    0.851543    0.018125
    3.076773    0.930031    0.417668   -0.005459   -0.477050    0.847214    0.018183
    3.087899    0.924669    0.427070   -0.005256   -0.486800    0.842773    0.018240
    3.099025    0.919199    0.436421   -0.005053   -0.496522    0.838220    0.018294
    3.110151    0.913621    0.445722   -0.004849   -0.506214    0.833555    0.018347
    3.121277    0.907935    0.454969   -0.004645   -0.515874    0.828778    0.018397
    3.132403    0.902141    0.464163   -0.004440   -0.525502    0.823889    0.018445
    3.143529    0.896241    0.473302   -0.004234   -0.535097    0.818888    0.018491
    3.154655    0.890234    0.482385   -0.004028   -0.544656    0.813774    0.018536
    3.165782    0.884122    0.491410   -0.003822   -0.554179    0.808548    0.018578
    3.176908    0.877903    0.500376   -0.003615   -0.563665    0.803208    0.018618
    3.188034    0.871579    0.509283   -0.003407   -0.573112    0.797756    0.018656
    3.199160    0.865150    0.518128   -0.003200   -0.582518    0.792192    0.018692
    3.210286    0.858617    0.526910   -0.002991   -0.591883    0.786514    0.018725
    3.221412    0.851980    0.535629   -0.002783   -0.601206    0.780723    0.018757
    3.232538    0.845239    0.544283   -0.002574   -0.610484    0.774820    0.018786
    3.243664    0.838395    0.552870   -0.002365   -0.619716    0.768803    0.018813
    3.254790    0.831449    0.561390   -0.002155   -0.628902    0.762674    0.018838
    3.265916    0.824401    0.569841   -0.001946   -0.638039    0.756431    0.018861
    3.277043    0.817251    0.578222   -0.001736   -0.647127    0.750076    0.018881
    3.288169    0.810001    0.586531   -0.001526   -0.656163    0.743608    0.018899
    3.299295    0.802650    0.594768   -0.001315   -0.665147    0.737027    0.018915
    3.310421    0.795200    0.602931   -0.001105   -0.674077    0.730333    0.018928
    3.321547    0.787651    0.611019   -0.000894   -0.682952    0.723527    0.018940
    3.332673    0.780003    0.619031   -0.000683   -0.691770    0.716608    0.018948
    3.343799    0.772258    0.626965   -0.000472   -0.700529    0.709577    0.018955
    3.354925    0.764415    0.634820   -0.000261   -0.709229    0.702433    0.018959
    3.366051    0.756476    0.642595   -0.000051   -0.717867    0.695178    0.018961
    3.377177    0.748441    0.650289    0.000160   -0.726443    0.687811    0.018960
    3.388304    0.740311    0.657900    0.000371   -0.734954    0.680332    0.018957
    3.388304    0.740311    0.657900    0.000371   -0.734966    0.680316    0.018952
    3.394047    0.736078    0.661796    0.000480   -0.739334    0.676412    0.018950
    3.399790    0.731819    0.665669    0.000589   -0.743684    0.672478    0.018947
    3.405533    0.727536    0.669520    0.000698   -0.748016    0.668515    0.018943
    3.411276    0.723228    0.673348    0.000807   -0.752329    0.664522    0.018938
    3.417019    0.718895    0.677153    0.000915   -0.756625    0.660499    0.018933
    3.422762    0.714537    0.680935    0.001024   -0.760902    0.656447    0.018928
    3.428505    0.710155    0.684693    0.001133   -0.765160    0.652366    0.018921
    3.434248    0.705748    0.688428    0.001241   -0.769399    0.648255    0.018914
    3.439991    0.701317    0.692139    0.001350   -0.773618    0.644114    0.018906
    3.445734    0.696862    0.695826    0.001459   -0.777819    0.639945    0.018898
    3.451477    0.692383    0.699489    0.001567   -0.782000    0.635746    0.018889
    3.457220    0.687880    0.703128    0.001676   -0.786160    0.631518    0.018879
    3.462963    0.683354    0.706743    0.001784   -0.790301    0.627260    0.018868
    3.468706    0.678803    0.710333    0.001892   -0.794421    0.622974    0.018857
    3.474449    0.674229    0.713898    0.002001   -0.798521    0.618658    0.018845
    3.480192    0.669631    0.717439    0.002109   -0.802600    0.614313    0.018833
    3.485935    0.665010    0.720954    0.002217   -0.806659    0.609940    0.018820
    3.491678    0.660366    0.724444    0.002325   -0.810695    0.605537    0.018806
    3.497421    0.655698    0.727909    0.002433   -0.814711    0.601106    0.018792
    3.503164    0.651008    0.731349    0.002541   -0.818705    0.596646    0.018776
    3.508908    0.646295    0.734762    0.002649   -0.822677    0.592157    0.018760
    3.514651    0.641559    0.738150    0.002756   -0.826627    0.587639    0.018744
    3.520394    0.636800    0.741512    0.002864   -0.830555    0.583093    0.018727
    3.526137    0.632019    0.744848    0.002971   -0.834460    0.578518    0.018709
    3.531880    0.627215    0.748157    0.003079   -0.838342    0.573915    0.018690
    3.537623    0.622390    0.751440    0.003186   -0.842202    0.569284    0.018671
    3.543366    0.617542    0.754696    0.003293   -0.846038    0.564624    0.018651
    3.549109    0.612672    0.757925    0.003400   -0.849851    0.559936    0.018630
    3.554852    0.607780    0.761127    0.003507   -0.853640    0.555219    0.018608
    3.560595    0.602867    0.764302    0.003614   -0.857405    0.550475    0.018586
    3.566338    0.597932    0.767450    0.003721   -0.861146    0.545703    0.018563
    3.572081    0.592976    0.770570    0.003827   -0.864863    0.540902    0.018540
    3.577824    0.587998    0.773663    0.003934   -0.868556    0.536074    0.018516
    3.583567    0.583000    0.776727    0.004040   -0.872223    0.531219    0.018491
    3.589310    0.577980    0.779764    0.004146   -0.875866    0.526335    0.018465
    3.595053    0.572939    0.782773    0.004252   -0.879483    0.521424    0.018439
    3.600796    0.567878    0.785753    0.004358   -0.883075    0.516486    0.018411
    3.606539    0.562796    0.788705    0.004463   -0.886641    0.511520    0.018384
    3.612282    0.557694    0.791629    0.004569   -0.890181    0.506527    0.018355
    3.618025    0.552572    0.794523    0.004674   -0.893695    0.501506    0.018326
    3.623768    0.547429    0.797389    0.004779   -0.897183    0.496459    0.018296
    3.629511    0.542267    0.800226    0.004884   -0.900644    0.491385    0.018265
    3.635255    0.537084    0.803033    0.004989   -0.904078    0.486283    0.018234
    3.640998    0.531882    0.805811    0.005094   -0.907485    0.481155    0.018202
    3.646741    0.526661    0.808560    0.005198   -0.910865    0.476001    0.018169
    3.652484    0.521420    0.811278    0.005302   -0.914218    0.470820    0.018135
    3.658227    0.516160    0.813967    0.005407   -0.917542    0.465612    0.018101
    3.663970    0.510881    0.816626    0.005510   -0.920839    0.460378    0.018066
    3.669713    0.505583    0.819255    0.005614   -0.924107    0.455118    0.018030
    3.675456    0.500267    0.821854    0.005717   -0.927347    0.449832    0.017994
    3.681199    0.494932    0.824422    0.005821   -0.930558    0.444520    0.017956
    3.686942    0.489579    0.826960    0.005924   -0.933741    0.439182    0.017918
    3.692685    0.484207    0.829466    0.006027   -0.936894    0.433819    0.017880
    3.698428    0.478817    0.831942    0.006129   -0.940017    0.428430    0.017840
    3.704171    0.473410    0.834387    0.006231   -0.943112    0.423015    0.017800
    3.709914    0.467985    0.836801    0.006334   -0.946176    0.417575    0.017759
    3.715657    0.462542    0.839184    0.006435   -0.949210    0.412110    0.017717
    3.721400    0.457082    0.841535    0.006537   -0.952214    0.406620    0.017675
    3.727143    0.451605    0.843854    0.006638   -0.955187    0.401106    0.017632
    3.732886    0.446111    0.846142    0.006740   -0.958130    0.395566    0.017588
    3.738629    0.440600    0.848398    0.006840   -0.961041    0.390002    0.017544
    3.744372    0.435072    0.850621    0.006941   -0.963922    0.384413    0.017498
    3.750115    0.429528    0.852813    0.007041   -0.966771    0.378800    0.017452
    3.755858    0.423968    0.854972    0.007142   -0.969588    0.373163    0.017405
    3.761602    0.418391    0.857099    0.007241   -0.972373    0.367502    0.017358
    3.767345    0.412799    0.859193    0.007341   -0.975126    0.361817    0.017309
    3.773088    0.407191    0.861255    0.007440   -0.977847    0.356109    0.017260
    3.778831    0.401568    0.863284    0.007539   -0.980535    0.350377    0.017211
    3.784574    0.395929    0.865279    0.007638   -0.983191    0.344621    0.017160
    3.790317    0.390275    0.867242    0.007736   -0.985813    0.338843    0.017109
    3.796060    0.384606    0.869171    0.007834   -0.988402    0.333041    0.017057
    3.801803    0.378922    0.871067    0.007932   -0.990957    0.327217    0.017004
    3.807546    0.373223    0.872930    0.008030   -0.993479    0.321370    0.016951
    3.813289    0.367511    0.874758    0.008127   -0.995966    0.315501    0.016896
    3.819032    0.361784    0.876553    0.008224   -0.998420    0.309609    0.016841
    3.824775    0.356043    0.878315    0.008320   -1.000839    0.303695    0.016786
    3.830518    0.350288    0.880042    0.008417   -1.003223    0.297759    0.016729
    3.836261    0.344520    0.881735    0.008512   -1.005573    0.291802    0.016672
    3.842004    0.338738    0.883393    0.008608   -1.007887    0.285822    0.016614
    3.847747    0.332943    0.885018    0.008703   -1.010167    0.279822    0.016555
    3.853490    0.327135    0.886607    0.008798   -1.012410    0.273800    0.016496
    3.859233    0.321315    0.888162    0.008893   -1.014618    0.267758    0.016435
    3.864976    0.315481    0.889683    0.008987   -1.016790    0.261694    0.016374
    3.870719    0.309636    0.891168    0.009081   -1.018925    0.255610    0.016313
    3.876462    0.303778    0.892619    0.009174   -1.021024    0.249506    0.016250
    3.882205    0.297908    0.894034    0.009267   -1.023087    0.243381    0.016187
    3.887949    0.292027    0.895414    0.009360   -1.025113    0.237237    0.016123
    3.893692    0.286134    0.896759    0.009453   -1.027101    0.231073    0.016058
    3.899435    0.280229    0.898068    0.009545   -1.029053    0.224889    0.015993
    3.905178    0.274314    0.899342    0.009636   -1.030966    0.218686    0.015927
    3.910921    0.268388    0.900580    0.009728   -1.032842    0.212464    0.015860
    3.916664    0.262451    0.901782    0.009819   -1.034680    0.206223    0.015792
    3.922407    0.256503    0.902949    0.009909   -1.036480    0.199963    0.015724
    3.928150    0.250546    0.904079    0.009999   -1.038242    0.193685    0.015654
    3.933893    0.244578    0.905173    0.010089   -1.039965    0.187389    0.015584
    3.939636    0.238601    0.906231    0.010178   -1.041649    0.181075    0.015514
    3.945379    0.232614    0.907253    0.010267   -1.043295    0.174743    0.015442
    3.951122    0.226617    0.908239    0.010355   -1.044901    0.168394    0.015370
    3.956865    0.220612    0.909187    0.010444   -1.046467    0.162027    0.015297
    3.956865    0.220612    0.909187    0.010444   -1.046467    0.162027    0.015297

    0.000000    0.220612    0.909187    0.010444   -1.046467    0.162027    0.015297
    3.956865    0.220612    0.909187    0.010444   -1.046467    0.162027    0.015297
    3.958760    0.218629    0.909492    0.010473   -1.046975    0.159923    0.015273
    3.960654    0.216645    0.909793    0.010501   -1.047479    0.157818    0.015249
    3.962549    0.214660    0.910090    0.010530   -1.047979    0.155710    0.015225
    3.964443    0.212674    0.910383    0.010559   -1.048474    0.153600    0.015200
    3.966338    0.210687    0.910672    0.010588   -1.048965    0.151489    0.015176
    3.968232    0.208699    0.910957    0.010617   -1.049451    0.149376    0.015151
    3.970127    0.206711    0.911238    0.010645   -1.049933    0.147261    0.015126
    3.972022    0.204721    0.911515    0.010674   -1.050411    0.145144    0.015102
    3.973916    0.202731    0.911788    0.010703   -1.050885    0.143026    0.015077
    3.975811    0.200739    0.912057    0.010731   -1.051354    0.140906    0.015052
    3.977705    0.198747    0.912322    0.010760   -1.051818    0.138784    0.015027
    3.979600    0.196754    0.912583    0.010788   -1.052278    0.136660    0.015002
    3.981494    0.194760    0.912840    0.010816   -1.052734    0.134535    0.014977
    3.983389    0.192765    0.913093    0.010845   -1.053186    0.132407    0.014951
    3.985283    0.190769    0.913342    0.010873   -1.053633    0.130279    0.014926
    3.987178    0.188772    0.913587    0.010901   -1.054075    0.128148    0.014901
    3.989073    0.186775    0.913827    0.010930   -1.054514    0.126016    0.014875
    3.990967    0.184777    0.914064    0.010958   -1.054947    0.123882    0.014850
    3.992862    0.182778    0.914297    0.010986   -1.055377    0.121746    0.014824
    3.994756    0.180778    0.914525    0.011014   -1.055802    0.119608    0.014798
    3.996651    0.178777    0.914750    0.011042   -1.056222    0.117469    0.014773
    3.998545    0.176776    0.914970    0.011070   -1.056638    0.115329    0.014747
    4.000440    0.174773    0.915187    0.011098   -1.057050    0.113186    0.014721
    4.002334    0.172770    0.915399    0.011126   -1.057457    0.111042    0.014695
    4.004229    0.170767    0.915608    0.011153   -1.057859    0.108897    0.014669
    4.006124    0.168762    0.915812    0.011181   -1.058257    0.106749    0.014642
    4.008018    0.166757    0.916012    0.011209   -1.058651    0.104601    0.014616
    4.009913    0.164751    0.916208    0.011237   -1.059040    0.102450    0.014590
    4.011807    0.162744    0.916400    0.011264   -1.059425    0.100298    0.014563
    4.013702    0.160736    0.916588    0.011292   -1.059805    0.098144    0.014537
    4.015596    0.158728    0.916772    0.011319   -1.060180    0.095989    0.014510
    4.017491    0.156719    0.916952    0.011347   -1.060551    0.093832    0.014484
    4.019385    0.154710    0.917128    0.011374   -1.060918    0.091674    0.014457
    4.021280    0.152699    0.917299    0.011401   -1.061280    0.089514    0.014430
    4.023174    0.150688    0.917467    0.011429   -1.061637    0.087353    0.014403
    4.025069    0.148677    0.917630    0.011456   -1.061990    0.085190    0.014376
    4.026964    0.146664    0.917790    0.011483   -1.062338    0.083025    0.014349
    4.028858    0.144651    0.917945    0.011510   -1.062682    0.080860    0.014322
    4.030753    0.142638    0.918096    0.011538   -1.063021    0.078692    0.014295
    4.032647    0.140623    0.918243    0.011565   -1.063356    0.076523    0.014268
    4.034542    0.138609    0.918386    0.011592   -1.063686    0.074353    0.014240
    4.036436    0.136593    0.918525    0.011619   -1.064011    0.072181    0.014213
    4.038331    0.134577    0.918660    0.011645   -1.064332    0.070008    0.014185
    4.040225    0.132560    0.918790    0.011672   -1.064648    0.067833    0.014158
    4.042120    0.130543    0.918917    0.011699   -1.064960    0.065657    0.014130
    4.044015    0.128525    0.919039    0.011726   -1.065266    0.063479    0.014102
    4.045909    0.126506    0.919157    0.011753   -1.065569    0.061300    0.014074
    4.047804    0.124487    0.919271    0.011779   -1.065866    0.059120    0.014046
    4.049698    0.122468    0.919381    0.011806   -1.066159    0.056938    0.014018
    4.051593    0.120448    0.919487    0.011832   -1.066448    0.054755    0.013990
    4.053487    0.118427    0.919589    0.011859   -1.066732    0.052570    0.013962
    4.055382    0.116406    0.919686    0.011885   -1.067011    0.050384    0.013934
    4.057276    0.114384    0.919779    0.011912   -1.067285    0.048197    0.013906
    4.059171    0.112362    0.919869    0.011938   -1.067555    0.046008    0.013877
    4.061066    0.110339    0.919954    0.011964   -1.067820    0.043819    0.013849
    4.062960    0.108316    0.920035    0.011990   -1.068080    0.041627    0.013820
    4.064855    0.106292    0.920112    0.012017   -1.068336    0.039435    0.013792
    4.066749    0.104267    0.920184    0.012043   -1.068587    0.037241    0.013763
    4.068644    0.102243    0.920253    0.012069   -1.068833    0.035046    0.013734
    4.070538    0.100218    0.920317    0.012095   -1.069075    0.032849    0.013706
    4.072433    0.098192    0.920377    0.012121   -1.069312    0.030652    0.013677
    4.074327    0.096166    0.920433    0.012146   -1.069544    0.028453    0.013648
    4.076222    0.094139    0.920485    0.012172   -1.069772    0.026252    0.013619
    4.078117    0.092112    0.920533    0.012198   -1.069994    0.024051    0.013589
    4.080011    0.090085    0.920576    0.012224   -1.070212    0.021848    0.013560
    4.081906    0.088057    0.920615    0.012249   -1.070425    0.019644    0.013531
    4.083800    0.086029    0.920650    0.012275   -1.070634    0.017439    0.013502
    4.085695    0.084000    0.920681    0.012301   -1.070838    0.015233    0.013472
    4.087589    0.081971    0.920708    0.012326   -1.071037    0.013026    0.013443
    4.089484    0.079942    0.920731    0.012352   -1.071231    0.010817    0.013413
    4.091378    0.077912    0.920749    0.012377   -1.071420    0.008607    0.013383
    4.093273    0.075882    0.920763    0.012402   -1.071605    0.006396    0.013354
    4.095168    0.073852    0.920773    0.012428   -1.071785    0.004184    0.013324
    4.097062    0.071821    0.920779    0.012453   -1.071960    0.001971    0.013294
    4.098957    0.069790    0.920781    0.012478   -1.072130   -0.000243    0.013264
    4.100851    0.067759    0.920778    0.012503   -1.072296   -0.002458    0.013234
    4.102746    0.065727    0.920772    0.012528   -1.072456   -0.004675    0.013204
    4.104640    0.063695    0.920761    0.012553   -1.072612   -0.006893    0.013173
    4.106535    0.061663    0.920745    0.012578   -1.072763   -0.009111    0.013143
    4.108429    0.059630    0.920726    0.012603   -1.072909   -0.011331    0.013113
    4.110324    0.057598    0.920703    0.012628   -1.073051   -0.013552    0.013082
    4.112219    0.055565    0.920675    0.012652   -1.073187   -0.015773    0.013052
    4.114113    0.053531    0.920643    0.012677   -1.073319   -0.017996    0.013021
    4.116008    0.051498    0.920607    0.012702   -1.073446   -0.020220    0.012991
    4.117902    0.049464    0.920566    0.012726   -1.073568   -0.022445    0.012960
    4.119797    0.047430    0.920522    0.012751   -1.073685   -0.024671    0.012929
    4.121691    0.045396    0.920473    0.012775   -1.073797   -0.026898    0.012898
    4.123586    0.043361    0.920420    0.012800   -1.073905   -0.029125    0.012867
    4.125480    0.041326    0.920362    0.012824   -1.074007   -0.031354    0.012836
    4.127375    0.039292    0.920301    0.012848   -1.074105   -0.033584    0.012805
    4.129270    0.037256    0.920235    0.012873   -1.074198   -0.035814    0.012774
    4.131164    0.035221    0.920165    0.012897   -1.074285   -0.038046    0.012743
    4.133059    0.033186    0.920091    0.012921   -1.074368   -0.040278    0.012711
    4.134953    0.031150    0.920012    0.012945   -1.074447   -0.042512    0.012680
    4.136848    0.029115    0.919930    0.012969   -1.074520   -0.044746    0.012649
    4.138742    0.027079    0.919843    0.012993   -1.074588   -0.046981    0.012617
    4.140637    0.025043    0.919752    0.013017   -1.074651   -0.049217    0.012585
    4.142531    0.023007    0.919656    0.013041   -1.074710   -0.051454    0.012554
    4.144426    0.020971    0.919557    0.013064   -1.074763   -0.053692    0.012522
    4.144426    0.020971    0.919557    0.013064   -1.094396   -0.068069    0.010929
    4.163372    0.000234    0.918055    0.013268   -1.094654   -0.090496    0.010608
    4.182317   -0.020504    0.916127    0.013466   -1.094405   -0.113008    0.010280
    4.201263   -0.041231    0.913772    0.013658   -1.093643   -0.135590    0.009945
    4.220208   -0.061940    0.910989    0.013843   -1.092363   -0.158229    0.009604
    4.239154   -0.082619    0.907777    0.014022   -1.090560   -0.180912    0.009256
    4.258099   -0.103259    0.904134    0.014194   -1.088229   -0.203624    0.008903
    4.277045   -0.123850    0.900061    0.014359   -1.085368   -0.226351    0.008543
    4.295990   -0.144381    0.895557    0.014517   -1.081973   -0.249077    0.008177
    4.314936   -0.164843    0.890623    0.014669   -1.078041   -0.271789    0.007806
    4.333881   -0.185226    0.885259    0.014813   -1.073570   -0.294470    0.007430
    4.352827   -0.205519    0.879466    0.014950   -1.068558   -0.317106    0.007048
    4.371773   -0.225711    0.873244    0.015080   -1.063004   -0.339680    0.006661
    4.390718   -0.245794    0.866596    0.015203   -1.056907   -0.362177    0.006270
    4.409664   -0.265755    0.859521    0.015318   -1.050267   -0.384582    0.005874
    4.428609   -0.285586    0.852024    0.015425   -1.043084   -0.406877    0.005473
    4.447555   -0.305276    0.844105    0.015525   -1.035361   -0.429048    0.005068
    4.466500   -0.324814    0.835768    0.015617   -1.027098   -0.451077    0.004660
    4.485446   -0.344190    0.827014    0.015702   -1.018298   -0.472949    0.004248
    4.504391   -0.363395    0.817848    0.015778   -1.008964   -0.494648    0.003833
    4.523337   -0.382417    0.808273    0.015847   -0.999098   -0.516157    0.003415
    4.542283   -0.401248    0.798292    0.015907   -0.988707   -0.537460    0.002993
    4.561228   -0.419877    0.787909    0.015960   -0.977793   -0.558542    0.002570
    4.580174   -0.438295    0.777130    0.016005   -0.966363   -0.579386    0.002144
    4.599119   -0.456491    0.765957    0.016041   -0.954423   -0.599977    0.001717
    4.618065   -0.474456    0.754398    0.016070   -0.941979   -0.620299    0.001287
    4.637010   -0.492180    0.742455    0.016090   -0.929039   -0.640337    0.000857
    4.655956   -0.509655    0.730136    0.016102   -0.915610   -0.660077    0.000425
    4.674901   -0.526871    0.717446    0.016106   -0.901701   -0.679502   -0.000007
    4.693847   -0.543818    0.704391    0.016102   -0.887320   -0.698598   -0.000440
    4.712792   -0.560489    0.690978    0.016090   -0.872478   -0.717352   -0.000872
    4.731738   -0.576875    0.677212    0.016069   -0.857184   -0.735750   -0.001305
    4.750684   -0.592966    0.663102    0.016040   -0.841450   -0.753778   -0.001736
    4.769629   -0.608755    0.648653    0.016003   -0.825285   -0.771422   -0.002168
    4.788575   -0.624234    0.633874    0.015958   -0.808702   -0.788671   -0.002597
    4.807520   -0.639395    0.618772    0.015905   -0.791713   -0.805513   -0.003026
    4.826466   -0.654231    0.603355    0.015843   -0.774331   -0.821935   -0.003452
    4.845411   -0.668733    0.587631    0.015774   -0.756568   -0.837926   -0.003877
    4.864357   -0.682896    0.571608    0.015697   -0.738437   -0.853476   -0.004299
    4.883302   -0.696711    0.555295    0.015611   -0.719953   -0.868574   -0.004718
    4.902248   -0.710173    0.538700    0.015518   -0.701129   -0.883212   -0.005135
    4.921193   -0.723276    0.521832    0.015417   -0.681980   -0.897379   -0.005548
    4.940139   -0.736012    0.504700    0.015308   -0.662520   -0.911068   -0.005958
    4.959085   -0.748377    0.487313    0.015191   -0.642765   -0.924270   -0.006364
    4.978030   -0.760366    0.469682    0.015066   -0.622730   -0.936979   -0.006766
    4.996976   -0.771972    0.451813    0.014935   -0.602429   -0.949188   -0.007163
    5.015921   -0.783191    0.433719    0.014795   -0.581878   -0.960889   -0.007556
    5.034867   -0.794018    0.415408    0.014648   -0.561094   -0.972079   -0.007944
    5.053812   -0.804450    0.396889    0.014494   -0.540091   -0.982752   -0.008327
    5.072758   -0.814482    0.378173    0.014333   -0.518886   -0.992905   -0.008704
    5.091703   -0.824110    0.359270    0.014164   -0.497495   -1.002532   -0.009076
    5.110649   -0.833331    0.340190    0.013989   -0.475932   -1.011632   -0.009443
    5.129595   -0.842142    0.320942    0.013807   -0.454215   -1.020201   -0.009803
    5.148540   -0.850541    0.301536    0.013617   -0.432359   -1.028239   -0.010157
    5.167486   -0.858524    0.281984    0.013422   -0.410380   -1.035743   -0.010505
    5.186431   -0.866090    0.262294    0.013219   -0.388294   -1.042714   -0.010846
    5.205377   -0.873237    0.242478    0.013011   -0.366116   -1.049150   -0.011181
    5.224322   -0.879962    0.222544    0.012796   -0.343861   -1.055053   -0.011508
    5.243268   -0.886265    0.202504    0.012575   -0.321546   -1.060424   -0.011829
    5.262213   -0.892146    0.182367    0.012348   -0.299184   -1.065263   -0.012142
    5.281159   -0.897602    0.162143    0.012115   -0.276792   -1.069574   -0.012448
    5.300104   -0.902633    0.141843    0.011876   -0.254383   -1.073358   -0.012747
    5.319050   -0.907241    0.121476    0.011632   -0.231972   -1.076619   -0.013038
    5.337996   -0.911423    0.101052    0.011382   -0.209574   -1.079360   -0.013321
    5.356941   -0.915182    0.080581    0.011127   -0.187202   -1.081585   -0.013597
    5.375887   -0.918517    0.060073    0.010867   -0.164869   -1.083298   -0.013865
    5.394832   -0.921429    0.039537    0.010602   -0.142590   -1.084504   -0.014125
    5.413778   -0.923920    0.018983    0.010332   -0.120377   -1.085209   -0.014377
    5.432723   -0.925991   -0.001580    0.010057   -0.098242   -1.085417   -0.014621
    5.451669   -0.927643   -0.022142    0.009778   -0.076199   -1.085136   -0.014857
    5.470614   -0.928879   -0.042694    0.009494   -0.054258   -1.084370   -0.015084
    5.489560   -0.929700   -0.063227    0.009206   -0.032433   -1.083126   -0.015304
    5.508505   -0.930108   -0.083732    0.008914   -0.010733   -1.081412   -0.015515
    5.527451   -0.930107   -0.104200    0.008619    0.010830   -1.079233   -0.015719
    5.546397   -0.929699   -0.124622    0.008319    0.032246   -1.076599   -0.015914
    5.565342   -0.928886   -0.144990    0.008016    0.053505   -1.073515   -0.016101
    5.584288   -0.927673   -0.165296    0.007709    0.074596   -1.069991   -0.016279
    5.603233   -0.926061   -0.185531    0.007399    0.095511   -1.066033   -0.016450
    5.622179   -0.924055   -0.205686    0.007086    0.116240   -1.061650   -0.016612
    5.641124   -0.921658   -0.225755    0.006769    0.136775   -1.056850   -0.016766
    5.660070   -0.918874   -0.245729    0.006450    0.157107   -1.051642   -0.016912
    5.679015   -0.915706   -0.265600    0.006129    0.177230   -1.046033   -0.017050
    5.697961   -0.912160   -0.285362    0.005804    0.197134   -1.040034   -0.017180
    5.716907   -0.908238   -0.305006    0.005478    0.216814   -1.033652   -0.017302
    5.735852   -0.903946   -0.324526    0.005149    0.236261   -1.026896   -0.017416
    5.754798   -0.899287   -0.343914    0.004818    0.255471   -1.019776   -0.017522
    5.773743   -0.894267   -0.363164    0.004485    0.274437   -1.012299   -0.017621
    5.792689   -0.888890   -0.382269    0.004150    0.293152   -1.004476   -0.017711
    5.811634   -0.883161   -0.401222    0.003814    0.311612   -0.996314   -0.017794
    5.830580   -0.877084   -0.420018    0.003476    0.329812   -0.987823   -0.017870
    5.849525   -0.870666   -0.438650    0.003137    0.347747   -0.979012   -0.017937
    5.868471   -0.863910   -0.457112    0.002796    0.365413   -0.969889   -0.017998
    5.887416   -0.856821   -0.475398    0.002455    0.382805   -0.960465   -0.018051
    5.906362   -0.849406   -0.493503    0.002113    0.399919   -0.950746   -0.018097
    5.925308   -0.841670   -0.511421    0.001769    0.416753   -0.940743   -0.018135
    5.944253   -0.833617   -0.529147    0.001425    0.433303   -0.930464   -0.018167
    5.963199   -0.825253   -0.546676    0.001081    0.449566   -0.919917   -0.018192
    5.982144   -0.816584   -0.564002    0.000736    0.465539   -0.909112   -0.018209
    6.001090   -0.807615   -0.581122    0.000391    0.481220   -0.898056   -0.018220
    6.020035   -0.798352   -0.598029    0.000046    0.496607   -0.886759   -0.018224
    6.020035   -0.798352   -0.598029    0.000046    0.585721   -0.807502    0.000052
    6.021930   -0.797241   -0.599558    0.000046    0.587244   -0.806360    0.000052
    6.023824   -0.796127   -0.601085    0.000046    0.588764   -0.805214    0.000052
    6.025719   -0.795010   -0.602609    0.000046    0.590283   -0.804065    0.000052
    6.027613   -0.793890   -0.604131    0.000046    0.591799   -0.802914    0.000052
    6.029508   -0.792768   -0.605651    0.000046    0.593312   -0.801760    0.000052
    6.031403   -0.791642   -0.607169    0.000046    0.594824   -0.800603    0.000052
    6.033297   -0.790514   -0.608685    0.000046    0.596333   -0.799443    0.000051
    6.035192   -0.789383   -0.610198    0.000047    0.597840   -0.798280    0.000051
    6.037086   -0.788249   -0.611710    0.000047    0.599344   -0.797115    0.000051
    6.038981   -0.787112   -0.613219    0.000047    0.600847   -0.795947    0.000051
    6.040875   -0.785972   -0.614726    0.000047    0.602347   -0.794776    0.000051
    6.042770   -0.784829   -0.616230    0.000047    0.603844   -0.793602    0.000051
    6.044664   -0.783684   -0.617733    0.000047    0.605340   -0.792426    0.000051
    6.046559   -0.782536   -0.619233    0.000047    0.606833   -0.791247    0.000051
    6.048454   -0.781385   -0.620731    0.000047    0.608324   -0.790065    0.000051
    6.050348   -0.780231   -0.622226    0.000047    0.609812   -0.788880    0.000051
    6.052243   -0.779074   -0.623720    0.000047    0.611298   -0.787692    0.000051
    6.054137   -0.777914   -0.625211    0.000048    0.612782   -0.786502    0.000050
    6.056032   -0.776752   -0.626700    0.000048    0.614263   -0.785309    0.000050
    6.057926   -0.775587   -0.628187    0.000048    0.615743   -0.784114    0.000050
    6.059821   -0.774419   -0.629671    0.000048    0.617219   -0.782915    0.000050
    6.061715   -0.773248   -0.631153    0.000048    0.618694   -0.781714    0.000050
    6.063610   -0.772075   -0.632633    0.000048    0.620166   -0.780510    0.000050
    6.065505   -0.770898   -0.634111    0.000048    0.621635   -0.779304    0.000050
    6.067399   -0.769719   -0.635586    0.000048    0.623103   -0.778094    0.000050
    6.069294   -0.768537   -0.637059    0.000048    0.624568   -0.776882    0.000050
    6.071188   -0.767353   -0.638530    0.000048    0.626030   -0.775668    0.000050
    6.073083   -0.766165   -0.639998    0.000048    0.627490   -0.774450    0.000050
    6.074977   -0.764975   -0.641464    0.000049    0.628948   -0.773230    0.000049
    6.076872   -0.763782   -0.642928    0.000049    0.630403   -0.772008    0.000049
    6.078766   -0.762586   -0.644389    0.000049    0.631856   -0.770782    0.000049
    6.080661   -0.761388   -0.645848    0.000049    0.633307   -0.769554    0.000049
    6.082556   -0.760187   -0.647305    0.000049    0.634755   -0.768323    0.000049
    6.084450   -0.758983   -0.648760    0.000049    0.636201   -0.767090    0.000049
    6.086345   -0.757776   -0.650212    0.000049    0.637644   -0.765854    0.000049
    6.088239   -0.756567   -0.651662    0.000049    0.639085   -0.764615    0.000049
    6.090134   -0.755355   -0.653109    0.000049    0.640524   -0.763374    0.000049
    6.092028   -0.754140   -0.654554    0.000049    0.641960   -0.762130    0.000049
    6.093923   -0.752922   -0.655997    0.000050    0.643393   -0.760883    0.000049
    6.095817   -0.751702   -0.657437    0.000050    0.644824   -0.759634    0.000048
    6.097712   -0.750479   -0.658875    0.000050    0.646253   -0.758382    0.000048
    6.099607   -0.749253   -0.660311    0.000050    0.647680   -0.757127    0.000048
    6.101501   -0.748025   -0.661744    0.000050    0.649103   -0.755870    0.000048
    6.103396   -0.746794   -0.663175    0.000050    0.650525   -0.754610    0.000048
    6.105290   -0.745560   -0.664603    0.000050    0.651944   -0.753348    0.000048
    6.107185   -0.744323   -0.666029    0.000050    0.653360   -0.752082    0.000048
    6.109079   -0.743084   -0.667453    0.000050    0.654774   -0.750815    0.000048
    6.110974   -0.741842   -0.668874    0.000050    0.656186   -0.749545    0.000048
    6.112868   -0.740598   -0.670293    0.000050    0.657595   -0.748272    0.000048
    6.114763   -0.739351   -0.671710    0.000051    0.659001   -0.746996    0.000047
    6.116658   -0.738101   -0.673124    0.000051    0.660405   -0.745718    0.000047
    6.118552   -0.736848   -0.674535    0.000051    0.661807   -0.744438    0.000047
    6.120447   -0.735593   -0.675944    0.000051    0.663206   -0.743154    0.000047
    6.122341   -0.734335   -0.677351    0.000051    0.664603   -0.741869    0.000047
    6.124236   -0.733075   -0.678755    0.000051    0.665997   -0.740580    0.000047
    6.126130   -0.731812   -0.680157    0.000051    0.667388   -0.739289    0.000047
    6.128025   -0.730546   -0.681557    0.000051    0.668777   -0.737996    0.000047
    6.129919   -0.729278   -0.682954    0.000051    0.670164   -0.736700    0.000047
    6.131814   -0.728007   -0.684348    0.000051    0.671548   -0.735402    0.000047
    6.133709   -0.726733   -0.685740    0.000051    0.672929   -0.734100    0.000047
    6.135603   -0.725457   -0.687130    0.000051    0.674308   -0.732797    0.000046
    6.137498   -0.724178   -0.688517    0.000052    0.675684   -0.731491    0.000046
    6.139392   -0.722897   -0.689901    0.000052    0.677058   -0.730182    0.000046
    6.141287   -0.721613   -0.691283    0.000052    0.678430   -0.728871    0.000046
    6.143181   -0.720326   -0.692663    0.000052    0.679798   -0.727557    0.000046
    6.145076   -0.719037   -0.694040    0.000052    0.681164   -0.726241    0.000046
    6.146970   -0.717745   -0.695415    0.000052    0.682528   -0.724922    0.000046
    6.148865   -0.716451   -0.696787    0.000052    0.683889   -0.723601    0.000046
    6.150760   -0.715154   -0.698157    0.000052    0.685248   -0.722277    0.000046
    6.152654   -0.713854   -0.699524    0.000052    0.686604   -0.720951    0.000046
    6.154549   -0.712552   -0.700888    0.000052    0.687957   -0.719623    0.000045
    6.156443   -0.711247   -0.702251    0.000052    0.689308   -0.718291    0.000045
    6.158338   -0.709940   -0.703610    0.000053    0.690656   -0.716958    0.000045
    6.160232   -0.708630   -0.704967    0.000053    0.692001   -0.715622    0.000045
    6.162127   -0.707318   -0.706322    0.000053    0.693344   -0.714283    0.000045
    6.164021   -0.706003   -0.707674    0.000053    0.694685   -0.712942    0.000045
    6.165916   -0.704686   -0.709023    0.000053    0.696023   -0.711599    0.000045
    6.167811   -0.703366   -0.710370    0.000053    0.697358   -0.710253    0.000045
    6.169705   -0.702044   -0.711714    0.000053    0.698690   -0.708904    0.000045
    6.171600   -0.700719   -0.713056    0.000053    0.700020   -0.707553    0.000045
    6.173494   -0.699391   -0.714395    0.000053    0.701348   -0.706200    0.000044
    6.175389   -0.698061   -0.715732    0.000053    0.702672   -0.704845    0.000044
    6.177283   -0.696729   -0.717066    0.000053    0.703994   -0.703486    0.000044
    6.179178   -0.695394   -0.718398    0.000053    0.705314   -0.702126    0.000044
    6.181072   -0.694056   -0.719727    0.000054    0.706631   -0.700763    0.000044
    6.182967   -0.692716   -0.721053    0.000054    0.707945   -0.699398    0.000044
    6.184862   -0.691374   -0.722377    0.000054    0.709256   -0.698030    0.000044
    6.186756   -0.690029   -0.723698    0.000054    0.710565   -0.696660    0.000044
    6.188651   -0.688681   -0.725016    0.000054    0.711871   -0.695287    0.000044
    6.190545   -0.687331   -0.726332    0.000054    0.713175   -0.693912    0.000044
    6.192440   -0.685979   -0.727646    0.000054    0.714476   -0.692535    0.000043
    6.194334   -0.684624   -0.728956    0.000054    0.715774   -0.691155    0.000043
    6.196229   -0.683267   -0.730265    0.000054    0.717069   -0.689773    0.000043
    6.198123   -0.681907   -0.731570    0.000054    0.718362   -0.688389    0.000043
    6.200018   -0.680545   -0.732873    0.000054    0.719653   -0.687002    0.000043
    6.201913   -0.679180   -0.734173    0.000054    0.720940   -0.685613    0.000043
    6.203807   -0.677813   -0.735471    0.000055    0.722225   -0.684221    0.000043
    6.205702   -0.676444   -0.736766    0.000055    0.723507   -0.682828    0.000043
    6.207596   -0.675072   -0.738058    0.000055    0.724786   -0.681431    0.000043
    6.207596   -0.675072   -0.738058    0.000055    0.724786   -0.681431    0.000043
