
    0.000000   -0.489299    0.826686    0.013773   -0.860999   -0.540235    0.007433
   10.931377   -0.489299    0.826686    0.013773   -0.860999   -0.540235    0.007433
   10.951079   -0.506154    0.815862    0.013917   -0.849931   -0.558498    0.007125
   10.970781   -0.522787    0.804681    0.014054   -0.838473   -0.576545    0.006814
   10.990483   -0.539191    0.793146    0.014185   -0.826627   -0.594368    0.006499
   11.010185   -0.555357    0.781262    0.014310   -0.814397   -0.611958    0.006181
   11.029887   -0.571279    0.769034    0.014429   -0.801788   -0.629308    0.005859
   11.049589   -0.586949    0.756466    0.014541   -0.788805   -0.646409    0.005534
   11.069291   -0.602359    0.743564    0.014647   -0.775450   -0.663253    0.005206
   11.088993   -0.617502    0.730333    0.014746   -0.761729   -0.679831    0.004876
   11.108695   -0.632372    0.716778    0.014839   -0.747647   -0.696135    0.004542
   11.128397   -0.646960    0.702904    0.014925   -0.733209   -0.712157    0.004207
   11.148100   -0.661261    0.688718    0.015004   -0.718420   -0.727889    0.003868
   11.167802   -0.675267    0.674224    0.015077   -0.703285   -0.743323    0.003528
   11.187504   -0.688971    0.659430    0.015143   -0.687810   -0.758451    0.003185
   11.207206   -0.702367    0.644340    0.015203   -0.672001   -0.773265    0.002840
   11.226908   -0.715448    0.628962    0.015255   -0.655863   -0.787758    0.002493
   11.246610   -0.728209    0.613301    0.015301   -0.639403   -0.801922    0.002145
   11.266312   -0.740641    0.597365    0.015340   -0.622627   -0.815748    0.001795
   11.286014   -0.752741    0.581160    0.015372   -0.605542   -0.829231    0.001444
   11.305716   -0.764500    0.564692    0.015397   -0.588155   -0.842363    0.001091
   11.325418   -0.775914    0.547970    0.015415   -0.570472   -0.855135    0.000737
   11.345120   -0.786977    0.530999    0.015426   -0.552500   -0.867542    0.000383
   11.364822   -0.797683    0.513787    0.015430   -0.534247   -0.879576    0.000027
   11.384524   -0.808027    0.496342    0.015427   -0.515721   -0.891231   -0.000329
   11.404226   -0.818003    0.478672    0.015417   -0.496928   -0.902500   -0.000685
   11.423929   -0.827606    0.460783    0.015400   -0.477877   -0.913376   -0.001042
   11.443631   -0.836832    0.442683    0.015376   -0.458576   -0.923852   -0.001399
   11.463333   -0.845675    0.424382    0.015345   -0.439032   -0.933924   -0.001756
   11.483035   -0.854130    0.405886    0.015307   -0.419255   -0.943584   -0.002112
   11.502737   -0.862194    0.387203    0.015261   -0.399253   -0.952826   -0.002469
   11.522439   -0.869861    0.368343    0.015209   -0.379035   -0.961646   -0.002824
   11.542141   -0.877128    0.349313    0.015150   -0.358609   -0.970037   -0.003179
   11.561843   -0.883990    0.330122    0.015084   -0.337985   -0.977993   -0.003533
   11.581545   -0.890445    0.310779    0.015011   -0.317171   -0.985511   -0.003886
   11.601247   -0.896487    0.291292    0.014931   -0.296178   -0.992584   -0.004238
   11.620949   -0.902114    0.271670    0.014844   -0.275014   -0.999208   -0.004588
   11.640651   -0.907323    0.251922    0.014750   -0.253689   -1.005379   -0.004937
   11.660353   -0.912109    0.232057    0.014649   -0.232213   -1.011092   -0.005284
   11.680056   -0.916472    0.212084    0.014542   -0.210597   -1.016342   -0.005629
   11.699758   -0.920407    0.192012    0.014428   -0.188849   -1.021126   -0.005972
   11.719460   -0.923912    0.171851    0.014307   -0.166981   -1.025440   -0.006313
   11.739162   -0.926986    0.151609    0.014179   -0.145003   -1.029281   -0.006651
   11.758864   -0.929626    0.131296    0.014045   -0.122924   -1.032645   -0.006987
   11.778566   -0.931829    0.110921    0.013904   -0.100756   -1.035530   -0.007320
   11.798268   -0.933595    0.090495    0.013756   -0.078509   -1.037932   -0.007650
   11.817970   -0.934922    0.070026    0.013602   -0.056195   -1.039849   -0.007976
   11.837672   -0.935809    0.049524    0.013442   -0.033823   -1.041278   -0.008300
   11.857374   -0.936255    0.028998    0.013275   -0.011405   -1.042219   -0.008620
   11.877076   -0.936258    0.008459    0.013102    0.011047   -1.042668   -0.008936
   11.896778   -0.935819   -0.012084    0.012923    0.033524   -1.042624   -0.009248
   11.916480   -0.934937   -0.032621    0.012738    0.056014   -1.042087   -0.009557
   11.936182   -0.933612   -0.053143    0.012547    0.078505   -1.041054   -0.009861
   11.955885   -0.931844   -0.073640    0.012349    0.100987   -1.039526   -0.010161
   11.975587   -0.929633   -0.094102    0.012146    0.123447   -1.037502   -0.010457
   11.995289   -0.926980   -0.114519    0.011937    0.145875   -1.034982   -0.010748
   12.014991   -0.923885   -0.134881    0.011723    0.168259   -1.031966   -0.011034
   12.034693   -0.920350   -0.155179    0.011503    0.190587   -1.028454   -0.011315
   12.054395   -0.916376   -0.175403    0.011277    0.212849   -1.024447   -0.011591
   12.074097   -0.911963   -0.195543    0.011046    0.235032   -1.019947   -0.011862
   12.093799   -0.907115   -0.215590    0.010809    0.257125   -1.014953   -0.012127
   12.113501   -0.901832   -0.235534    0.010568    0.279117   -1.009469   -0.012387
   12.133203   -0.896117   -0.255364    0.010321    0.300997   -1.003495   -0.012641
   12.152905   -0.889973   -0.275072    0.010070    0.322752   -0.997034   -0.012890
   12.172607   -0.883401   -0.294648    0.009814    0.344372   -0.990088   -0.013132
   12.192309   -0.876404   -0.314083    0.009552    0.365844   -0.982661   -0.013369
   12.212012   -0.868986   -0.333366    0.009287    0.387159   -0.974754   -0.013599
   12.231714   -0.861149   -0.352489    0.009017    0.408304   -0.966372   -0.013822
   12.251416   -0.852898   -0.371442    0.008742    0.429268   -0.957518   -0.014040
   12.271118   -0.844236   -0.390216    0.008463    0.450040   -0.948195   -0.014250
   12.290820   -0.835166   -0.408802    0.008181    0.470609   -0.938409   -0.014454
   12.310522   -0.825693   -0.427190    0.007894    0.490965   -0.928163   -0.014651
   12.330224   -0.815821   -0.445372    0.007603    0.511096   -0.917462   -0.014841
   12.349926   -0.805555   -0.463339    0.007309    0.530991   -0.906312   -0.015024
   12.369628   -0.794900   -0.481082    0.007011    0.550640   -0.894717   -0.015200
   12.389330   -0.783860   -0.498592    0.006710    0.570033   -0.882683   -0.015368
   12.409032   -0.772440   -0.515860    0.006406    0.589159   -0.870216   -0.015530
   12.428734   -0.760646   -0.532879    0.006098    0.608007   -0.857322   -0.015683
   12.448436   -0.748484   -0.549639    0.005788    0.626569   -0.844008   -0.015830
   12.468138   -0.735959   -0.566134    0.005475    0.644833   -0.830280   -0.015968
   12.487841   -0.723077   -0.582353    0.005159    0.662790   -0.816144   -0.016099
   12.507543   -0.709844   -0.598290    0.004840    0.680431   -0.801609   -0.016222
   12.527245   -0.696267   -0.613937    0.004520    0.697746   -0.786682   -0.016337
   12.546947   -0.682352   -0.629286    0.004197    0.714725   -0.771370   -0.016445
   12.566649   -0.668106   -0.644330    0.003872    0.731361   -0.755681   -0.016544
   12.586351   -0.653536   -0.659061    0.003545    0.747643   -0.739623   -0.016635
   12.606053   -0.638648   -0.673472    0.003216    0.763564   -0.723205   -0.016719
   12.625755   -0.623451   -0.687556    0.002886    0.779115   -0.706435   -0.016794
   12.645457   -0.607950   -0.701306    0.002555    0.794288   -0.689322   -0.016861
   12.665159   -0.592155   -0.714716    0.002222    0.809075   -0.671875   -0.016920
   12.684861   -0.576072   -0.727779    0.001888    0.823468   -0.654103   -0.016970
   12.704563   -0.559709   -0.740488    0.001553    0.837459   -0.636016   -0.017013
   12.724265   -0.543075   -0.752838    0.001218    0.851042   -0.617623   -0.017047
   12.743967   -0.526178   -0.764823    0.000881    0.864210   -0.598933   -0.017073
   12.763670   -0.509025   -0.776437    0.000545    0.876955   -0.579957   -0.017090
   12.783372   -0.491625   -0.787674    0.000208    0.889272   -0.560705   -0.017100
   12.803074   -0.473987   -0.798529   -0.000129    0.901153   -0.541188   -0.017101
   12.822776   -0.456118   -0.808997   -0.000466    0.912594   -0.521414   -0.017093
   12.842478   -0.438029   -0.819074   -0.000802    0.923588   -0.501396   -0.017078
   12.862180   -0.419728   -0.828753   -0.001139    0.934131   -0.481143   -0.017054
   12.881882   -0.401224   -0.838031   -0.001474    0.944216   -0.460666   -0.017022
   12.881882   -0.401224   -0.838031   -0.001474    0.943936   -0.460437   -0.016785
   12.910673   -0.373845   -0.850852   -0.001957    0.957842   -0.430135   -0.016723
   12.939464   -0.346079   -0.862795   -0.002437    0.970749   -0.399413   -0.016645
   12.968255   -0.317957   -0.873848   -0.002915    0.982644   -0.368305   -0.016549
   12.997046   -0.289507   -0.883999   -0.003390    0.993514   -0.336848   -0.016436
   13.025836   -0.260758   -0.893241   -0.003861    1.003352   -0.305076   -0.016306
   13.054627   -0.231742   -0.901564   -0.004329    1.012147   -0.273025   -0.016160
   13.083418   -0.202487   -0.908960   -0.004792    1.019892   -0.240730   -0.015997
   13.112209   -0.173025   -0.915423   -0.005250    1.026582   -0.208229   -0.015819
   13.141000   -0.143385   -0.920948   -0.005702    1.032212   -0.175557   -0.015624
   13.169791   -0.113598   -0.925531   -0.006149    1.036778   -0.142749   -0.015413
   13.198582   -0.083696   -0.929167   -0.006590    1.040278   -0.109843   -0.015187
   13.227373   -0.053708   -0.931855   -0.007023    1.042713   -0.076874   -0.014946
   13.256163   -0.023665   -0.933593   -0.007450    1.044081   -0.043878   -0.014690
   13.284954    0.006402   -0.934382   -0.007869    1.044386   -0.010891   -0.014419
   13.313745    0.036463   -0.934221   -0.008280    1.043631    0.022052   -0.014135
   13.342536    0.066486   -0.933113   -0.008683    1.041819    0.054915   -0.013836
   13.371327    0.096442   -0.931060   -0.009077    1.038957    0.087664   -0.013524
   13.400118    0.126301   -0.928066   -0.009462    1.035051    0.120264   -0.013199
   13.428909    0.156033   -0.924137   -0.009837    1.030110    0.152681   -0.012861
   13.457700    0.185607   -0.919277   -0.010202    1.024143    0.184882   -0.012511
   13.486491    0.214995   -0.913493   -0.010557    1.017159    0.216834   -0.012149
   13.515281    0.244167   -0.906794   -0.010902    1.009171    0.248503   -0.011776
   13.544072    0.273095   -0.899187   -0.011235    1.000190    0.279858   -0.011392
   13.572863    0.301750   -0.890682   -0.011557    0.990231    0.310868   -0.010997
   13.601654    0.330105   -0.881290   -0.011868    0.979308    0.341502   -0.010592
   13.630445    0.358132   -0.871022   -0.012167    0.967436    0.371730   -0.010177
   13.659236    0.385803   -0.859890   -0.012454    0.954631    0.401522   -0.009754
   13.688027    0.413092   -0.847906   -0.012729    0.940912    0.430850   -0.009321
   13.716818    0.439974   -0.835085   -0.012991    0.926296    0.459687   -0.008880
   13.745609    0.466421   -0.821442   -0.013240    0.910801    0.488005   -0.008432
   13.774399    0.492411   -0.806990   -0.013476    0.894449    0.515777   -0.007976
   13.803190    0.517917   -0.791748   -0.013699    0.877258    0.542980   -0.007514
   13.831981    0.542917   -0.775730   -0.013909    0.859251    0.569587   -0.007045
   13.860772    0.567387   -0.758956   -0.014105    0.840449    0.595576   -0.006571
   13.889563    0.591304   -0.741442   -0.014287    0.820875    0.620923   -0.006091
   13.918354    0.614647   -0.723208   -0.014456    0.800551    0.645607   -0.005607
   13.947145    0.637394   -0.704273   -0.014610    0.779502    0.669606   -0.005118
   13.975936    0.659526   -0.684658   -0.014750    0.757751    0.692901   -0.004626
   14.004726    0.681021   -0.664382   -0.014876    0.735323    0.715471   -0.004130
   14.033517    0.701860   -0.643467   -0.014988    0.712242    0.737300   -0.003632
   14.062308    0.722027   -0.621934   -0.015085    0.688535    0.758368   -0.003131
   14.091099    0.741502   -0.599806   -0.015168    0.664227    0.778661   -0.002629
   14.119890    0.760269   -0.577105   -0.015237    0.639344    0.798161   -0.002125
   14.148681    0.778311   -0.553854   -0.015291    0.613913    0.816855   -0.001620
   14.177472    0.795614   -0.530077   -0.015330    0.587960    0.834729   -0.001115
   14.206263    0.812162   -0.505797   -0.015355    0.561512    0.851769   -0.000610
   14.235054    0.827942   -0.481039   -0.015365    0.534597    0.867964   -0.000106
   14.263844    0.842941   -0.455826   -0.015361    0.507241    0.883303    0.000397
   14.292635    0.857146   -0.430185   -0.015342    0.479472    0.897775    0.000898
   14.321426    0.870546   -0.404139   -0.015309    0.451318    0.911371    0.001398
   14.350217    0.883130   -0.377715   -0.015262    0.422806    0.924083    0.001895
   14.379008    0.894889   -0.350938   -0.015200    0.393964    0.935903    0.002389
   14.407799    0.905812   -0.323833   -0.015124    0.364819    0.946825    0.002880
   14.436590    0.915893   -0.296426   -0.015034    0.335400    0.956841    0.003367
   14.465381    0.925123   -0.268745   -0.014931    0.305735    0.965949    0.003850
   14.494172    0.933496   -0.240814   -0.014813    0.275850    0.974142    0.004328
   14.522962    0.941005   -0.212661   -0.014681    0.245774    0.981418    0.004801
   14.551753    0.947646   -0.184311   -0.014536    0.215534    0.987774    0.005269
   14.580544    0.953415   -0.155792   -0.014378    0.185157    0.993209    0.005731
   14.609335    0.958307   -0.127129   -0.014206    0.154672    0.997721    0.006187
   14.638126    0.962320   -0.098350   -0.014022    0.124104    1.001309    0.006636
   14.666917    0.965452   -0.069481   -0.013824    0.093482    1.003976    0.007078
   14.695708    0.967703   -0.040548   -0.013614    0.062832    1.005720    0.007513
   14.724499    0.969070   -0.011579   -0.013392    0.032181    1.006545    0.007941
   14.753289    0.969556    0.017401   -0.013157    0.001556    1.006453    0.008360
   14.782080    0.969161    0.046366   -0.012911   -0.029018    1.005448    0.008771
   14.810871    0.967886    0.075288   -0.012652   -0.059514    1.003533    0.009174
   14.839662    0.965735    0.104142   -0.012382   -0.089907    1.000713    0.009567
   14.868453    0.962710    0.132902   -0.012101   -0.120170    0.996993    0.009951
   14.897244    0.958816    0.161542   -0.011809   -0.150278    0.992379    0.010326
   14.926035    0.954059    0.190037   -0.011507   -0.180207    0.986878    0.010691
   14.954826    0.948442    0.218360   -0.011194   -0.209932    0.980498    0.011046
   14.983617    0.941972    0.246487   -0.010871   -0.239428    0.973245    0.011390
   15.012407    0.934658    0.274393   -0.010538   -0.268671    0.965128    0.011724
   15.041198    0.926505    0.302053   -0.010196   -0.297637    0.956157    0.012046
   15.069989    0.917522    0.329442   -0.009845   -0.326302    0.946341    0.012358
   15.098780    0.907719    0.356537   -0.009485   -0.354644    0.935689    0.012658
   15.127571    0.897104    0.383313   -0.009116   -0.382640    0.924213    0.012946
   15.156362    0.885689    0.409747   -0.008739   -0.410266    0.911924    0.013223
   15.185153    0.873484    0.435815   -0.008355   -0.437501    0.898833    0.013488
   15.213944    0.860501    0.461496   -0.007963   -0.464324    0.884953    0.013740
   15.242734    0.846752    0.486765   -0.007564   -0.490711    0.870296    0.013980
   15.271525    0.832249    0.511601   -0.007158   -0.516644    0.854876    0.014207
   15.300316    0.817007    0.535983   -0.006746   -0.542100    0.838707    0.014422
   15.329107    0.801039    0.559889   -0.006327   -0.567060    0.821802    0.014624
   15.357898    0.784360    0.583297   -0.005904   -0.591503    0.804177    0.014812
   15.386689    0.766984    0.606188   -0.005475   -0.615411    0.785846    0.014988
   15.415480    0.748929    0.628541   -0.005041   -0.638763    0.766825    0.015150
   15.444271    0.730209    0.650336   -0.004602   -0.661542    0.747131    0.015298
   15.473062    0.710842    0.671556   -0.004160   -0.683728    0.726779    0.015433
   15.501852    0.690844    0.692179   -0.003714   -0.705305    0.705786    0.015554
   15.530643    0.670235    0.712190   -0.003265   -0.726254    0.684171    0.015662
   15.559434    0.649032    0.731569   -0.002812   -0.746559    0.661950    0.015755
   15.588225    0.627253    0.750301   -0.002357   -0.766203    0.639142    0.015835
   15.617016    0.604919    0.768367   -0.001901   -0.785169    0.615765    0.015900
   15.645807    0.582048    0.785752   -0.001442   -0.803443    0.591838    0.015952
   15.674598    0.558662    0.802441   -0.000982   -0.821009    0.567382    0.015989
   15.703389    0.534780    0.818418   -0.000521   -0.837853    0.542414    0.016012
   15.732180    0.510424    0.833669   -0.000060   -0.853959    0.516956    0.016021
   15.732180    0.510424    0.833670   -0.000060   -0.874025    0.521729   -0.000031
   15.761203    0.484831    0.848434   -0.000061   -0.889497    0.495580   -0.000029
   15.790227    0.458799    0.862433   -0.000062   -0.904180    0.468957   -0.000027
   15.819250    0.432353    0.875652   -0.000063   -0.918060    0.441886   -0.000025
   15.848274    0.405516    0.888079   -0.000063   -0.931122    0.414390   -0.000023
   15.877298    0.378312    0.899702   -0.000064   -0.943352    0.386495   -0.000021
   15.906321    0.350765    0.910510   -0.000065   -0.954738    0.358226   -0.000019
   15.935345    0.322900    0.920493   -0.000065   -0.965266    0.329610   -0.000017
   15.964369    0.294743    0.929640   -0.000066   -0.974927    0.300672   -0.000015
   15.993392    0.266317    0.937943   -0.000066   -0.983708    0.271441   -0.000013
   16.022416    0.237650    0.945394   -0.000066   -0.991601    0.241943   -0.000011
   16.051440    0.208766    0.951985   -0.000067   -0.998598    0.212207   -0.000009
   16.080463    0.179692    0.957710   -0.000067   -1.004689    0.182260   -0.000007
   16.109487    0.150455    0.962563   -0.000067   -1.009869    0.152130   -0.000005
   16.138511    0.121081    0.966539   -0.000067   -1.014132    0.121847   -0.000002
   16.167534    0.091597    0.969635   -0.000067   -1.017472    0.091438   -0.000000
   16.196558    0.062029    0.971846   -0.000067   -1.019886    0.060934    0.000002
   16.225581    0.032404    0.973171   -0.000067   -1.021370    0.030363    0.000004
   16.254605    0.002750    0.973608   -0.000067   -1.021923   -0.000247    0.000006
   16.283629   -0.026907    0.973157   -0.000067   -1.021543   -0.030864    0.000008
   16.312652   -0.056539    0.971817   -0.000066   -1.020230   -0.061460    0.000010
   16.341676   -0.086119    0.969589   -0.000066   -1.017986   -0.092006    0.000012
   16.370700   -0.115621    0.966477   -0.000066   -1.014811   -0.122473    0.000014
   16.399723   -0.145017    0.962481   -0.000065   -1.010709   -0.152830    0.000016
   16.428747   -0.174281    0.957607   -0.000065   -1.005684   -0.183049    0.000018
   16.457771   -0.203386    0.951857   -0.000064   -0.999740   -0.213101    0.000021
   16.486794   -0.232305    0.945239   -0.000064   -0.992883   -0.242957    0.000023
   16.515818   -0.261011    0.937757   -0.000063   -0.985120   -0.272589    0.000025
   16.544842   -0.289479    0.929418   -0.000062   -0.976459   -0.301967    0.000026
   16.573865   -0.317683    0.920231   -0.000061   -0.966907   -0.331064    0.000028
   16.602889   -0.345597    0.910204   -0.000061   -0.956476   -0.359853    0.000030
   16.631913   -0.373196    0.899346   -0.000060   -0.945174   -0.388305    0.000032
   16.660936   -0.400454    0.887667   -0.000059   -0.933013   -0.416393    0.000034
   16.689960   -0.427346    0.875179   -0.000058   -0.920007   -0.444092    0.000036
   16.718983   -0.453850    0.861893   -0.000057   -0.906167   -0.471374    0.000038
   16.748007   -0.479939    0.847821   -0.000055   -0.891508   -0.498214    0.000039
   16.777031   -0.505591    0.832977   -0.000054   -0.876044   -0.524588    0.000041
   16.806054   -0.530783    0.817375   -0.000053   -0.859791   -0.550469    0.000043
   16.835078   -0.555492    0.801029   -0.000052   -0.842766   -0.575834    0.000045
   16.864102   -0.579696    0.783955   -0.000050   -0.824985   -0.600660    0.000046
   16.893125   -0.603374    0.766168   -0.000049   -0.806467   -0.624923    0.000048
   16.922149   -0.626503    0.747685   -0.000048   -0.787230   -0.648602    0.000049
   16.951173   -0.649063    0.728524   -0.000046   -0.767294   -0.671675    0.000051
   16.980196   -0.671035    0.708702   -0.000045   -0.746678   -0.694120    0.000052
   17.009220   -0.692400    0.688239   -0.000043   -0.725402   -0.715919    0.000053
   17.038244   -0.713137    0.667152   -0.000042   -0.703489   -0.737050    0.000055
   17.067267   -0.733229    0.645461   -0.000040   -0.680960   -0.757496    0.000056
   17.096291   -0.752659    0.623188   -0.000038   -0.657837   -0.777238    0.000057
   17.125315   -0.771409    0.600352   -0.000037   -0.634144   -0.796260    0.000058
   17.154338   -0.789464    0.576974   -0.000035   -0.609902   -0.814545    0.000060
   17.183362   -0.806808    0.553077   -0.000033   -0.585137   -0.832077    0.000061
   17.212385   -0.823425    0.528682   -0.000032   -0.559873   -0.848841    0.000062
   17.241409   -0.839302    0.503812   -0.000030   -0.534133   -0.864825    0.000063
   17.270433   -0.854426    0.478489   -0.000028   -0.507944   -0.880014    0.000063
   17.299456   -0.868783    0.452737   -0.000026   -0.481330   -0.894396    0.000064
   17.328480   -0.882362    0.426580   -0.000024   -0.454317   -0.907960    0.000065
   17.357504   -0.895151    0.400040   -0.000022   -0.426931   -0.920696    0.000066
   17.386527   -0.907140    0.373144   -0.000020   -0.399198   -0.932594    0.000066
   17.415551   -0.918320    0.345914   -0.000018   -0.371144   -0.943644    0.000067
   17.444575   -0.928681    0.318376   -0.000016   -0.342796   -0.953840    0.000068
   17.473598   -0.938216    0.290555   -0.000014   -0.314181   -0.963174    0.000068
   17.502622   -0.946916    0.262475   -0.000012   -0.285325   -0.971639    0.000068
   17.531646   -0.954776    0.234162   -0.000010   -0.256256   -0.979231    0.000069
   17.560669   -0.961790    0.205642   -0.000008   -0.226999   -0.985944    0.000069
   17.589693   -0.967951    0.176939   -0.000006   -0.197583   -0.991776    0.000069
   17.618716   -0.973257    0.148080   -0.000004   -0.168034   -0.996724    0.000069
   17.647740   -0.977704    0.119091   -0.000002   -0.138379   -1.000785    0.000070
   17.676764   -0.981289    0.089996   -0.000000   -0.108645   -1.003959    0.000070
   17.705787   -0.984010    0.060822    0.000002   -0.078859   -1.006245    0.000070
   17.734811   -0.985867    0.031595    0.000004   -0.049047   -1.007643    0.000070
   17.763835   -0.986857    0.002340    0.000006   -0.019236   -1.008156    0.000069
   17.792858   -0.986983   -0.026917    0.000008    0.010548   -1.007786    0.000069
   17.821882   -0.986246   -0.056151    0.000010    0.040278   -1.006534    0.000069
   17.850906   -0.984646   -0.085336    0.000012    0.069928   -1.004406    0.000069
   17.879929   -0.982188   -0.114446    0.000014    0.099472   -1.001405    0.000068
   17.908953   -0.978873   -0.143456    0.000016    0.128886   -0.997537    0.000068
   17.937977   -0.974708   -0.172342    0.000018    0.158143   -0.992807    0.000067
   17.967000   -0.969695   -0.201077    0.000020    0.187220   -0.987224    0.000067
   17.996024   -0.963842   -0.229639    0.000021    0.216090   -0.980793    0.000066
   18.025048   -0.957154   -0.258002    0.000023    0.244729   -0.973523    0.000065
   18.054071   -0.949639   -0.286141    0.000025    0.273115   -0.965422    0.000065
   18.083095   -0.941303   -0.314034    0.000027    0.301222   -0.956501    0.000064
   18.112118   -0.932156   -0.341656    0.000029    0.329028   -0.946770    0.000063
   18.141142   -0.922207   -0.368984    0.000031    0.356510   -0.936238    0.000062
   18.170166   -0.911465   -0.395994    0.000033    0.383645   -0.924918    0.000061
   18.199189   -0.899941   -0.422665    0.000034    0.410412   -0.912821    0.000060
   18.228213   -0.887646   -0.448974    0.000036    0.436788   -0.899959    0.000059
   18.257237   -0.874591   -0.474898    0.000038    0.462753   -0.886347    0.000058
   18.286260   -0.860788   -0.500417    0.000039    0.488286   -0.871997    0.000057
   18.315284   -0.846251   -0.525508    0.000041    0.513367   -0.856924    0.000056
   18.344308   -0.830993   -0.550152    0.000043    0.537975   -0.841142    0.000055
   18.373331   -0.815028   -0.574327    0.000044    0.562092   -0.824667    0.000053
   18.402355   -0.798370   -0.598015    0.000046    0.585699   -0.807513    0.000052
   18.431379   -0.781035   -0.621195    0.000047    0.608778   -0.789698    0.000051
   18.460402   -0.763038   -0.643848    0.000049    0.631311   -0.771237    0.000049
   18.489426   -0.744395   -0.665957    0.000050    0.653280   -0.752148    0.000048
   18.518450   -0.725122   -0.687503    0.000052    0.674670   -0.732448    0.000046
   18.547473   -0.705238   -0.708468    0.000053    0.695464   -0.712154    0.000045
   18.576497   -0.684758   -0.728836    0.000054    0.715646   -0.691285    0.000043
   18.605520   -0.663702   -0.748590    0.000055    0.735202   -0.669859    0.000042
   18.605520   -0.663687   -0.748595    0.000055    0.735215   -0.669851    0.000042
