
    0.000000   -0.686889   -0.726762    0.000054    0.713600   -0.693462    0.000043
    0.000000   -0.686889   -0.726762    0.000054    0.668232   -0.744598   -0.021583
    0.034972   -0.663106   -0.752354   -0.000701    0.691740   -0.718843   -0.021572
    0.069945   -0.638518   -0.777034   -0.001455    0.714212   -0.692440   -0.021535
    0.104917   -0.613163   -0.800779   -0.002207    0.735639   -0.665431   -0.021472
    0.139889   -0.587076   -0.823570   -0.002956    0.756013   -0.637860   -0.021385
    0.174861   -0.560296   -0.845388   -0.003702    0.775327   -0.609767   -0.021273
    0.209834   -0.532859   -0.866215   -0.004444    0.793577   -0.581194   -0.021137
    0.244806   -0.504802   -0.886034   -0.005180    0.810759   -0.552181   -0.020977
    0.279778   -0.476163   -0.904832   -0.005911    0.826872   -0.522767   -0.020795
    0.314751   -0.446979   -0.922595   -0.006635    0.841914   -0.492991   -0.020591
    0.349723   -0.417288   -0.939310   -0.007351    0.855887   -0.462890   -0.020365
    0.384695   -0.387127   -0.954968   -0.008059    0.868793   -0.432501   -0.020118
    0.419668   -0.356533   -0.969558   -0.008758    0.880633   -0.401861   -0.019850
    0.454640   -0.325544   -0.983073   -0.009447    0.891413   -0.371004   -0.019562
    0.489612   -0.294196   -0.995506   -0.010126    0.901136   -0.339965   -0.019255
    0.524584   -0.262527   -1.006850   -0.010793    0.909808   -0.308776   -0.018929
    0.559557   -0.230572   -1.017102   -0.011449    0.917435   -0.277472   -0.018585
    0.594529   -0.198369   -1.026257   -0.012093    0.924025   -0.246082   -0.018224
    0.629501   -0.165954   -1.034313   -0.012724    0.929585   -0.214638   -0.017845
    0.664474   -0.133362   -1.041270   -0.013341    0.934123   -0.183171   -0.017450
    0.699446   -0.100629   -1.047125   -0.013944    0.937649   -0.151709   -0.017039
    0.734418   -0.067790   -1.051881   -0.014533    0.940171   -0.120280   -0.016612
    0.769390   -0.034880   -1.055539   -0.015106    0.941700   -0.088912   -0.016171
    0.804363   -0.001934   -1.058101   -0.015664    0.942245   -0.057633   -0.015716
    0.839335    0.031013   -1.059571   -0.016205    0.941818   -0.026468   -0.015247
    0.874307    0.063929   -1.059954   -0.016730    0.940428    0.004558   -0.014765
    0.909280    0.096780   -1.059254   -0.017238    0.938088    0.035419   -0.014270
    0.944252    0.129533   -1.057479   -0.017728    0.934809    0.066091   -0.013763
    0.979224    0.162154   -1.054634   -0.018200    0.930603    0.096552   -0.013245
    1.014196    0.194613   -1.050728   -0.018654    0.925482    0.126777   -0.012716
    1.049169    0.226876   -1.045770   -0.019089    0.919457    0.156745   -0.012177
    1.084141    0.258913   -1.039768   -0.019506    0.912542    0.186434   -0.011627
    1.119113    0.290693   -1.032733   -0.019903    0.904749    0.215823   -0.011068
    1.154086    0.322185   -1.024676   -0.020280    0.896090    0.244890   -0.010501
    1.189058    0.353360   -1.015609   -0.020637    0.886579    0.273617   -0.009925
    1.224030    0.384187   -1.005542   -0.020974    0.876228    0.301982   -0.009341
    1.259003    0.414638   -0.994491   -0.021290    0.865051    0.329966   -0.008749
    1.293975    0.444683   -0.982468   -0.021586    0.853061    0.357552   -0.008151
    1.328947    0.474295   -0.969487   -0.021860    0.840271    0.384718   -0.007546
    1.363919    0.503446   -0.955564   -0.022114    0.826695    0.411449   -0.006936
    1.398892    0.532109   -0.940714   -0.022345    0.812345    0.437725   -0.006320
    1.433864    0.560257   -0.924953   -0.022556    0.797237    0.463529   -0.005699
    1.468836    0.587863   -0.908298   -0.022744    0.781383    0.488844   -0.005073
    1.503809    0.614902   -0.890767   -0.022910    0.764797    0.513653   -0.004444
    1.538781    0.641348   -0.872377   -0.023055    0.747494    0.537938   -0.003811
    1.573753    0.667177   -0.853147   -0.023177    0.729487    0.561683   -0.003174
    1.608725    0.692364   -0.833097   -0.023277    0.710791    0.584872   -0.002536
    1.643698    0.716885   -0.812245   -0.023354    0.691420    0.607489   -0.001895
    1.678670    0.740717   -0.790613   -0.023409    0.671388    0.629517   -0.001252
    1.713642    0.763837   -0.768221   -0.023442    0.650710    0.650941   -0.000608
    1.748615    0.786223   -0.745090   -0.023452    0.629401    0.671745    0.000037
    1.783587    0.807853   -0.721244   -0.023439    0.607476    0.691913    0.000682
    1.818559    0.828706   -0.696703   -0.023404    0.584950    0.711430    0.001326
    1.853531    0.848761   -0.671491   -0.023346    0.561838    0.730280    0.001971
    1.888504    0.867997   -0.645631   -0.023266    0.538156    0.748449    0.002614
    1.923476    0.886395   -0.619149   -0.023164    0.513920    0.765922    0.003255
    1.958448    0.903937   -0.592068   -0.023039    0.489146    0.782682    0.003894
    1.993421    0.920602   -0.564413   -0.022891    0.463849    0.798716    0.004531
    2.028393    0.936374   -0.536210   -0.022722    0.438048    0.814008    0.005165
    2.063365    0.951236   -0.507486   -0.022530    0.411759    0.828544    0.005795
    2.098338    0.965169   -0.478267   -0.022316    0.384999    0.842308    0.006421
    2.133310    0.978159   -0.448581   -0.022081    0.357785    0.855287    0.007043
    2.168282    0.990189   -0.418454   -0.021824    0.330137    0.867465    0.007660
    2.203254    1.001245   -0.387915   -0.021545    0.302073    0.878829    0.008271
    2.238227    1.011313   -0.356994   -0.021245    0.273610    0.889364    0.008876
    2.273199    1.020379   -0.325719   -0.020924    0.244770    0.899055    0.009475
    2.308171    1.028429   -0.294120   -0.020583    0.215571    0.907888    0.010066
    2.343144    1.035453   -0.262227   -0.020220    0.186035    0.915850    0.010650
    2.378116    1.041438   -0.230072   -0.019838    0.156181    0.922926    0.011226
    2.413088    1.046373   -0.197684   -0.019435    0.126032    0.929102    0.011793
    2.448060    1.050250   -0.165097   -0.019013    0.095610    0.934366    0.012351
    2.483033    1.053058   -0.132341   -0.018572    0.064938    0.938703    0.012899
    2.518005    1.054789   -0.099451   -0.018111    0.034038    0.942100    0.013437
    2.552977    1.055436   -0.066458   -0.017632    0.002935    0.944545    0.013964
    2.587950    1.054992   -0.033396   -0.017135   -0.028346    0.946025    0.014479
    2.622922    1.053452   -0.000300   -0.016619   -0.059780    0.946527    0.014982
    2.657894    1.050809    0.032797   -0.016087   -0.091341    0.946039    0.015473
    2.692867    1.047062    0.065859   -0.015537   -0.123000    0.944549    0.015950
    2.727839    1.042205    0.098851   -0.014971   -0.154732    0.942047    0.016413
    2.762811    1.036239    0.131738   -0.014389   -0.186506    0.938522    0.016862
    2.797783    1.029160    0.164484   -0.013792   -0.218294    0.933962    0.017296
    2.832756    1.020970    0.197052   -0.013180   -0.250065    0.928359    0.017714
    2.867728    1.011670    0.229405   -0.012553   -0.281787    0.921703    0.018115
    2.902700    1.001262    0.261507   -0.011913   -0.313429    0.913985    0.018500
    2.937673    0.989749    0.293321   -0.011260   -0.344957    0.905199    0.018867
    2.972645    0.977136    0.324808   -0.010594   -0.376337    0.895336    0.019215
    3.007617    0.963428    0.355932   -0.009916   -0.407534    0.884392    0.019545
    3.042589    0.948633    0.386654   -0.009227   -0.438513    0.872360    0.019855
    3.077562    0.932760    0.416936   -0.008527   -0.469236    0.859236    0.020145
    3.112534    0.915816    0.446740   -0.007818   -0.499665    0.845018    0.020414
    3.147506    0.897815    0.476028   -0.007100   -0.529762    0.829704    0.020662
    3.182479    0.878767    0.504761   -0.006373   -0.559488    0.813293    0.020887
    3.217451    0.858686    0.532901   -0.005639   -0.588801    0.795785    0.021090
    3.252423    0.837588    0.560409   -0.004898   -0.617661    0.777183    0.021269
    3.287395    0.815490    0.587248   -0.004152   -0.646024    0.757491    0.021424
    3.322368    0.792409    0.613379   -0.003400   -0.673848    0.736713    0.021555
    3.357340    0.768365    0.638764   -0.002644   -0.701090    0.714857    0.021661
    3.392312    0.743379    0.663367   -0.001885   -0.727705    0.691931    0.021740
    3.427285    0.717474    0.687149   -0.001124   -0.753647    0.667947    0.021794
    3.462257    0.690673    0.710074   -0.000361   -0.778872    0.642917    0.021820
    3.462257    0.690674    0.710074   -0.000361   -0.804448    0.617898    0.022779
    3.467253    0.686646    0.713152   -0.000247   -0.807991    0.614237    0.022781
    3.472249    0.682600    0.716211   -0.000134   -0.811519    0.610554    0.022782
    3.477245    0.678537    0.719252   -0.000020   -0.815033    0.606848    0.022782
    3.482241    0.674456    0.722275    0.000094   -0.818532    0.603120    0.022782
    3.487237    0.670358    0.725279    0.000208   -0.822016    0.599370    0.022781
    3.492233    0.666243    0.728264    0.000322   -0.825485    0.595598    0.022780
    3.497229    0.662110    0.731230    0.000436   -0.828939    0.591803    0.022778
    3.502225    0.657960    0.734177    0.000549   -0.832377    0.587986    0.022775
    3.507221    0.653793    0.737105    0.000663   -0.835800    0.584147    0.022772
    3.512217    0.649608    0.740014    0.000777   -0.839207    0.580286    0.022768
    3.517213    0.645407    0.742903    0.000891   -0.842599    0.576402    0.022764
    3.522209    0.641189    0.745773    0.001004   -0.845974    0.572497    0.022759
    3.527205    0.636954    0.748624    0.001118   -0.849333    0.568569    0.022753
    3.532202    0.632703    0.751454    0.001232   -0.852676    0.564620    0.022747
    3.537198    0.628434    0.754265    0.001345   -0.856002    0.560649    0.022740
    3.542194    0.624149    0.757056    0.001459   -0.859312    0.556655    0.022733
    3.547190    0.619848    0.759827    0.001572   -0.862605    0.552640    0.022725
    3.552186    0.615530    0.762578    0.001686   -0.865880    0.548603    0.022716
    3.557182    0.611196    0.765309    0.001799   -0.869139    0.544544    0.022707
    3.562178    0.606846    0.768019    0.001913   -0.872381    0.540464    0.022697
    3.567174    0.602479    0.770709    0.002026   -0.875605    0.536362    0.022687
    3.572170    0.598097    0.773379    0.002140   -0.878811    0.532238    0.022676
    3.577166    0.593698    0.776028    0.002253   -0.882000    0.528092    0.022664
    3.582162    0.589284    0.778656    0.002366   -0.885170    0.523925    0.022652
    3.587158    0.584853    0.781263    0.002479   -0.888323    0.519737    0.022639
    3.592154    0.580407    0.783849    0.002592   -0.891458    0.515527    0.022625
    3.597150    0.575946    0.786414    0.002705   -0.894574    0.511295    0.022611
    3.602146    0.571469    0.788958    0.002818   -0.897671    0.507043    0.022596
    3.607142    0.566976    0.791480    0.002931   -0.900750    0.502769    0.022580
    3.612138    0.562468    0.793981    0.003044   -0.903810    0.498473    0.022564
    3.617134    0.557945    0.796461    0.003156   -0.906850    0.494157    0.022547
    3.622130    0.553407    0.798919    0.003269   -0.909872    0.489819    0.022530
    3.627126    0.548854    0.801355    0.003382   -0.912874    0.485461    0.022512
    3.632122    0.544286    0.803770    0.003494   -0.915857    0.481081    0.022493
    3.637118    0.539703    0.806162    0.003606   -0.918820    0.476681    0.022473
    3.642114    0.535105    0.808533    0.003719   -0.921763    0.472259    0.022453
    3.647110    0.530492    0.810881    0.003831   -0.924686    0.467817    0.022433
    3.652107    0.525865    0.813207    0.003943   -0.927588    0.463354    0.022411
    3.657103    0.521224    0.815511    0.004055   -0.930471    0.458871    0.022389
    3.662099    0.516568    0.817792    0.004166   -0.933333    0.454367    0.022367
    3.667095    0.511898    0.820051    0.004278   -0.936174    0.449842    0.022343
    3.672091    0.507214    0.822287    0.004390   -0.938994    0.445297    0.022319
    3.677087    0.502515    0.824500    0.004501   -0.941794    0.440731    0.022295
    3.682083    0.497803    0.826691    0.004612   -0.944572    0.436145    0.022269
    3.687079    0.493077    0.828858    0.004724   -0.947329    0.431539    0.022243
    3.692075    0.488338    0.831003    0.004835   -0.950064    0.426913    0.022217
    3.697071    0.483584    0.833124    0.004946   -0.952778    0.422267    0.022189
    3.702067    0.478817    0.835222    0.005056   -0.955469    0.417601    0.022161
    3.707063    0.474037    0.837297    0.005167   -0.958139    0.412915    0.022133
    3.712059    0.469244    0.839348    0.005278   -0.960787    0.408209    0.022103
    3.717055    0.464437    0.841375    0.005388   -0.963412    0.403483    0.022073
    3.722051    0.459617    0.843379    0.005498   -0.966014    0.398738    0.022043
    3.727047    0.454784    0.845360    0.005608   -0.968594    0.393973    0.022011
    3.732043    0.449939    0.847316    0.005718   -0.971151    0.389189    0.021979
    3.737039    0.445081    0.849248    0.005828   -0.973686    0.384386    0.021947
    3.742035    0.440210    0.851157    0.005937   -0.976197    0.379563    0.021913
    3.747031    0.435326    0.853041    0.006047   -0.978684    0.374721    0.021879
    3.752027    0.430431    0.854901    0.006156   -0.981148    0.369860    0.021845
    3.757023    0.425523    0.856737    0.006265   -0.983589    0.364980    0.021809
    3.762019    0.420603    0.858548    0.006374   -0.986005    0.360081    0.021773
    3.767015    0.415671    0.860335    0.006483   -0.988398    0.355163    0.021736
    3.772012    0.410727    0.862097    0.006591   -0.990766    0.350227    0.021699
    3.777008    0.405771    0.863834    0.006699   -0.993110    0.345272    0.021661
    3.782004    0.400803    0.865547    0.006807   -0.995430    0.340298    0.021622
    3.787000    0.395824    0.867234    0.006915   -0.997725    0.335306    0.021582
    3.791996    0.390834    0.868897    0.007023   -0.999995    0.330296    0.021542
    3.796992    0.385832    0.870535    0.007131   -1.002240    0.325268    0.021501
    3.801988    0.380820    0.872147    0.007238   -1.004460    0.320222    0.021460
    3.806984    0.375796    0.873734    0.007345   -1.006654    0.315158    0.021417
    3.811980    0.370761    0.875296    0.007452   -1.008823    0.310076    0.021374
    3.816976    0.365716    0.876833    0.007559   -1.010967    0.304977    0.021331
    3.821972    0.360659    0.878343    0.007665   -1.013084    0.299860    0.021286
    3.826968    0.355593    0.879829    0.007771   -1.015176    0.294726    0.021241
    3.831964    0.350516    0.881288    0.007877   -1.017242    0.289574    0.021195
    3.836960    0.345428    0.882722    0.007983   -1.019281    0.284405    0.021149
    3.841956    0.340331    0.884130    0.008089   -1.021294    0.279219    0.021102
    3.846952    0.335224    0.885512    0.008194   -1.023280    0.274016    0.021054
    3.851948    0.330106    0.886868    0.008299   -1.025239    0.268797    0.021005
    3.856944    0.324979    0.888198    0.008404   -1.027172    0.263560    0.020956
    3.861940    0.319843    0.889502    0.008508   -1.029077    0.258308    0.020906
    3.866936    0.314697    0.890779    0.008613   -1.030955    0.253038    0.020855
    3.871932    0.309542    0.892030    0.008717   -1.032806    0.247753    0.020804
    3.876928    0.304377    0.893254    0.008821   -1.034629    0.242452    0.020752
    3.881924    0.299203    0.894452    0.008924   -1.036424    0.237134    0.020699
    3.886920    0.294021    0.895624    0.009027   -1.038192    0.231801    0.020646
    3.891917    0.288830    0.896769    0.009130   -1.039931    0.226452    0.020591
    3.896913    0.283630    0.897887    0.009233   -1.041642    0.221087    0.020537
    3.901909    0.278422    0.898978    0.009336   -1.043325    0.215707    0.020481
    3.906905    0.273205    0.900042    0.009438   -1.044979    0.210312    0.020425
    3.911901    0.267980    0.901079    0.009540   -1.046605    0.204902    0.020368
    3.916897    0.262747    0.902089    0.009641   -1.048202    0.199476    0.020310
    3.921893    0.257507    0.903072    0.009743   -1.049770    0.194036    0.020251
    3.926889    0.252258    0.904028    0.009844   -1.051308    0.188582    0.020192
    3.931885    0.247002    0.904957    0.009944   -1.052818    0.183113    0.020133
    3.936881    0.241738    0.905858    0.010045   -1.054298    0.177629    0.020072
    3.941877    0.236467    0.906731    0.010145   -1.055748    0.172131    0.020011
    3.946873    0.231189    0.907578    0.010245   -1.057169    0.166620    0.019949
    3.951869    0.225904    0.908396    0.010344   -1.058560    0.161094    0.019886
    3.956865    0.220612    0.909187    0.010444   -1.059920    0.155555    0.019823
    3.956865    0.220612    0.909187    0.010444   -1.059920    0.155555    0.019823
