    0.29266408     0.95621532    -0.00005867    -0.99337201     0.25120695     0.02135667    -0.00000281    -0.00000558    -0.00000470    -0.20319843    -0.04826892     0.01953100     0.12205682    -0.36566026     0.00043682    -0.00909401     0.00633526    -0.30802454    -0.60615812    -0.13040090    -0.09127929     0.13825833    -0.23555906    -0.22481394    -0.03971317     0.01807714    -0.75176925 
    0.04012539     0.98826355     0.00517705    -1.03535368     0.00487281     0.02069999     0.00000079    -0.00000505    -0.00000499    -0.29620933     0.03458209     0.01128247     0.27689080    -0.34190946    -0.01402723     0.07697172    -0.02303210    -0.18578961    -0.38539097     0.02214334    -0.07155018     0.30300344    -0.21141811     0.12342467     0.12000026     0.00362962    -0.38359667 
   -0.21486738     0.95803228     0.01008382    -1.01247429    -0.24858958     0.01870520     0.00000648    -0.00000293    -0.00000564    -0.29228180     0.21747983    -0.15416631     0.35653843    -0.21301076     0.10253533     0.08486423     0.02464535    -0.16342791    -0.35610279     0.06863830    -0.21826531     0.14624686    -0.38744466    -0.05071841     0.12518209     0.09846460    -0.53435115 
   -0.45598018     0.86611810     0.01433908    -0.92367147    -0.48989559     0.01546775     0.00000114    -0.00000227    -0.00000565    -0.28154906     0.27341186    -0.01022279     0.26696446    -0.16648321    -0.01210442     0.21972080     0.07492460    -0.10288988    -0.29836947     0.05779884    -0.04082356     0.14651692    -0.34952208     0.02561881     0.17342105     0.09125983    -0.52031673 
   -0.66746086     0.71793222     0.01766122    -0.77473435    -0.69994300     0.01121950     0.00000102     0.00000066    -0.00000591    -0.76264466     0.16118418     0.01972337     0.41898186    -0.06361305     0.00202819     0.02976153    -0.08807434    -0.16360765    -0.63320566    -0.07502539    -0.01667197    -0.01950318    -0.40228500    -0.04092456     0.01426912    -0.05639194    -0.57060970 
   -0.83579499     0.52329121     0.01983996    -0.57774042    -0.86272789     0.00629848    -0.00000035     0.00000375    -0.00000639    -0.76406148     0.30661745     0.06561381     0.18723536    -0.11665352    -0.02297749     0.15833629    -0.05784838    -0.30378103    -0.62984252     0.04318195    -0.00344053     0.14136976    -0.56578495     0.04737691     0.12112758    -0.03107594    -0.66601508 
   -0.95105312     0.29534343     0.02075676    -0.34913925    -0.96763385     0.00109725    -0.00000101     0.00001079    -0.00000804    -0.84855459     0.22042606     0.02562634     0.06792886    -0.12307686    -0.01029011     0.06481666    -0.07921264    -0.30512609    -0.54622529     0.08932359     0.00110940     0.00197715    -0.41067830    -0.13699779     0.03925610    -0.06952144    -0.40114204 
   -1.00764349     0.04908498     0.02039059    -0.10704077    -1.01040013    -0.00399794    -0.00000339     0.00003307    -0.00001413    -1.28424759     0.13469568     0.16005941    -0.04189134    -0.32682602     0.02178450     0.04538640    -0.01792093    -0.74770343    -0.65046088     0.09391692    -0.00240789    -0.07825621    -0.79842563     0.09132929    -0.00870496     0.00944079    -0.53915626 
   -1.00439278    -0.20018546     0.01880935     0.13137284    -0.99268448    -0.00865843    -0.00002195     0.00008634    -0.00002888    -0.55319288     0.07733147     0.20677326    -0.17558330    -0.39718527    -0.08250662    -0.11662480    -0.10689749    -0.80935177    -0.44240993     0.00604443     0.01601381    -0.06796004    -0.60414679    -0.11482956    -0.06541356    -0.02634696    -0.44262918 
   -0.94407360    -0.43817141     0.01615152     0.35165825    -0.92065529    -0.01264167    -0.00007054     0.00014444    -0.00004512    -0.42212334     0.20981808     0.10777809    -0.25110216    -0.79548716    -0.02053567    -0.12529222     0.00312799    -1.02587592    -0.81335062    -0.08088578    -0.02324436     0.01915871    -0.89660081    -0.04754752    -0.04648739     0.01318563    -0.53340337 
   -0.83260251    -0.65249057     0.01260647     0.54294873    -0.80328456    -0.01578575    -0.00010476     0.00013062    -0.00004132    -1.69822804    -0.59275102    -0.09679655    -0.03929727    -0.43842658    -0.20353585     0.16594582     0.54127779     0.00301263    -0.23704315     0.30253361     0.25421241     0.11013769    -0.56013450    -0.23357897    -0.08900699    -0.01164582    -0.59456658 
   -0.67812487    -0.83317875     0.00839896     0.69801800    -0.65081640    -0.01798627    -0.00006506     0.00004951    -0.00001924    -0.56227888    -0.27212694    -0.40737096    -0.24185234    -0.52590872     0.28254117    -0.13862263     0.11034074    -1.13825089    -0.61247797    -0.15615259    -0.07746238    -0.09642071    -0.51521772     0.13903238    -0.11993953    -0.02190321    -0.55265418 
   -0.49016488    -0.97283251     0.00377098     0.81279057    -0.47353798    -0.01920358    -0.00003367     0.00001302    -0.00000954    -0.08649876    -0.09695986     0.09815592    -0.47451777    -1.19115388     0.20538530     0.06015014     0.59082578    -0.46010649    -0.71683620     0.08226217     0.02728435    -0.34142067    -0.95748027     0.06511033     0.58909395    -0.10237210    -0.66021139 
   -0.27896530    -1.06650121    -0.00103918     0.88550413    -0.28100420    -0.01947379    -0.00002755     0.00000279    -0.00000693    -0.28014149     0.20335079    -0.10786678     0.90167073     0.61667128     0.80386164    -0.67904455    -1.34303817    -1.39369620    -0.48328315     0.40215517     0.11942216     0.55186137     0.19753239     0.44950173    -0.18384515    -0.77590591    -0.54612666 
   -0.05498300    -1.11149637    -0.00580478     0.91610661    -0.08188534    -0.01885703    -0.00003854    -0.00000296    -0.00000541    -0.18888860     0.13071264     0.04858431     0.21534336    -0.91828048    -0.01605407     0.08804043    -0.12788712    -0.06793786    -0.87277180     0.03912158     0.03578881    -0.07384606    -0.98808332    -0.03798011     0.03939936    -0.01657853    -0.71871946 
    0.17147103    -1.10716601    -0.01031493     0.90574353     0.11605664    -0.01742563    -0.00007060    -0.00001529    -0.00000158    -0.15020388    -0.12803882     0.23907231     0.01154897    -0.22281304    -0.19600180     0.11535659     0.02084393    -0.08806731    -0.43838595    -0.38110839     0.40749547    -0.20005040    -0.53537825    -0.01194735     0.07960856     0.12394201    -0.23892738 
    0.39047545    -1.05467953    -0.01437731     0.85637084     0.30586100    -0.01525991    -0.00013807    -0.00005483     0.00001054     0.04330392    -0.00096958     0.03751364     0.33770790    -0.38314309     0.04175223     0.12077099    -0.04877046    -0.01638976    -0.06595058    -0.00742564    -0.14623757     0.61410956    -0.79664571     0.03884219    -0.07215509     0.16156617    -0.47732839 
    0.59266690    -0.95685340    -0.01781910     0.77052842     0.48117795    -0.01244257    -0.00027621    -0.00017494     0.00004654    -0.34206697     0.07128454    -0.08052313     0.33371639    -0.53630307    -0.02278293     0.08858942    -0.13216231    -0.07730199    -0.82317468     0.39732602    -0.09960006     0.13775726    -1.57110892    -0.16749197    -0.01477873     0.46917096    -0.45233171 
    0.76936731    -0.81803133    -0.02048510     0.65124290     0.63604978    -0.00904938    -0.00109117    -0.00104686     0.00030412    -0.40902441    -0.03560039    -0.41125552     0.20237433    -0.18520753     0.14513784    -0.02285076     0.01717139     0.01827135    -0.10826318    -0.04031948    -1.45569745    -0.06445896    -0.85112696     0.24813904    -0.01149202     0.06664308    -0.36708239 
    0.91256666    -0.64415862    -0.02219164     0.50150443     0.76415960    -0.00497399    -0.00189163    -0.00278200     0.00081102    -0.22429014     0.04582010     0.12017937     0.22187284    -0.11610441     0.03094173     0.01559283     0.14200693    -0.25458312    -0.32617942     0.39686502    -0.07400754     0.55254209    -0.76626902     0.30744620     0.00652215     0.27662449    -0.38989169 
    1.01524823    -0.44273941    -0.02272506     0.32566984     0.85934731    -0.00011093    -0.00125035    -0.00308024     0.00089212    -0.16638940    -0.11325622    -0.00854664     0.06945010    -0.07708287    -0.02963337    -0.02522340    -0.00049328    -0.12872202    -0.31791465    -0.07820946     0.03128520     0.23543671    -0.30325919    -0.13217778    -0.02462431    -0.07476387    -0.13711957 
    1.07192205    -0.22220412    -0.02201664     0.13030339     0.91797997     0.00494132    -0.00055127    -0.00319378     0.00091996    -0.33744202     0.02923264    -0.12755267     0.00904822    -0.10793065    -0.15067474    -0.17822538     0.02557967     0.01514334    -0.94452621    -0.18377106     0.21099197     0.49005145    -0.26147885    -0.29221975    -0.10864494     0.00225302    -0.39834748 
    1.07849920     0.00783042    -0.02005658    -0.07840994     0.93537108     0.00993249     0.00016356    -0.00326519     0.00093088    -0.59160367    -0.15851421    -0.00197182    -0.15284106    -0.30919373     0.05404396    -0.11502658    -0.18889133     0.19758883    -0.66562560    -0.71526567     0.36642636     0.02842480    -0.20571788    -0.10597378    -0.11620295    -0.05442580    -0.14499562 
    1.03257320     0.23658833    -0.01689157    -0.29296171     0.90703191     0.01461917     0.00090755    -0.00320076     0.00090450    -0.42056378    -0.28625544     0.25531465     0.03920850    -0.38693236     0.43868691     0.21876745    -0.02892904     0.09111668    -0.13115554    -0.09948560     0.66291927     0.03217167    -0.52336978     0.27650100    -0.00612095     0.00278077    -0.17520507 
    0.93381220     0.45228296    -0.01263776    -0.50405353     0.82928195     0.01870417     0.00034349    -0.00062245     0.00016950    -0.72459130    -0.44271605     0.09809868    -0.22025759    -0.42253575    -0.32524822     0.03921615     0.12368121    -0.49636324    -0.65686871    -0.25852553     0.15361096    -0.00562404    -0.50838584     0.09428485    -0.13120205     0.04482205    -0.77143855 
    0.78411994     0.64295605    -0.00765372    -0.70152040     0.70216941     0.02120586     0.00000818    -0.00001423    -0.00000153    -0.47354445    -0.32882758     0.00819750    -0.00736928    -0.71409153    -0.11592652    -0.06635055    -0.01058542     0.11745245    -0.14855110    -0.02417880     0.39841865     0.11147993    -0.55633644    -0.01551153    -0.20181124    -0.04437217    -0.24895534 
    0.58860796     0.79583352    -0.00222526    -0.87115575     0.52381292     0.02241917     0.00003653    -0.00002804     0.00000187    -0.45011964    -0.25195752     0.01464764     0.24600823    -0.62897643    -0.11976107     0.06905426     0.06755806    -0.12948929    -0.60694975    -0.07124865     0.12377445     0.03050425    -0.48237950     0.02059739     0.01526169     0.02906659    -0.10245667 
    0.35621719     0.89850972     0.00333952    -0.99653997     0.29804565     0.02226387     0.00009292    -0.00003464     0.00000361    -0.42132712    -0.11621266     0.01932659     0.20148532    -0.47618300     0.03489003    -0.00257957     0.08075629    -0.06274712    -0.55857747    -0.03129735    -0.09836240    -0.05854798    -0.40956573     0.08879601    -0.04795898     0.09273254    -0.22972070 
    0.09997682     0.94042334     0.00867532    -1.06113541     0.03558300     0.02054503     0.00070870    -0.00003551     0.00000986    -0.00980957    -0.06303809    -0.22354705     0.39542811    -0.20036989     0.13329889     0.00675447     0.24899618     0.14860185    -0.48548986    -0.32758671    -0.14590064     0.01787082    -0.54259494     0.00066108     0.01904191     0.06330702    -0.37121147 
    0.09997682     0.94042334     0.00867532    -1.06042672     0.03554748     0.02055489     0.00000000     0.00000000     0.00000000     0.00000000     0.00000000     0.00000000     0.00000000     0.00000000     0.00000000     0.00000000     0.00000000     0.00000000     0.00000000     0.00000000     0.00000000     0.00000000     0.00000000     0.00000000     0.00000000     0.00000000     0.00000000 
   -0.16184093     0.91487031     0.01336423    -1.05075232    -0.24407829     0.01722648     0.00000816    -0.00000409    -0.00000191    -0.25458641    -0.07489431    -0.17665919     0.12470026    -0.33005855    -0.16961487    -0.38663975     0.13774876    -0.26811611    -0.37725261    -0.19637436     0.20252872     0.50823420    -0.32471288     0.44876137    -0.27270403    -0.02151714    -0.92122643 
   -0.41134549     0.82058030     0.01704572    -0.96011125    -0.51768838     0.01242517     0.00000197    -0.00000385    -0.00000126    -0.12574768     0.06960037    -0.06582292     0.10016947     0.03905153     0.05649824    -0.10236178     0.27633733    -0.05861387    -0.21357264    -0.13557834     0.13981401     0.04211257    -0.21230727    -0.09033152    -0.20203388     0.28592236    -0.40223414 
   -0.62873657     0.66242827     0.01939842    -0.79169061    -0.75764462     0.00652470     0.00068222     0.00028369     0.00077125    -0.21492965    -0.31906843    -0.10330545     0.07805160     0.17706861    -0.00703473    -0.16549405    -0.22425578     0.19111790    -0.24548169    -0.03416982    -0.16900844     0.05737000    -0.29150982    -0.17409978    -0.06282762    -0.53157807    -0.11729810 
   -0.79626467     0.45200397     0.02040563    -0.55956639    -0.93843245     0.00083041    -0.00000177    -0.00000332     0.00000281    -0.23520467    -0.08464496     0.03144433     0.02803464     0.01771291    -0.03594367    -0.02704597     0.26375357    -0.04734409    -0.15363611    -0.15815398    -0.02587541    -0.08275645    -0.15932029     0.02068568     0.02335232     0.14773816    -0.18265787 
   -0.90137058     0.20606884     0.01981303    -0.28901475    -1.04353677    -0.00557887     0.00013988     0.00011195     0.00047655    -0.21818506    -0.16800923    -0.12320184    -0.10063380     0.08386284     0.02738444    -0.00145329     0.04742520     0.22483231    -0.09330382    -0.09902839     0.04191765    -0.03852880    -0.22943171    -0.11518501     0.06753312    -0.02837313    -0.01347476 
   -0.93778082    -0.05567084     0.01782572    -0.00693405    -1.06680212    -0.01087563    -0.00000355    -0.00000330     0.00000887    -0.13115991    -0.04549827     0.07677083    -0.20970884    -0.00063792     0.05609498     0.06848477    -0.06850313    -0.00937453    -0.15178618    -0.12080324     0.06812821    -0.05424594    -0.13609524     0.08239307    -0.01352186    -0.01633433    -0.10087095 
   -0.90598146    -0.31353574     0.01454222     0.26071379    -1.01359729    -0.01556948    -0.00000498    -0.00000428     0.00000729    -0.21292691    -0.04164941    -0.11633717    -0.22997601    -0.00125715     0.00866577    -0.05712075    -0.00344551     0.07137031    -0.06424967    -0.08736442     0.11929583    -0.13696446    -0.27650987    -0.08660620    -0.07842393    -0.02417050    -0.20960624 
   -0.81206166    -0.55010485     0.01026127     0.49444353    -0.89654519    -0.01894116    -0.00000608    -0.00000517     0.00000465    -0.28499366    -0.18301331    -0.13849845    -0.17457261    -0.03825702     0.03523466    -0.00123157     0.01467018     0.12528614     0.11073921     0.16901833     0.20434813     0.03267275    -0.62443473    -0.08204615     0.00065174    -0.11593062    -0.19709432 
   -0.66604281    -0.75160783     0.00532078     0.68198643    -0.73187529    -0.02091871    -0.00000727    -0.00000611     0.00000214    -0.02229252     0.03907574    -0.01214647    -0.08023451     0.00810411    -0.01947359    -0.00981783     0.00387727    -0.02238225    -0.02736081     0.06022877     0.01975366    -0.02335037    -0.25527856     0.04858643    -0.02683140    -0.07706828    -0.11566897 
   -0.48013085    -0.90834961     0.00005945     0.81764101    -0.53598166    -0.02155929    -0.00000922    -0.00000773    -0.00000009    -0.00316419     0.08986033    -0.02328992    -0.03285135    -0.00652709    -0.00751999     0.02343226    -0.00875989     0.08069273    -0.16415548     0.17939694    -0.07727515     0.12592284    -0.37327292     0.12008655     0.04646686    -0.09518321     0.04039759 
