 0  2.40749e-29 1.82886e-29 4.89016e-32 7.57738e-30 2.71828e-29 1.03475e-31
 0  2.40749e-29 1.82886e-29 4.89016e-32 7.57738e-30 2.71828e-29 1.03475e-31

 1  3.04463e-29 1.10009e-30 1.66966e-31 2.69219e-30 3.19131e-29 1.77386e-32
 1  3.04463e-29 1.10009e-30 1.66966e-31 2.69219e-30 3.19131e-29 1.77386e-32

 2  1.70776e-29 7.49315e-30 9.48425e-32 9.62041e-30 1.16141e-29 8.91437e-32
 2  1.70776e-29 7.49315e-30 9.48425e-32 9.62041e-30 1.16141e-29 8.91437e-32

  2.36431e-29 9.75052e-31 4.74061e-32
  2.03296e-29 9.80488e-31 1.35445e-32

 0      0.0000000000	      0.0000000000	      0.0000000000	
 1      0.1233459328	      0.0000000000	      0.1233459328	
 2      0.0000000000	      0.0000000000	      0.0000000000	

FLeg = 0.1233459328
ToF_Leg (actual) = 7.6741437410
ToF_Leg (design) = 7.6741437427

F = 0.5141145304
ToF (actual) = 18.6055204485
ToF (max) 	 = 18.6055204558

