 0  3.54371e-32 1.23260e-31 1.10340e-35 1.10934e-31 9.42422e-32 1.50463e-35
 0  3.54371e-32 1.23260e-31 1.10340e-35 1.10934e-31 9.42422e-32 1.50463e-35

 1  1.99270e-30 2.01427e-30 2.15727e-33 4.06217e-30 3.90322e-31 9.33875e-34
 1  1.99270e-30 2.01427e-30 2.15727e-33 4.06217e-30 3.90322e-31 9.33875e-34

 2  3.73065e-30 1.41440e-30 2.78671e-33 3.58172e-30 1.43289e-30 3.81174e-34
 2  3.73065e-30 1.41440e-30 2.78671e-33 3.58172e-30 1.43289e-30 3.81174e-34

  5.05073e-30 9.70707e-32 3.90200e-35
  4.86608e-30 1.48887e-31 2.23541e-35

 0      0.0000000000	      0.0000000000	      0.0000000000	
 1      0.0206660474	      0.0000000000	      0.0206660474	
 2      0.0000000000	      0.0000000000	      0.0000000000	

FLeg = 0.0206660474
ToF_Leg (actual) = 2.2507311317
ToF_Leg (design) = 2.2507311325
