
    0.000000   -0.835409    0.739459   -0.046677   -0.546564   -0.605576   -0.028681
    0.021346   -0.846939    0.726412   -0.047282   -0.533670   -0.616810   -0.027961
    0.042692   -0.858192    0.713127   -0.047871   -0.520605   -0.627840   -0.027232
    0.064039   -0.869164    0.699609   -0.048444   -0.507370   -0.638665   -0.026494
    0.085385   -0.879852    0.685863   -0.049002   -0.493966   -0.649283   -0.025747
    0.106731   -0.890251    0.671891   -0.049544   -0.480394   -0.659693   -0.024992
    0.128077   -0.900360    0.657700   -0.050069   -0.466654   -0.669895   -0.024227
    0.149424   -0.910173    0.643293   -0.050578   -0.452748   -0.679888   -0.023454
    0.170770   -0.919687    0.628675   -0.051070   -0.438676   -0.689670   -0.022673
    0.192116   -0.928900    0.613851   -0.051546   -0.424438   -0.699239   -0.021882
    0.213462   -0.937806    0.598825   -0.052004   -0.410036   -0.708595   -0.021083
    0.234809   -0.946404    0.583601   -0.052446   -0.395470   -0.717736   -0.020276
    0.256155   -0.954689    0.568184   -0.052870   -0.380740   -0.726660   -0.019460
    0.277501   -0.962658    0.552580   -0.053277   -0.365847   -0.735366   -0.018636
    0.298847   -0.970307    0.536791   -0.053665   -0.350791   -0.743851   -0.017803
    0.320193   -0.977633    0.520824   -0.054037   -0.335573   -0.752113   -0.016961
    0.341540   -0.984632    0.504683   -0.054390   -0.320193   -0.760151   -0.016111
    0.362886   -0.991301    0.488373   -0.054724   -0.304651   -0.767962   -0.015253
    0.384232   -0.997637    0.471899   -0.055041   -0.288948   -0.775544   -0.014386
    0.405578   -1.003636    0.455265   -0.055338   -0.273083   -0.782893   -0.013511
    0.426925   -1.009295    0.438477   -0.055617   -0.257057   -0.790009   -0.012628
    0.448271   -1.014609    0.421539   -0.055877   -0.240870   -0.796887   -0.011736
    0.469617   -1.019577    0.404458   -0.056118   -0.224523   -0.803525   -0.010836
    0.490963   -1.024194    0.387237   -0.056340   -0.208015   -0.809919   -0.009928
    0.512310   -1.028456    0.369882   -0.056542   -0.191347   -0.816067   -0.009011
    0.533656   -1.032361    0.352398   -0.056725   -0.174519   -0.821965   -0.008086
    0.555002   -1.035906    0.334792   -0.056887   -0.157531   -0.827609   -0.007153
    0.576348   -1.039086    0.317068   -0.057030   -0.140383   -0.832996   -0.006212
    0.597694   -1.041898    0.299231   -0.057153   -0.123075   -0.838122   -0.005262
    0.619041   -1.044339    0.281288   -0.057255   -0.105609   -0.842982   -0.004304
    0.640387   -1.046406    0.263244   -0.057336   -0.087983   -0.847572   -0.003338
    0.661733   -1.048094    0.245105   -0.057397   -0.070198   -0.851889   -0.002364
    0.683079   -1.049401    0.226877   -0.057437   -0.052254   -0.855926   -0.001382
    0.704426   -1.050324    0.208565   -0.057456   -0.034153   -0.859680   -0.000391
    0.725772   -1.050858    0.190177   -0.057454   -0.015893   -0.863145    0.000607
    0.747118   -1.051001    0.171718   -0.057430    0.002524   -0.866315    0.001614
    0.768464   -1.050749    0.153194   -0.057385    0.021097   -0.869186    0.002629
    0.789811   -1.050099    0.134612   -0.057318    0.039827   -0.871752    0.003651
    0.811157   -1.049048    0.115979   -0.057229    0.058712   -0.874006    0.004682
    0.832503   -1.047592    0.097301   -0.057118    0.077753   -0.875943    0.005720
    0.853849   -1.045727    0.078585   -0.056985    0.096947   -0.877555    0.006766
    0.875195   -1.043452    0.059838   -0.056829    0.116293   -0.878837    0.007820
    0.896542   -1.040761    0.041068   -0.056651    0.135792   -0.879781    0.008882
    0.917888   -1.037653    0.022281   -0.056450    0.155441   -0.880379    0.009951
    0.939234   -1.034124    0.003485   -0.056226    0.175239   -0.880625    0.011028
    0.960580   -1.030171   -0.015313   -0.055979    0.195185   -0.880511    0.012112
    0.981927   -1.025790   -0.034104   -0.055709    0.215276   -0.880027    0.013204
    1.003273   -1.020979   -0.052880   -0.055415    0.235511   -0.879167    0.014302
    1.024619   -1.015735   -0.071635   -0.055098    0.255888   -0.877921    0.015408
    1.045965   -1.010054   -0.090358   -0.054757    0.276404   -0.876280    0.016520
    1.067312   -1.003933   -0.109042   -0.054393    0.297056   -0.874235    0.017640
    1.088658   -0.997371   -0.127679   -0.054004    0.317842   -0.871776    0.018766
    1.110004   -0.990363   -0.146258   -0.053591    0.338759   -0.868893    0.019898
    1.131350   -0.982907   -0.164771   -0.053155    0.359802   -0.865575    0.021036
    1.152696   -0.975001   -0.183208   -0.052693    0.380968   -0.861813    0.022180
    1.174043   -0.966642   -0.201560   -0.052208    0.402253   -0.857595    0.023330
    1.195389   -0.957827   -0.219818   -0.051697    0.423651   -0.852909    0.024486
    1.216735   -0.948555   -0.237970   -0.051162    0.445159   -0.847743    0.025646
    1.238081   -0.938822   -0.256006   -0.050602    0.466770   -0.842087    0.026811
    1.259428   -0.928626   -0.273917   -0.050017    0.488478   -0.835926    0.027981
    1.280774   -0.917967   -0.291690   -0.049408    0.510277   -0.829248    0.029155
    1.302120   -0.906841   -0.309316   -0.048773    0.532160   -0.822040    0.030332
    1.323466   -0.895247   -0.326781   -0.048113    0.554118   -0.814289    0.031513
    1.344813   -0.883184   -0.344076   -0.047427    0.576144   -0.805980    0.032696
    1.366159   -0.870649   -0.361187   -0.046717    0.598228   -0.797098    0.033881
    1.387505   -0.857643   -0.378102   -0.045981    0.620361   -0.787630    0.035068
    1.408851   -0.844164   -0.394808   -0.045220    0.642531   -0.777560    0.036257
    1.430197   -0.830212   -0.411293   -0.044433    0.664728   -0.766873    0.037445
    1.451544   -0.815786   -0.427543   -0.043621    0.686939   -0.755553    0.038633
    1.472890   -0.800885   -0.443545   -0.042784    0.709150   -0.743584    0.039820
    1.494236   -0.785510   -0.459284   -0.041921    0.731348   -0.730950    0.041006
    1.515582   -0.769662   -0.474746   -0.041033    0.753516   -0.717635    0.042188
    1.536929   -0.753341   -0.489917   -0.040120    0.775638   -0.703621    0.043367
    1.558275   -0.736549   -0.504780   -0.039182    0.797697   -0.688893    0.044541
    1.579621   -0.719286   -0.519322   -0.038218    0.819673   -0.673433    0.045709
    1.600967   -0.701555   -0.533526   -0.037230    0.841546   -0.657224    0.046871
    1.622314   -0.683359   -0.547375   -0.036217    0.863293   -0.640249    0.048024
    1.643660   -0.664700   -0.560854   -0.035180    0.884892   -0.622491    0.049168
    1.665006   -0.645582   -0.573945   -0.034118    0.906317   -0.603933    0.050301
    1.686352   -0.626009   -0.586631   -0.033033    0.927542   -0.584560    0.051422
    1.707699   -0.605985   -0.598895   -0.031923    0.948538   -0.564354    0.052529
    1.729045   -0.585515   -0.610719   -0.030790    0.969276   -0.543299    0.053621
    1.750391   -0.564606   -0.622084   -0.029634    0.989721   -0.521381    0.054695
    1.771737   -0.543264   -0.632972   -0.028455    1.009842   -0.498585    0.055750
    1.793083   -0.521496   -0.643364   -0.027254    1.029601   -0.474897    0.056783
    1.814430   -0.499311   -0.653240   -0.026031    1.048961   -0.450305    0.057794
    1.835776   -0.476716   -0.662582   -0.024787    1.067880   -0.424796    0.058779
    1.857122   -0.453724   -0.671369   -0.023522    1.086317   -0.398361    0.059736
    1.878468   -0.430343   -0.679582   -0.022237    1.104226   -0.370990    0.060663
    1.899815   -0.406586   -0.687201   -0.020932    1.121561   -0.342677    0.061557
    1.921161   -0.382465   -0.694205   -0.019609    1.138272   -0.313417    0.062416
    1.942507   -0.357995   -0.700575   -0.018268    1.154308   -0.283207    0.063236
    1.963853   -0.333190   -0.706289   -0.016910    1.169614   -0.252047    0.064015
    1.985200   -0.308067   -0.711328   -0.015535    1.184135   -0.219941    0.064750
    2.006546   -0.282642   -0.715672   -0.014146    1.197813   -0.186892    0.065437
    2.027892   -0.256935   -0.719301   -0.012742    1.210588   -0.152912    0.066074
    2.049238   -0.230966   -0.722194   -0.011325    1.222398   -0.118013    0.066656
    2.070584   -0.204756   -0.724332   -0.009897    1.233179   -0.082212    0.067182
    2.091931   -0.178326   -0.725697   -0.008458    1.242868   -0.045530    0.067646
    2.113277   -0.151703   -0.726270   -0.007009    1.251397   -0.007994    0.068045
    2.134623   -0.124910   -0.726033   -0.005553    1.258701    0.030364    0.068377
    2.155969   -0.097975   -0.724968   -0.004090    1.264711    0.069510    0.068637
    2.177316   -0.070926   -0.723060   -0.002623    1.269361    0.109400    0.068822
    2.198662   -0.043793   -0.720293   -0.001153    1.272585    0.149985    0.068928
    2.220008   -0.016607   -0.716652    0.000319    1.274315    0.191213    0.068952
    2.241354    0.010600   -0.712125    0.001790    1.274488    0.233023    0.068890
    2.262701    0.037793   -0.706700    0.003259    1.273042    0.275347    0.068739
    2.284047    0.064937   -0.700367    0.004724    1.269917    0.318112    0.068496
    2.305393    0.091996   -0.693117    0.006183    1.265058    0.361239    0.068159
    2.326739    0.118933   -0.684943    0.007633    1.258412    0.404641    0.067723
    2.348085    0.145708   -0.675840    0.009074    1.249933    0.448226    0.067188
    2.369432    0.172282   -0.665806    0.010501    1.239580    0.491895    0.066551
    2.390778    0.198615   -0.654840    0.011914    1.227319    0.535545    0.065810
    2.412124    0.224666   -0.642943    0.013310    1.213122    0.579066    0.064964
    2.433470    0.250392   -0.630120    0.014687    1.196970    0.622344    0.064012
    2.454817    0.275753   -0.616377    0.016042    1.178852    0.665262    0.062954
    2.476163    0.300706   -0.601722    0.017374    1.158767    0.707700    0.061789
    2.497509    0.325210   -0.586167    0.018679    1.136722    0.749534    0.060520
    2.518855    0.349222   -0.569728    0.019957    1.112735    0.790640    0.059146
    2.540202    0.372702   -0.552419    0.021204    1.086836    0.830895    0.057669
    2.561548    0.395608   -0.534261    0.022418    1.059063    0.870175    0.056092
    2.582894    0.417903   -0.515277    0.023598    1.029465    0.908358    0.054418
    2.604240    0.439546   -0.495490    0.024740    0.998103    0.945327    0.052650
    2.625586    0.460502   -0.474928    0.025845    0.965047    0.980967    0.050792
    2.646933    0.480735   -0.453620    0.026908    0.930376    1.015170    0.048849
    2.668279    0.500211   -0.431599    0.027930    0.894179    1.047834    0.046825
    2.689625    0.518900   -0.408897    0.028907    0.856554    1.078864    0.044727
    2.710971    0.536770   -0.385552    0.029839    0.817606    1.108175    0.042560
    2.732318    0.553797   -0.361600    0.030723    0.777446    1.135689    0.040330
    2.753664    0.569954   -0.337080    0.031560    0.736192    1.161340    0.038043
    2.775010    0.585220   -0.312033    0.032347    0.693965    1.185069    0.035707
    2.796356    0.599575   -0.286500    0.033084    0.650891    1.206830    0.033328
    2.817703    0.613003   -0.260524    0.033770    0.607096    1.226588    0.030914
    2.839049    0.625489   -0.234149    0.034404    0.562709    1.244319    0.028470
    2.860395    0.637023   -0.207416    0.034985    0.517859    1.260007    0.026005
    2.881741    0.647595   -0.180370    0.035514    0.472672    1.273649    0.023525
    2.903087    0.657201   -0.153055    0.035989    0.427273    1.285252    0.021038
    2.924434    0.665836   -0.125514    0.036412    0.381784    1.294832    0.018548
    2.945780    0.673500   -0.097790    0.036781    0.336322    1.302414    0.016064
    2.967126    0.680195   -0.069925    0.037098    0.291000    1.308032    0.013590
    2.988472    0.685925   -0.041960    0.037362    0.245925    1.311726    0.011133
    3.009819    0.690697   -0.013937    0.037573    0.201199    1.313544    0.008699
    3.031165    0.694518    0.014105    0.037733    0.156916    1.313541    0.006291
    3.052511    0.697400    0.042128    0.037842    0.113164    1.311776    0.003916
    3.073857    0.699354    0.070096    0.037901    0.070024    1.308313    0.001576
    3.095204    0.700394    0.097972    0.037910    0.027571    1.303218   -0.000723
    3.116550    0.700536    0.125722    0.037870   -0.014128    1.296562   -0.002978
    3.137896    0.699797    0.153315    0.037783   -0.055013    1.288418   -0.005187
    3.159242    0.698194    0.180718    0.037649   -0.095031    1.278859   -0.007346
    3.180588    0.695746    0.207903    0.037470   -0.134136    1.267959   -0.009454
    3.201935    0.692474    0.234841    0.037246   -0.172287    1.255794   -0.011507
    3.223281    0.688398    0.261507    0.036979   -0.209450    1.242439   -0.013505
    3.244627    0.683539    0.287876    0.036670   -0.245598    1.227966   -0.015445
    3.265973    0.677920    0.313925    0.036320   -0.280707    1.212450   -0.017327
    3.287320    0.671563    0.339632    0.035930   -0.314759    1.195961   -0.019151
    3.308666    0.664490    0.364977    0.035503   -0.347743    1.178569   -0.020914
    3.330012    0.656724    0.389942    0.035038   -0.379649    1.160341   -0.022618
    3.351358    0.648289    0.414509    0.034537   -0.410473    1.141343   -0.024261
    3.372705    0.639208    0.438663    0.034003   -0.440214    1.121637   -0.025844
    3.394051    0.629503    0.462390    0.033434   -0.468874    1.101285   -0.027368
    3.415397    0.619198    0.485676    0.032835   -0.496460    1.080343   -0.028832
    3.436743    0.608316    0.508509    0.032204   -0.522979    1.058867   -0.030237
    3.458089    0.596879    0.530878    0.031544   -0.548441    1.036911   -0.031584
    3.479436    0.584909    0.552774    0.030856   -0.572860    1.014522   -0.032873
    3.500782    0.572429    0.574188    0.030141   -0.596248    0.991750   -0.034106
    3.522128    0.559461    0.595112    0.029400   -0.618623    0.968639   -0.035282
    3.543474    0.546026    0.615539    0.028635   -0.640000    0.945230   -0.036405
    3.564821    0.532145    0.635464    0.027847   -0.660399    0.921564   -0.037473
    3.586167    0.517838    0.654881    0.027036   -0.679837    0.897678   -0.038489
    3.607513    0.503127    0.673787    0.026204   -0.698336    0.873607   -0.039454
    3.628859    0.488031    0.692177    0.025352   -0.715914    0.849383   -0.040368
    3.650206    0.472570    0.710048    0.024481   -0.732594    0.825038   -0.041234
    3.671552    0.456761    0.727399    0.023592   -0.748396    0.800599   -0.042051
    3.692898    0.440625    0.744227    0.022686   -0.763341    0.776094   -0.042822
    3.714244    0.424178    0.760532    0.021764   -0.777450    0.751546   -0.043547
    3.735590    0.407439    0.776313    0.020827   -0.790744    0.726980   -0.044228
    3.756937    0.390425    0.791569    0.019876   -0.803246    0.702416   -0.044866
    3.778283    0.373152    0.806301    0.018912   -0.814975    0.677874   -0.045461
    3.799629    0.355637    0.820509    0.017935   -0.825953    0.653372   -0.046016
    3.820975    0.337896    0.834195    0.016947   -0.836200    0.628927   -0.046532
    3.842322    0.319943    0.847360    0.015949   -0.845735    0.604555   -0.047009
    3.863668    0.301794    0.860006    0.014941   -0.854580    0.580269   -0.047448
    3.885014    0.283464    0.872134    0.013924   -0.862753    0.556084   -0.047851
    3.906360    0.264966    0.883747    0.012898   -0.870273    0.532010   -0.048219
    3.927707    0.246314    0.894848    0.011865   -0.877158    0.508059   -0.048553
    3.949053    0.227522    0.905438    0.010826   -0.883428    0.484242   -0.048853
    3.970399    0.208603    0.915522    0.009780   -0.889099    0.460566   -0.049121
    3.991745    0.189568    0.925102    0.008729   -0.894189    0.437041   -0.049357
    4.013091    0.170431    0.934181    0.007673   -0.898714    0.413674   -0.049563
    4.034438    0.151204    0.942764    0.006613   -0.902691    0.390472   -0.049740
    4.055784    0.131897    0.950853    0.005550   -0.906135    0.367441   -0.049888
    4.077130    0.112522    0.958452    0.004483   -0.909061    0.344587   -0.050008
    4.098476    0.093091    0.965565    0.003415   -0.911484    0.321915   -0.050101
    4.119823    0.073612    0.972197    0.002345   -0.913419    0.299429   -0.050168
    4.141169    0.054098    0.978350    0.001273   -0.914880    0.277133   -0.050210
    4.162515    0.034557    0.984030    0.000201   -0.915879    0.255031   -0.050226
    4.183861    0.015000    0.989239   -0.000871   -0.916429    0.233126   -0.050219
    4.205208   -0.004564    0.993984   -0.001943   -0.916544    0.211421   -0.050188
    4.226554   -0.024127    0.998267   -0.003013   -0.916235    0.189917   -0.050135
    4.247900   -0.043678    1.002093   -0.004083   -0.915514    0.168618   -0.050059
