0	  3.02543e-09 1.22992e-08 2.30086e-08 1.16618e-08 1.20300e-08 1.30776e-09
 0	  3.02543e-09 1.22992e-08 2.30086e-08 1.16618e-08 1.20300e-08 1.30776e-09

 1	  5.66748e-09 8.58919e-09 1.96098e-08 8.08243e-09 3.23119e-09 5.44086e-09
 1	  5.66748e-09 8.58919e-09 1.96098e-08 7.74317e-09 3.19932e-09 5.33306e-09

 2	  7.96104e-09 7.32674e-09 1.40306e-08 2.58138e-09 1.75666e-09 1.23913e-08
 2	  7.96104e-09 7.32674e-09 1.40306e-08 2.48122e-09 1.70492e-09 1.22098e-08

 3	  8.84055e-09 6.61823e-09 7.83861e-09 6.74633e-10 3.43893e-09 2.02253e-08
 3	  8.84055e-09 6.61823e-09 7.83861e-09 6.13708e-10 3.55743e-09 1.97552e-08

 4	  8.81806e-09 5.47351e-09 2.86795e-09 1.08261e-09 8.92254e-09 2.62061e-08
 4	  8.81806e-09 5.47351e-09 2.86795e-09 1.03048e-09 9.09407e-09 2.59432e-08

 5	  9.55936e-09 4.23125e-09 5.65990e-10 3.46092e-09 1.63994e-08 2.88822e-08
 5	  9.55936e-09 4.23125e-09 5.65990e-10 3.37079e-09 1.68499e-08 2.83525e-08

 6	  1.32308e-08 4.13303e-09 1.57482e-09 1.24974e-08 1.89722e-08 2.71302e-08
 6	  1.32308e-08 4.13303e-09 1.57482e-09 1.19417e-08 1.95204e-08 2.65362e-08

 7	  2.20223e-08 5.58593e-09 5.54182e-09 2.84989e-08 1.27981e-08 2.19482e-08
 7	  2.20223e-08 5.58593e-09 5.54182e-09 2.79697e-08 1.29161e-08 2.17620e-08

 8	  3.81103e-08 7.09144e-09 1.13657e-08 4.39216e-08 3.97692e-09 1.54309e-08
 8	  3.81103e-08 7.09144e-09 1.13657e-08 4.38774e-08 3.96264e-09 1.53901e-08

 9	  6.19359e-08 6.72817e-09 1.76064e-08 4.88134e-08 2.82696e-09 9.04614e-09
 9	  6.19359e-08 6.72817e-09 1.76064e-08 4.87145e-08 2.79919e-09 8.97871e-09

10	  9.05736e-08 4.29524e-09 2.28528e-08 3.95176e-08 1.27815e-08 3.99376e-09
10	  9.05736e-08 4.29524e-09 2.28528e-08 3.84224e-08 1.28903e-08 3.51570e-09

  9.35650e-08 6.99267e-10 2.34574e-08
  4.99989e-08 1.26870e-09 3.56081e-09

 0	      0.0000000000	      0.0000000000	      0.0000000000	
1	      0.0000098124	      0.0000025122	      0.0000167941	
2	      0.0000046033	      0.0000017334	      0.0000094206	
3	      0.0000036366	      0.0000024393	      0.0000104156	
4	      0.0014042071	      0.0000027697	      0.0014119045	
5	      0.0000061720	      0.0000022758	      0.0000124968	
6	      0.0000077066	      0.0000039453	      0.0000186712	
7	      0.0000079415	      0.0000018338	      0.0000130379	
8	      0.0000078803	      0.0000002739	      0.0000086416	
9	      0.0000084836	      0.0000006838	      0.0000103839	
10	      0.0000101611	      0.0000045841	      0.0000229007	

FLeg = 0.0015346668

F = 0.0426331278
