    0.292664	    0.956215	0.000000e+00	3.162278e-03	
    0.292664	    0.956215	9.771975e-04	3.007505e-03	
    0.292664	    0.956215	1.858740e-03	2.558336e-03	
    0.292664	    0.956215	2.558336e-03	1.858740e-03	
    0.292664	    0.956215	3.007505e-03	9.771975e-04	
    0.292664	    0.956215	3.162278e-03	1.936337e-19	
    0.292664	    0.956215	3.007505e-03	-9.771975e-04	
    0.292664	    0.956215	2.558336e-03	-1.858740e-03	
    0.292664	    0.956215	1.858740e-03	-2.558336e-03	
    0.292664	    0.956215	9.771975e-04	-3.007505e-03	
    0.292664	    0.956215	3.872673e-19	-3.162278e-03	
    0.292664	    0.956215	-9.771975e-04	-3.007505e-03	
    0.292664	    0.956215	-1.858740e-03	-2.558336e-03	
    0.292664	    0.956215	-2.558336e-03	-1.858740e-03	
    0.292664	    0.956215	-3.007505e-03	-9.771975e-04	
    0.292664	    0.956215	-3.162278e-03	-5.809010e-19	
    0.292664	    0.956215	-3.007505e-03	9.771975e-04	
    0.292664	    0.956215	-2.558336e-03	1.858740e-03	
    0.292664	    0.956215	-1.858740e-03	2.558336e-03	
    0.292664	    0.956215	-9.771975e-04	3.007505e-03	
    0.292664	    0.956215	-7.745346e-19	3.162278e-03	


    0.292664	    0.956215	0.000000e+00	3.162278e-03	
    0.292664	    0.956215	9.771975e-04	3.007505e-03	
    0.292664	    0.956215	1.858740e-03	2.558336e-03	
    0.292664	    0.956215	2.558336e-03	1.858740e-03	
    0.292664	    0.956215	3.007505e-03	9.771975e-04	
    0.292664	    0.956215	3.162278e-03	1.936337e-19	
    0.292664	    0.956215	3.007505e-03	-9.771975e-04	
    0.292664	    0.956215	2.558336e-03	-1.858740e-03	
    0.292664	    0.956215	1.858740e-03	-2.558336e-03	
    0.292664	    0.956215	9.771975e-04	-3.007505e-03	
    0.292664	    0.956215	3.872673e-19	-3.162278e-03	
    0.292664	    0.956215	-9.771975e-04	-3.007505e-03	
    0.292664	    0.956215	-1.858740e-03	-2.558336e-03	
    0.292664	    0.956215	-2.558336e-03	-1.858740e-03	
    0.292664	    0.956215	-3.007505e-03	-9.771975e-04	
    0.292664	    0.956215	-3.162278e-03	-5.809010e-19	
    0.292664	    0.956215	-3.007505e-03	9.771975e-04	
    0.292664	    0.956215	-2.558336e-03	1.858740e-03	
    0.292664	    0.956215	-1.858740e-03	2.558336e-03	
    0.292664	    0.956215	-9.771975e-04	3.007505e-03	
    0.292664	    0.956215	-7.745346e-19	3.162278e-03	


    0.040127	    0.988263	-1.661851e-03	-2.683086e-03	
    0.040127	    0.988263	-2.341982e-03	-2.080128e-03	
    0.040127	    0.988263	-2.792863e-03	-1.273553e-03	
    0.040127	    0.988263	-2.970360e-03	-3.423138e-04	
    0.040127	    0.988263	-2.857097e-03	6.224337e-04	
    0.040127	    0.988263	-2.464161e-03	1.526253e-03	
    0.040127	    0.988263	-1.830016e-03	2.280672e-03	
    0.040127	    0.988263	-1.016737e-03	2.811843e-03	
    0.040127	    0.988263	-1.039321e-04	3.067771e-03	
    0.040127	    0.988263	8.190463e-04	3.023405e-03	
    0.040127	    0.988263	1.661851e-03	2.683086e-03	
    0.040127	    0.988263	2.341982e-03	2.080128e-03	
    0.040127	    0.988263	2.792863e-03	1.273553e-03	
    0.040127	    0.988263	2.970360e-03	3.423138e-04	
    0.040127	    0.988263	2.857097e-03	-6.224337e-04	
    0.040127	    0.988263	2.464161e-03	-1.526253e-03	
    0.040127	    0.988263	1.830016e-03	-2.280672e-03	
    0.040127	    0.988263	1.016737e-03	-2.811843e-03	
    0.040127	    0.988263	1.039321e-04	-3.067771e-03	
    0.040127	    0.988263	-8.190463e-04	-3.023405e-03	
    0.040127	    0.988263	-1.661851e-03	-2.683086e-03	


    0.040127	    0.988263	-1.661851e-03	-2.683086e-03	
    0.040127	    0.988263	-2.341982e-03	-2.080128e-03	
    0.040127	    0.988263	-2.792863e-03	-1.273553e-03	
    0.040127	    0.988263	-2.970360e-03	-3.423138e-04	
    0.040127	    0.988263	-2.857097e-03	6.224337e-04	
    0.040127	    0.988263	-2.464161e-03	1.526253e-03	
    0.040127	    0.988263	-1.830016e-03	2.280672e-03	
    0.040127	    0.988263	-1.016737e-03	2.811843e-03	
    0.040127	    0.988263	-1.039321e-04	3.067771e-03	
    0.040127	    0.988263	8.190463e-04	3.023405e-03	
    0.040127	    0.988263	1.661851e-03	2.683086e-03	
    0.040127	    0.988263	2.341982e-03	2.080128e-03	
    0.040127	    0.988263	2.792863e-03	1.273553e-03	
    0.040127	    0.988263	2.970360e-03	3.423138e-04	
    0.040127	    0.988263	2.857097e-03	-6.224337e-04	
    0.040127	    0.988263	2.464161e-03	-1.526253e-03	
    0.040127	    0.988263	1.830016e-03	-2.280672e-03	
    0.040127	    0.988263	1.016737e-03	-2.811843e-03	
    0.040127	    0.988263	1.039321e-04	-3.067771e-03	
    0.040127	    0.988263	-8.190463e-04	-3.023405e-03	
    0.040127	    0.988263	-1.661851e-03	-2.683086e-03	


   -0.214863	    0.958032	-1.304424e-03	-3.057863e-03	
   -0.214863	    0.958032	-1.917164e-03	-2.619584e-03	
   -0.214863	    0.958032	-2.342238e-03	-1.924882e-03	
   -0.214863	    0.958032	-2.538037e-03	-1.041758e-03	
   -0.214863	    0.958032	-2.485396e-03	-5.666065e-05	
   -0.214863	    0.958032	-2.189467e-03	9.339834e-04	
   -0.214863	    0.958032	-1.679218e-03	1.833203e-03	
   -0.214863	    0.958032	-1.004595e-03	2.552975e-03	
   -0.214863	    0.958032	-2.316351e-04	3.022845e-03	
   -0.214863	    0.958032	5.639986e-04	3.196817e-03	
   -0.214863	    0.958032	1.304424e-03	3.057863e-03	
   -0.214863	    0.958032	1.917164e-03	2.619584e-03	
   -0.214863	    0.958032	2.342238e-03	1.924882e-03	
   -0.214863	    0.958032	2.538037e-03	1.041758e-03	
   -0.214863	    0.958032	2.485396e-03	5.666065e-05	
   -0.214863	    0.958032	2.189467e-03	-9.339834e-04	
   -0.214863	    0.958032	1.679218e-03	-1.833203e-03	
   -0.214863	    0.958032	1.004595e-03	-2.552975e-03	
   -0.214863	    0.958032	2.316351e-04	-3.022845e-03	
   -0.214863	    0.958032	-5.639986e-04	-3.196817e-03	
   -0.214863	    0.958032	-1.304424e-03	-3.057863e-03	


   -0.214863	    0.958032	-1.304424e-03	-3.057863e-03	
   -0.214863	    0.958032	-1.917164e-03	-2.619584e-03	
   -0.214863	    0.958032	-2.342238e-03	-1.924882e-03	
   -0.214863	    0.958032	-2.538037e-03	-1.041758e-03	
   -0.214863	    0.958032	-2.485396e-03	-5.666065e-05	
   -0.214863	    0.958032	-2.189467e-03	9.339834e-04	
   -0.214863	    0.958032	-1.679218e-03	1.833203e-03	
   -0.214863	    0.958032	-1.004595e-03	2.552975e-03	
   -0.214863	    0.958032	-2.316351e-04	3.022845e-03	
   -0.214863	    0.958032	5.639986e-04	3.196817e-03	
   -0.214863	    0.958032	1.304424e-03	3.057863e-03	
   -0.214863	    0.958032	1.917164e-03	2.619584e-03	
   -0.214863	    0.958032	2.342238e-03	1.924882e-03	
   -0.214863	    0.958032	2.538037e-03	1.041758e-03	
   -0.214863	    0.958032	2.485396e-03	5.666065e-05	
   -0.214863	    0.958032	2.189467e-03	-9.339834e-04	
   -0.214863	    0.958032	1.679218e-03	-1.833203e-03	
   -0.214863	    0.958032	1.004595e-03	-2.552975e-03	
   -0.214863	    0.958032	2.316351e-04	-3.022845e-03	
   -0.214863	    0.958032	-5.639986e-04	-3.196817e-03	
   -0.214863	    0.958032	-1.304424e-03	-3.057863e-03	


   -0.455973	    0.866116	-1.375671e-03	-3.432009e-03	
   -0.455973	    0.866116	-1.840469e-03	-3.050739e-03	
   -0.455973	    0.866116	-2.125109e-03	-2.370841e-03	
   -0.455973	    0.866116	-2.201729e-03	-1.458868e-03	
   -0.455973	    0.866116	-2.062828e-03	-4.040918e-04	
   -0.455973	    0.866116	-1.722003e-03	6.902400e-04	
   -0.455973	    0.866116	-1.212616e-03	1.717006e-03	
   -0.455973	    0.866116	-5.845305e-04	2.575700e-03	
   -0.455973	    0.866116	1.007733e-04	3.182266e-03	
   -0.455973	    0.866116	7.762128e-04	3.477330e-03	
   -0.455973	    0.866116	1.375671e-03	3.432009e-03	
   -0.455973	    0.866116	1.840469e-03	3.050739e-03	
   -0.455973	    0.866116	2.125109e-03	2.370841e-03	
   -0.455973	    0.866116	2.201729e-03	1.458868e-03	
   -0.455973	    0.866116	2.062828e-03	4.040918e-04	
   -0.455973	    0.866116	1.722003e-03	-6.902400e-04	
   -0.455973	    0.866116	1.212616e-03	-1.717006e-03	
   -0.455973	    0.866116	5.845305e-04	-2.575700e-03	
   -0.455973	    0.866116	-1.007733e-04	-3.182266e-03	
   -0.455973	    0.866116	-7.762128e-04	-3.477330e-03	
   -0.455973	    0.866116	-1.375671e-03	-3.432009e-03	


   -0.455973	    0.866116	-1.375671e-03	-3.432009e-03	
   -0.455973	    0.866116	-1.840469e-03	-3.050739e-03	
   -0.455973	    0.866116	-2.125109e-03	-2.370841e-03	
   -0.455973	    0.866116	-2.201729e-03	-1.458868e-03	
   -0.455973	    0.866116	-2.062828e-03	-4.040918e-04	
   -0.455973	    0.866116	-1.722003e-03	6.902400e-04	
   -0.455973	    0.866116	-1.212616e-03	1.717006e-03	
   -0.455973	    0.866116	-5.845305e-04	2.575700e-03	
   -0.455973	    0.866116	1.007733e-04	3.182266e-03	
   -0.455973	    0.866116	7.762128e-04	3.477330e-03	
   -0.455973	    0.866116	1.375671e-03	3.432009e-03	
   -0.455973	    0.866116	1.840469e-03	3.050739e-03	
   -0.455973	    0.866116	2.125109e-03	2.370841e-03	
   -0.455973	    0.866116	2.201729e-03	1.458868e-03	
   -0.455973	    0.866116	2.062828e-03	4.040918e-04	
   -0.455973	    0.866116	1.722003e-03	-6.902400e-04	
   -0.455973	    0.866116	1.212616e-03	-1.717006e-03	
   -0.455973	    0.866116	5.845305e-04	-2.575700e-03	
   -0.455973	    0.866116	-1.007733e-04	-3.182266e-03	
   -0.455973	    0.866116	-7.762128e-04	-3.477330e-03	
   -0.455973	    0.866116	-1.375671e-03	-3.432009e-03	


   -0.667449	    0.717929	-1.341745e-03	-3.874993e-03	
   -0.667449	    0.717929	-1.688547e-03	-3.542515e-03	
   -0.667449	    0.717929	-1.870063e-03	-2.863272e-03	
   -0.667449	    0.717929	-1.868524e-03	-1.903752e-03	
   -0.667449	    0.717929	-1.684080e-03	-7.578791e-04	
   -0.667449	    0.717929	-1.334788e-03	4.621802e-04	
   -0.667449	    0.717929	-8.548363e-04	1.636998e-03	
   -0.667449	    0.717929	-2.912078e-04	2.651575e-03	
   -0.667449	    0.717929	3.009262e-04	3.406598e-03	
   -0.667449	    0.717929	8.636034e-04	3.828158e-03	
   -0.667449	    0.717929	1.341745e-03	3.874993e-03	
   -0.667449	    0.717929	1.688547e-03	3.542515e-03	
   -0.667449	    0.717929	1.870063e-03	2.863272e-03	
   -0.667449	    0.717929	1.868524e-03	1.903752e-03	
   -0.667449	    0.717929	1.684080e-03	7.578791e-04	
   -0.667449	    0.717929	1.334788e-03	-4.621802e-04	
   -0.667449	    0.717929	8.548363e-04	-1.636998e-03	
   -0.667449	    0.717929	2.912078e-04	-2.651575e-03	
   -0.667449	    0.717929	-3.009262e-04	-3.406598e-03	
   -0.667449	    0.717929	-8.636034e-04	-3.828158e-03	
   -0.667449	    0.717929	-1.341745e-03	-3.874993e-03	


   -0.667449	    0.717929	-1.341745e-03	-3.874993e-03	
   -0.667449	    0.717929	-1.688547e-03	-3.542515e-03	
   -0.667449	    0.717929	-1.870063e-03	-2.863272e-03	
   -0.667449	    0.717929	-1.868524e-03	-1.903752e-03	
   -0.667449	    0.717929	-1.684080e-03	-7.578791e-04	
   -0.667449	    0.717929	-1.334788e-03	4.621802e-04	
   -0.667449	    0.717929	-8.548363e-04	1.636998e-03	
   -0.667449	    0.717929	-2.912078e-04	2.651575e-03	
   -0.667449	    0.717929	3.009262e-04	3.406598e-03	
   -0.667449	    0.717929	8.636034e-04	3.828158e-03	
   -0.667449	    0.717929	1.341745e-03	3.874993e-03	
   -0.667449	    0.717929	1.688547e-03	3.542515e-03	
   -0.667449	    0.717929	1.870063e-03	2.863272e-03	
   -0.667449	    0.717929	1.868524e-03	1.903752e-03	
   -0.667449	    0.717929	1.684080e-03	7.578791e-04	
   -0.667449	    0.717929	1.334788e-03	-4.621802e-04	
   -0.667449	    0.717929	8.548363e-04	-1.636998e-03	
   -0.667449	    0.717929	2.912078e-04	-2.651575e-03	
   -0.667449	    0.717929	-3.009262e-04	-3.406598e-03	
   -0.667449	    0.717929	-8.636034e-04	-3.828158e-03	
   -0.667449	    0.717929	-1.341745e-03	-3.874993e-03	


   -0.835778	    0.523287	-1.164515e-03	-4.239767e-03	
   -0.835778	    0.523287	-1.430247e-03	-3.943616e-03	
   -0.835778	    0.523287	-1.555975e-03	-3.261437e-03	
   -0.835778	    0.523287	-1.529394e-03	-2.260005e-03	
   -0.835778	    0.523287	-1.353105e-03	-1.037349e-03	
   -0.835778	    0.523287	-1.044365e-03	2.868506e-04	
   -0.835778	    0.523287	-6.333953e-04	1.582971e-03	
   -0.835778	    0.523287	-1.604242e-04	2.724139e-03	
   -0.835778	    0.523287	3.282503e-04	3.598650e-03	
   -0.835778	    0.523287	7.847934e-04	4.120899e-03	
   -0.835778	    0.523287	1.164515e-03	4.239767e-03	
   -0.835778	    0.523287	1.430247e-03	3.943616e-03	
   -0.835778	    0.523287	1.555975e-03	3.261437e-03	
   -0.835778	    0.523287	1.529394e-03	2.260005e-03	
   -0.835778	    0.523287	1.353105e-03	1.037349e-03	
   -0.835778	    0.523287	1.044365e-03	-2.868506e-04	
   -0.835778	    0.523287	6.333953e-04	-1.582971e-03	
   -0.835778	    0.523287	1.604242e-04	-2.724139e-03	
   -0.835778	    0.523287	-3.282503e-04	-3.598650e-03	
   -0.835778	    0.523287	-7.847934e-04	-4.120899e-03	
   -0.835778	    0.523287	-1.164515e-03	-4.239767e-03	


   -0.835778	    0.523287	-1.164515e-03	-4.239767e-03	
   -0.835778	    0.523287	-1.430247e-03	-3.943616e-03	
   -0.835778	    0.523287	-1.555975e-03	-3.261437e-03	
   -0.835778	    0.523287	-1.529394e-03	-2.260005e-03	
   -0.835778	    0.523287	-1.353105e-03	-1.037349e-03	
   -0.835778	    0.523287	-1.044365e-03	2.868506e-04	
   -0.835778	    0.523287	-6.333953e-04	1.582971e-03	
   -0.835778	    0.523287	-1.604242e-04	2.724139e-03	
   -0.835778	    0.523287	3.282503e-04	3.598650e-03	
   -0.835778	    0.523287	7.847934e-04	4.120899e-03	
   -0.835778	    0.523287	1.164515e-03	4.239767e-03	
   -0.835778	    0.523287	1.430247e-03	3.943616e-03	
   -0.835778	    0.523287	1.555975e-03	3.261437e-03	
   -0.835778	    0.523287	1.529394e-03	2.260005e-03	
   -0.835778	    0.523287	1.353105e-03	1.037349e-03	
   -0.835778	    0.523287	1.044365e-03	-2.868506e-04	
   -0.835778	    0.523287	6.333953e-04	-1.582971e-03	
   -0.835778	    0.523287	1.604242e-04	-2.724139e-03	
   -0.835778	    0.523287	-3.282503e-04	-3.598650e-03	
   -0.835778	    0.523287	-7.847934e-04	-4.120899e-03	
   -0.835778	    0.523287	-1.164515e-03	-4.239767e-03	


   -0.951030	    0.295337	-7.487410e-04	-4.431543e-03	
   -0.951030	    0.295337	-9.655072e-04	-4.171832e-03	
   -0.951030	    0.295337	-1.087763e-03	-3.503753e-03	
   -0.951030	    0.295337	-1.103541e-03	-2.492702e-03	
   -0.951030	    0.295337	-1.011296e-03	-1.237649e-03	
   -0.951030	    0.295337	-8.200591e-04	1.385549e-04	
   -0.951030	    0.295337	-5.485489e-04	1.501196e-03	
   -0.951030	    0.295337	-2.233429e-04	2.716889e-03	
   -0.951030	    0.295337	1.237255e-04	3.666634e-03	
   -0.951030	    0.295337	4.586828e-04	4.257464e-03	
   -0.951030	    0.295337	7.487410e-04	4.431543e-03	
   -0.951030	    0.295337	9.655072e-04	4.171832e-03	
   -0.951030	    0.295337	1.087763e-03	3.503753e-03	
   -0.951030	    0.295337	1.103541e-03	2.492702e-03	
   -0.951030	    0.295337	1.011296e-03	1.237649e-03	
   -0.951030	    0.295337	8.200591e-04	-1.385549e-04	
   -0.951030	    0.295337	5.485489e-04	-1.501196e-03	
   -0.951030	    0.295337	2.233429e-04	-2.716889e-03	
   -0.951030	    0.295337	-1.237255e-04	-3.666634e-03	
   -0.951030	    0.295337	-4.586828e-04	-4.257464e-03	
   -0.951030	    0.295337	-7.487410e-04	-4.431543e-03	


   -0.951030	    0.295337	-7.487410e-04	-4.431543e-03	
   -0.951030	    0.295337	-9.655072e-04	-4.171832e-03	
   -0.951030	    0.295337	-1.087763e-03	-3.503753e-03	
   -0.951030	    0.295337	-1.103541e-03	-2.492702e-03	
   -0.951030	    0.295337	-1.011296e-03	-1.237649e-03	
   -0.951030	    0.295337	-8.200591e-04	1.385549e-04	
   -0.951030	    0.295337	-5.485489e-04	1.501196e-03	
   -0.951030	    0.295337	-2.233429e-04	2.716889e-03	
   -0.951030	    0.295337	1.237255e-04	3.666634e-03	
   -0.951030	    0.295337	4.586828e-04	4.257464e-03	
   -0.951030	    0.295337	7.487410e-04	4.431543e-03	
   -0.951030	    0.295337	9.655072e-04	4.171832e-03	
   -0.951030	    0.295337	1.087763e-03	3.503753e-03	
   -0.951030	    0.295337	1.103541e-03	2.492702e-03	
   -0.951030	    0.295337	1.011296e-03	1.237649e-03	
   -0.951030	    0.295337	8.200591e-04	-1.385549e-04	
   -0.951030	    0.295337	5.485489e-04	-1.501196e-03	
   -0.951030	    0.295337	2.233429e-04	-2.716889e-03	
   -0.951030	    0.295337	-1.237255e-04	-3.666634e-03	
   -0.951030	    0.295337	-4.586828e-04	-4.257464e-03	
   -0.951030	    0.295337	-7.487410e-04	-4.431543e-03	


   -1.007612	    0.049077	-2.330956e-04	-4.375662e-03	
   -1.007612	    0.049077	-4.219470e-04	-4.150834e-03	
   -1.007612	    0.049077	-5.694954e-04	-3.519693e-03	
   -1.007612	    0.049077	-6.612975e-04	-2.544020e-03	
   -1.007612	    0.049077	-6.883672e-04	-1.319321e-03	
   -1.007612	    0.049077	-6.480548e-04	3.452249e-05	
   -1.007612	    0.049077	-5.443062e-04	1.384987e-03	
   -1.007612	    0.049077	-3.872772e-04	2.599879e-03	
   -1.007612	    0.049077	-1.923387e-04	3.560277e-03	
   -1.007612	    0.049077	2.142717e-05	4.172170e-03	
   -1.007612	    0.049077	2.330956e-04	4.375662e-03	
   -1.007612	    0.049077	4.219470e-04	4.150834e-03	
   -1.007612	    0.049077	5.694954e-04	3.519693e-03	
   -1.007612	    0.049077	6.612975e-04	2.544020e-03	
   -1.007612	    0.049077	6.883672e-04	1.319321e-03	
   -1.007612	    0.049077	6.480548e-04	-3.452249e-05	
   -1.007612	    0.049077	5.443062e-04	-1.384987e-03	
   -1.007612	    0.049077	3.872772e-04	-2.599879e-03	
   -1.007612	    0.049077	1.923387e-04	-3.560277e-03	
   -1.007612	    0.049077	-2.142717e-05	-4.172170e-03	
   -1.007612	    0.049077	-2.330956e-04	-4.375662e-03	


   -1.007612	    0.049077	-2.330956e-04	-4.375662e-03	
   -1.007612	    0.049077	-4.219470e-04	-4.150834e-03	
   -1.007612	    0.049077	-5.694954e-04	-3.519693e-03	
   -1.007612	    0.049077	-6.612975e-04	-2.544020e-03	
   -1.007612	    0.049077	-6.883672e-04	-1.319321e-03	
   -1.007612	    0.049077	-6.480548e-04	3.452249e-05	
   -1.007612	    0.049077	-5.443062e-04	1.384987e-03	
   -1.007612	    0.049077	-3.872772e-04	2.599879e-03	
   -1.007612	    0.049077	-1.923387e-04	3.560277e-03	
   -1.007612	    0.049077	2.142717e-05	4.172170e-03	
   -1.007612	    0.049077	2.330956e-04	4.375662e-03	
   -1.007612	    0.049077	4.219470e-04	4.150834e-03	
   -1.007612	    0.049077	5.694954e-04	3.519693e-03	
   -1.007612	    0.049077	6.612975e-04	2.544020e-03	
   -1.007612	    0.049077	6.883672e-04	1.319321e-03	
   -1.007612	    0.049077	6.480548e-04	-3.452249e-05	
   -1.007612	    0.049077	5.443062e-04	-1.384987e-03	
   -1.007612	    0.049077	3.872772e-04	-2.599879e-03	
   -1.007612	    0.049077	1.923387e-04	-3.560277e-03	
   -1.007612	    0.049077	-2.142717e-05	-4.172170e-03	
   -1.007612	    0.049077	-2.330956e-04	-4.375662e-03	


   -1.004352	   -0.200197	2.677273e-04	-4.105387e-03	
   -1.004352	   -0.200197	9.240095e-05	-3.915034e-03	
   -1.004352	   -0.200197	-9.197025e-05	-3.341450e-03	
   -1.004352	   -0.200197	-2.673388e-04	-2.440782e-03	
   -1.004352	   -0.200197	-4.165383e-04	-1.301194e-03	
   -1.004352	   -0.200197	-5.249642e-04	-3.423484e-05	
   -1.004352	   -0.200197	-5.820029e-04	1.236075e-03	
   -1.004352	   -0.200197	-5.820711e-04	2.385389e-03	
   -1.004352	   -0.200197	-5.251621e-04	3.301205e-03	
   -1.004352	   -0.200197	-4.168466e-04	3.893876e-03	
   -1.004352	   -0.200197	-2.677273e-04	4.105387e-03	
   -1.004352	   -0.200197	-9.240095e-05	3.915034e-03	
   -1.004352	   -0.200197	9.197025e-05	3.341450e-03	
   -1.004352	   -0.200197	2.673388e-04	2.440782e-03	
   -1.004352	   -0.200197	4.165383e-04	1.301194e-03	
   -1.004352	   -0.200197	5.249642e-04	3.423484e-05	
   -1.004352	   -0.200197	5.820029e-04	-1.236075e-03	
   -1.004352	   -0.200197	5.820711e-04	-2.385389e-03	
   -1.004352	   -0.200197	5.251621e-04	-3.301205e-03	
   -1.004352	   -0.200197	4.168466e-04	-3.893876e-03	
   -1.004352	   -0.200197	2.677273e-04	-4.105387e-03	


   -1.004352	   -0.200197	2.677273e-04	-4.105387e-03	
   -1.004352	   -0.200197	9.240095e-05	-3.915034e-03	
   -1.004352	   -0.200197	-9.197025e-05	-3.341450e-03	
   -1.004352	   -0.200197	-2.673388e-04	-2.440782e-03	
   -1.004352	   -0.200197	-4.165383e-04	-1.301194e-03	
   -1.004352	   -0.200197	-5.249642e-04	-3.423484e-05	
   -1.004352	   -0.200197	-5.820029e-04	1.236075e-03	
   -1.004352	   -0.200197	-5.820711e-04	2.385389e-03	
   -1.004352	   -0.200197	-5.251621e-04	3.301205e-03	
   -1.004352	   -0.200197	-4.168466e-04	3.893876e-03	
   -1.004352	   -0.200197	-2.677273e-04	4.105387e-03	
   -1.004352	   -0.200197	-9.240095e-05	3.915034e-03	
   -1.004352	   -0.200197	9.197025e-05	3.341450e-03	
   -1.004352	   -0.200197	2.673388e-04	2.440782e-03	
   -1.004352	   -0.200197	4.165383e-04	1.301194e-03	
   -1.004352	   -0.200197	5.249642e-04	3.423484e-05	
   -1.004352	   -0.200197	5.820029e-04	-1.236075e-03	
   -1.004352	   -0.200197	5.820711e-04	-2.385389e-03	
   -1.004352	   -0.200197	5.251621e-04	-3.301205e-03	
   -1.004352	   -0.200197	4.168466e-04	-3.893876e-03	
   -1.004352	   -0.200197	2.677273e-04	-4.105387e-03	


   -0.944019	   -0.438191	6.652233e-04	-3.641699e-03	
   -0.944019	   -0.438191	4.960703e-04	-3.488413e-03	
   -0.944019	   -0.438191	2.783586e-04	-2.993657e-03	
   -0.944019	   -0.438191	3.339915e-05	-2.205861e-03	
   -0.944019	   -0.438191	-2.148296e-04	-1.202140e-03	
   -0.944019	   -0.438191	-4.420294e-04	-8.074479e-05	
   -0.944019	   -0.438191	-6.259602e-04	1.048554e-03	
   -0.944019	   -0.438191	-7.486177e-04	2.075213e-03	
   -0.944019	   -0.438191	-7.979953e-04	2.898736e-03	
   -0.944019	   -0.438191	-7.692595e-04	3.438510e-03	
   -0.944019	   -0.438191	-6.652233e-04	3.641699e-03	
   -0.944019	   -0.438191	-4.960703e-04	3.488413e-03	
   -0.944019	   -0.438191	-2.783586e-04	2.993657e-03	
   -0.944019	   -0.438191	-3.339915e-05	2.205861e-03	
   -0.944019	   -0.438191	2.148296e-04	1.202140e-03	
   -0.944019	   -0.438191	4.420294e-04	8.074479e-05	
   -0.944019	   -0.438191	6.259602e-04	-1.048554e-03	
   -0.944019	   -0.438191	7.486177e-04	-2.075213e-03	
   -0.944019	   -0.438191	7.979953e-04	-2.898736e-03	
   -0.944019	   -0.438191	7.692595e-04	-3.438510e-03	
   -0.944019	   -0.438191	6.652233e-04	-3.641699e-03	


   -0.944019	   -0.438191	6.652233e-04	-3.641699e-03	
   -0.944019	   -0.438191	4.960703e-04	-3.488413e-03	
   -0.944019	   -0.438191	2.783586e-04	-2.993657e-03	
   -0.944019	   -0.438191	3.339915e-05	-2.205861e-03	
   -0.944019	   -0.438191	-2.148296e-04	-1.202140e-03	
   -0.944019	   -0.438191	-4.420294e-04	-8.074479e-05	
   -0.944019	   -0.438191	-6.259602e-04	1.048554e-03	
   -0.944019	   -0.438191	-7.486177e-04	2.075213e-03	
   -0.944019	   -0.438191	-7.979953e-04	2.898736e-03	
   -0.944019	   -0.438191	-7.692595e-04	3.438510e-03	
   -0.944019	   -0.438191	-6.652233e-04	3.641699e-03	
   -0.944019	   -0.438191	-4.960703e-04	3.488413e-03	
   -0.944019	   -0.438191	-2.783586e-04	2.993657e-03	
   -0.944019	   -0.438191	-3.339915e-05	2.205861e-03	
   -0.944019	   -0.438191	2.148296e-04	1.202140e-03	
   -0.944019	   -0.438191	4.420294e-04	8.074479e-05	
   -0.944019	   -0.438191	6.259602e-04	-1.048554e-03	
   -0.944019	   -0.438191	7.486177e-04	-2.075213e-03	
   -0.944019	   -0.438191	7.979953e-04	-2.898736e-03	
   -0.944019	   -0.438191	7.692595e-04	-3.438510e-03	
   -0.944019	   -0.438191	6.652233e-04	-3.641699e-03	


   -0.832528	   -0.652525	9.404622e-04	-3.104992e-03	
   -0.832528	   -0.652525	7.758499e-04	-2.988940e-03	
   -0.832528	   -0.652525	5.352920e-04	-2.580310e-03	
   -0.832528	   -0.652525	2.423360e-04	-1.919101e-03	
   -0.832528	   -0.652525	-7.434155e-05	-1.070037e-03	
   -0.832528	   -0.652525	-3.837420e-04	-1.162305e-04	
   -0.832528	   -0.652525	-6.555792e-04	8.489535e-04	
   -0.832528	   -0.652525	-8.632436e-04	1.731036e-03	
   -0.832528	   -0.652525	-9.864078e-04	2.443673e-03	
   -0.832528	   -0.652525	-1.013016e-03	2.917106e-03	
   -0.832528	   -0.652525	-9.404622e-04	3.104992e-03	
   -0.832528	   -0.652525	-7.758499e-04	2.988940e-03	
   -0.832528	   -0.652525	-5.352920e-04	2.580310e-03	
   -0.832528	   -0.652525	-2.423360e-04	1.919101e-03	
   -0.832528	   -0.652525	7.434155e-05	1.070037e-03	
   -0.832528	   -0.652525	3.837420e-04	1.162305e-04	
   -0.832528	   -0.652525	6.555792e-04	-8.489535e-04	
   -0.832528	   -0.652525	8.632436e-04	-1.731036e-03	
   -0.832528	   -0.652525	9.864078e-04	-2.443673e-03	
   -0.832528	   -0.652525	1.013016e-03	-2.917106e-03	
   -0.832528	   -0.652525	9.404622e-04	-3.104992e-03	


   -0.832528	   -0.652525	9.404622e-04	-3.104992e-03	
   -0.832528	   -0.652525	7.758499e-04	-2.988940e-03	
   -0.832528	   -0.652525	5.352920e-04	-2.580310e-03	
   -0.832528	   -0.652525	2.423360e-04	-1.919101e-03	
   -0.832528	   -0.652525	-7.434155e-05	-1.070037e-03	
   -0.832528	   -0.652525	-3.837420e-04	-1.162305e-04	
   -0.832528	   -0.652525	-6.555792e-04	8.489535e-04	
   -0.832528	   -0.652525	-8.632436e-04	1.731036e-03	
   -0.832528	   -0.652525	-9.864078e-04	2.443673e-03	
   -0.832528	   -0.652525	-1.013016e-03	2.917106e-03	
   -0.832528	   -0.652525	-9.404622e-04	3.104992e-03	
   -0.832528	   -0.652525	-7.758499e-04	2.988940e-03	
   -0.832528	   -0.652525	-5.352920e-04	2.580310e-03	
   -0.832528	   -0.652525	-2.423360e-04	1.919101e-03	
   -0.832528	   -0.652525	7.434155e-05	1.070037e-03	
   -0.832528	   -0.652525	3.837420e-04	1.162305e-04	
   -0.832528	   -0.652525	6.555792e-04	-8.489535e-04	
   -0.832528	   -0.652525	8.632436e-04	-1.731036e-03	
   -0.832528	   -0.652525	9.864078e-04	-2.443673e-03	
   -0.832528	   -0.652525	1.013016e-03	-2.917106e-03	
   -0.832528	   -0.652525	9.404622e-04	-3.104992e-03	


   -0.678027	   -0.833228	1.047548e-03	-2.553811e-03	
   -0.678027	   -0.833228	8.858444e-04	-2.474117e-03	
   -0.678027	   -0.833228	6.374288e-04	-2.152239e-03	
   -0.678027	   -0.833228	3.266171e-04	-1.619685e-03	
   -0.678027	   -0.833228	-1.616612e-05	-9.285848e-04	
   -0.678027	   -0.833228	-3.573669e-04	-1.465883e-04	
   -0.678027	   -0.833228	-6.635861e-04	6.497573e-04	
   -0.678027	   -0.833228	-9.048489e-04	1.382500e-03	
   -0.678027	   -0.833228	-1.057539e-03	1.979914e-03	
   -0.678027	   -0.833228	-1.106709e-03	2.383520e-03	
   -0.678027	   -0.833228	-1.047548e-03	2.553811e-03	
   -0.678027	   -0.833228	-8.858444e-04	2.474117e-03	
   -0.678027	   -0.833228	-6.374288e-04	2.152239e-03	
   -0.678027	   -0.833228	-3.266171e-04	1.619685e-03	
   -0.678027	   -0.833228	1.616612e-05	9.285848e-04	
   -0.678027	   -0.833228	3.573669e-04	1.465883e-04	
   -0.678027	   -0.833228	6.635861e-04	-6.497573e-04	
   -0.678027	   -0.833228	9.048489e-04	-1.382500e-03	
   -0.678027	   -0.833228	1.057539e-03	-1.979914e-03	
   -0.678027	   -0.833228	1.106709e-03	-2.383520e-03	
   -0.678027	   -0.833228	1.047548e-03	-2.553811e-03	


   -0.678027	   -0.833228	1.047548e-03	-2.553811e-03	
   -0.678027	   -0.833228	8.858444e-04	-2.474117e-03	
   -0.678027	   -0.833228	6.374288e-04	-2.152239e-03	
   -0.678027	   -0.833228	3.266171e-04	-1.619685e-03	
   -0.678027	   -0.833228	-1.616612e-05	-9.285848e-04	
   -0.678027	   -0.833228	-3.573669e-04	-1.465883e-04	
   -0.678027	   -0.833228	-6.635861e-04	6.497573e-04	
   -0.678027	   -0.833228	-9.048489e-04	1.382500e-03	
   -0.678027	   -0.833228	-1.057539e-03	1.979914e-03	
   -0.678027	   -0.833228	-1.106709e-03	2.383520e-03	
   -0.678027	   -0.833228	-1.047548e-03	2.553811e-03	
   -0.678027	   -0.833228	-8.858444e-04	2.474117e-03	
   -0.678027	   -0.833228	-6.374288e-04	2.152239e-03	
   -0.678027	   -0.833228	-3.266171e-04	1.619685e-03	
   -0.678027	   -0.833228	1.616612e-05	9.285848e-04	
   -0.678027	   -0.833228	3.573669e-04	1.465883e-04	
   -0.678027	   -0.833228	6.635861e-04	-6.497573e-04	
   -0.678027	   -0.833228	9.048489e-04	-1.382500e-03	
   -0.678027	   -0.833228	1.057539e-03	-1.979914e-03	
   -0.678027	   -0.833228	1.106709e-03	-2.383520e-03	
   -0.678027	   -0.833228	1.047548e-03	-2.553811e-03	


   -0.490050	   -0.972889	9.909215e-04	-2.041946e-03	
   -0.490050	   -0.972889	8.360026e-04	-1.993650e-03	
   -0.490050	   -0.972889	5.992500e-04	-1.750201e-03	
   -0.490050	   -0.972889	3.038386e-04	-1.335431e-03	
   -0.490050	   -0.972889	-2.131465e-05	-7.899388e-04	
   -0.490050	   -0.972889	-3.443815e-04	-1.671224e-04	
   -0.490050	   -0.972889	-6.337378e-04	4.720531e-04	
   -0.490050	   -0.972889	-8.610595e-04	1.065021e-03	
   -0.490050	   -0.972889	-1.004095e-03	1.553737e-03	
   -0.490050	   -0.972889	-1.048842e-03	1.890362e-03	
   -0.490050	   -0.972889	-9.909215e-04	2.041946e-03	
   -0.490050	   -0.972889	-8.360026e-04	1.993650e-03	
   -0.490050	   -0.972889	-5.992500e-04	1.750201e-03	
   -0.490050	   -0.972889	-3.038386e-04	1.335431e-03	
   -0.490050	   -0.972889	2.131465e-05	7.899388e-04	
   -0.490050	   -0.972889	3.443815e-04	1.671224e-04	
   -0.490050	   -0.972889	6.337378e-04	-4.720531e-04	
   -0.490050	   -0.972889	8.610595e-04	-1.065021e-03	
   -0.490050	   -0.972889	1.004095e-03	-1.553737e-03	
   -0.490050	   -0.972889	1.048842e-03	-1.890362e-03	
   -0.490050	   -0.972889	9.909215e-04	-2.041946e-03	


   -0.490050	   -0.972889	9.909215e-04	-2.041946e-03	
   -0.490050	   -0.972889	8.360026e-04	-1.993650e-03	
   -0.490050	   -0.972889	5.992500e-04	-1.750201e-03	
   -0.490050	   -0.972889	3.038386e-04	-1.335431e-03	
   -0.490050	   -0.972889	-2.131465e-05	-7.899388e-04	
   -0.490050	   -0.972889	-3.443815e-04	-1.671224e-04	
   -0.490050	   -0.972889	-6.337378e-04	4.720531e-04	
   -0.490050	   -0.972889	-8.610595e-04	1.065021e-03	
   -0.490050	   -0.972889	-1.004095e-03	1.553737e-03	
   -0.490050	   -0.972889	-1.048842e-03	1.890362e-03	
   -0.490050	   -0.972889	-9.909215e-04	2.041946e-03	
   -0.490050	   -0.972889	-8.360026e-04	1.993650e-03	
   -0.490050	   -0.972889	-5.992500e-04	1.750201e-03	
   -0.490050	   -0.972889	-3.038386e-04	1.335431e-03	
   -0.490050	   -0.972889	2.131465e-05	7.899388e-04	
   -0.490050	   -0.972889	3.443815e-04	1.671224e-04	
   -0.490050	   -0.972889	6.337378e-04	-4.720531e-04	
   -0.490050	   -0.972889	8.610595e-04	-1.065021e-03	
   -0.490050	   -0.972889	1.004095e-03	-1.553737e-03	
   -0.490050	   -0.972889	1.048842e-03	-1.890362e-03	
   -0.490050	   -0.972889	9.909215e-04	-2.041946e-03	


   -0.278842	   -1.066560	8.384642e-04	-1.608352e-03	
   -0.278842	   -1.066560	6.920003e-04	-1.584595e-03	
   -0.278842	   -1.066560	4.777985e-04	-1.405726e-03	
   -0.278842	   -1.066560	2.168266e-04	-1.089255e-03	
   -0.278842	   -1.066560	-6.536991e-05	-6.661602e-04	
   -0.278842	   -1.066560	-3.411675e-04	-1.778570e-04	
   -0.278842	   -1.066560	-5.835693e-04	3.278560e-04	
   -0.278842	   -1.066560	-7.688472e-04	8.014763e-04	
   -0.278842	   -1.066560	-8.788650e-04	1.196642e-03	
   -0.278842	   -1.066560	-9.028534e-04	1.474673e-03	
   -0.278842	   -1.066560	-8.384642e-04	1.608352e-03	
   -0.278842	   -1.066560	-6.920003e-04	1.584595e-03	
   -0.278842	   -1.066560	-4.777985e-04	1.405726e-03	
   -0.278842	   -1.066560	-2.168266e-04	1.089255e-03	
   -0.278842	   -1.066560	6.536991e-05	6.661602e-04	
   -0.278842	   -1.066560	3.411675e-04	1.778570e-04	
   -0.278842	   -1.066560	5.835693e-04	-3.278560e-04	
   -0.278842	   -1.066560	7.688472e-04	-8.014763e-04	
   -0.278842	   -1.066560	8.788650e-04	-1.196642e-03	
   -0.278842	   -1.066560	9.028534e-04	-1.474673e-03	
   -0.278842	   -1.066560	8.384642e-04	-1.608352e-03	


   -0.278842	   -1.066560	8.384642e-04	-1.608352e-03	
   -0.278842	   -1.066560	6.920003e-04	-1.584595e-03	
   -0.278842	   -1.066560	4.777985e-04	-1.405726e-03	
   -0.278842	   -1.066560	2.168266e-04	-1.089255e-03	
   -0.278842	   -1.066560	-6.536991e-05	-6.661602e-04	
   -0.278842	   -1.066560	-3.411675e-04	-1.778570e-04	
   -0.278842	   -1.066560	-5.835693e-04	3.278560e-04	
   -0.278842	   -1.066560	-7.688472e-04	8.014763e-04	
   -0.278842	   -1.066560	-8.788650e-04	1.196642e-03	
   -0.278842	   -1.066560	-9.028534e-04	1.474673e-03	
   -0.278842	   -1.066560	-8.384642e-04	1.608352e-03	
   -0.278842	   -1.066560	-6.920003e-04	1.584595e-03	
   -0.278842	   -1.066560	-4.777985e-04	1.405726e-03	
   -0.278842	   -1.066560	-2.168266e-04	1.089255e-03	
   -0.278842	   -1.066560	6.536991e-05	6.661602e-04	
   -0.278842	   -1.066560	3.411675e-04	1.778570e-04	
   -0.278842	   -1.066560	5.835693e-04	-3.278560e-04	
   -0.278842	   -1.066560	7.688472e-04	-8.014763e-04	
   -0.278842	   -1.066560	8.788650e-04	-1.196642e-03	
   -0.278842	   -1.066560	9.028534e-04	-1.474673e-03	
   -0.278842	   -1.066560	8.384642e-04	-1.608352e-03	


   -0.054858	   -1.111558	6.140237e-04	-1.288386e-03	
   -0.054858	   -1.111558	4.766157e-04	-1.276491e-03	
   -0.054858	   -1.111558	2.925534e-04	-1.139645e-03	
   -0.054858	   -1.111558	7.985385e-05	-8.912428e-04	
   -0.054858	   -1.111558	-1.406623e-04	-5.555992e-04	
   -0.054858	   -1.111558	-3.474095e-04	-1.655697e-04	
   -0.054858	   -1.111558	-5.201498e-04	2.406669e-04	
   -0.054858	   -1.111558	-6.419742e-04	6.233453e-04	
   -0.054858	   -1.111558	-7.009578e-04	9.450064e-04	
   -0.054858	   -1.111558	-6.913266e-04	1.174164e-03	
   -0.054858	   -1.111558	-6.140237e-04	1.288386e-03	
   -0.054858	   -1.111558	-4.766157e-04	1.276491e-03	
   -0.054858	   -1.111558	-2.925534e-04	1.139645e-03	
   -0.054858	   -1.111558	-7.985385e-05	8.912428e-04	
   -0.054858	   -1.111558	1.406623e-04	5.555992e-04	
   -0.054858	   -1.111558	3.474095e-04	1.655697e-04	
   -0.054858	   -1.111558	5.201498e-04	-2.406669e-04	
   -0.054858	   -1.111558	6.419742e-04	-6.233453e-04	
   -0.054858	   -1.111558	7.009578e-04	-9.450064e-04	
   -0.054858	   -1.111558	6.913266e-04	-1.174164e-03	
   -0.054858	   -1.111558	6.140237e-04	-1.288386e-03	


   -0.054858	   -1.111558	6.140237e-04	-1.288386e-03	
   -0.054858	   -1.111558	4.766157e-04	-1.276491e-03	
   -0.054858	   -1.111558	2.925534e-04	-1.139645e-03	
   -0.054858	   -1.111558	7.985385e-05	-8.912428e-04	
   -0.054858	   -1.111558	-1.406623e-04	-5.555992e-04	
   -0.054858	   -1.111558	-3.474095e-04	-1.655697e-04	
   -0.054858	   -1.111558	-5.201498e-04	2.406669e-04	
   -0.054858	   -1.111558	-6.419742e-04	6.233453e-04	
   -0.054858	   -1.111558	-7.009578e-04	9.450064e-04	
   -0.054858	   -1.111558	-6.913266e-04	1.174164e-03	
   -0.054858	   -1.111558	-6.140237e-04	1.288386e-03	
   -0.054858	   -1.111558	-4.766157e-04	1.276491e-03	
   -0.054858	   -1.111558	-2.925534e-04	1.139645e-03	
   -0.054858	   -1.111558	-7.985385e-05	8.912428e-04	
   -0.054858	   -1.111558	1.406623e-04	5.555992e-04	
   -0.054858	   -1.111558	3.474095e-04	1.655697e-04	
   -0.054858	   -1.111558	5.201498e-04	-2.406669e-04	
   -0.054858	   -1.111558	6.419742e-04	-6.233453e-04	
   -0.054858	   -1.111558	7.009578e-04	-9.450064e-04	
   -0.054858	   -1.111558	6.913266e-04	-1.174164e-03	
   -0.054858	   -1.111558	6.140237e-04	-1.288386e-03	


    0.171588	   -1.107236	3.562820e-04	-1.081849e-03	
    0.171588	   -1.107236	2.285804e-04	-1.065212e-03	
    0.171588	   -1.107236	7.850385e-05	-9.443051e-04	
    0.171588	   -1.107236	-7.925722e-05	-7.309629e-04	
    0.171588	   -1.107236	-2.292601e-04	-4.460691e-04	
    0.171588	   -1.107236	-3.568213e-04	-1.175109e-04	
    0.171588	   -1.107236	-4.494544e-04	2.225501e-04	
    0.171588	   -1.107236	-4.980918e-04	5.408263e-04	
    0.171588	   -1.107236	-4.979725e-04	8.061627e-04	
    0.171588	   -1.107236	-4.491081e-04	9.925863e-04	
    0.171588	   -1.107236	-3.562820e-04	1.081849e-03	
    0.171588	   -1.107236	-2.285804e-04	1.065212e-03	
    0.171588	   -1.107236	-7.850385e-05	9.443051e-04	
    0.171588	   -1.107236	7.925722e-05	7.309629e-04	
    0.171588	   -1.107236	2.292601e-04	4.460691e-04	
    0.171588	   -1.107236	3.568213e-04	1.175109e-04	
    0.171588	   -1.107236	4.494544e-04	-2.225501e-04	
    0.171588	   -1.107236	4.980918e-04	-5.408263e-04	
    0.171588	   -1.107236	4.979725e-04	-8.061627e-04	
    0.171588	   -1.107236	4.491081e-04	-9.925863e-04	
    0.171588	   -1.107236	3.562820e-04	-1.081849e-03	


    0.171588	   -1.107236	3.562820e-04	-1.081849e-03	
    0.171588	   -1.107236	2.285804e-04	-1.065212e-03	
    0.171588	   -1.107236	7.850385e-05	-9.443051e-04	
    0.171588	   -1.107236	-7.925722e-05	-7.309629e-04	
    0.171588	   -1.107236	-2.292601e-04	-4.460691e-04	
    0.171588	   -1.107236	-3.568213e-04	-1.175109e-04	
    0.171588	   -1.107236	-4.494544e-04	2.225501e-04	
    0.171588	   -1.107236	-4.980918e-04	5.408263e-04	
    0.171588	   -1.107236	-4.979725e-04	8.061627e-04	
    0.171588	   -1.107236	-4.491081e-04	9.925863e-04	
    0.171588	   -1.107236	-3.562820e-04	1.081849e-03	
    0.171588	   -1.107236	-2.285804e-04	1.065212e-03	
    0.171588	   -1.107236	-7.850385e-05	9.443051e-04	
    0.171588	   -1.107236	7.925722e-05	7.309629e-04	
    0.171588	   -1.107236	2.292601e-04	4.460691e-04	
    0.171588	   -1.107236	3.568213e-04	1.175109e-04	
    0.171588	   -1.107236	4.494544e-04	-2.225501e-04	
    0.171588	   -1.107236	4.980918e-04	-5.408263e-04	
    0.171588	   -1.107236	4.979725e-04	-8.061627e-04	
    0.171588	   -1.107236	4.491081e-04	-9.925863e-04	
    0.171588	   -1.107236	3.562820e-04	-1.081849e-03	


    0.390572	   -1.054766	1.097790e-04	-9.655140e-04	
    0.390572	   -1.054766	2.522912e-07	-9.301007e-04	
    0.390572	   -1.054766	-1.092991e-04	-8.036426e-04	
    0.390572	   -1.054766	-2.081515e-04	-5.985184e-04	
    0.390572	   -1.054766	-2.866286e-04	-3.348070e-04	
    0.390572	   -1.054766	-3.370485e-04	-3.832243e-05	
    0.390572	   -1.054766	-3.544757e-04	2.619134e-04	
    0.390572	   -1.054766	-3.372044e-04	5.365114e-04	
    0.390572	   -1.054766	-2.869252e-04	7.585919e-04	
    0.390572	   -1.054766	-2.085597e-04	9.064161e-04	
    0.390572	   -1.054766	-1.097790e-04	9.655140e-04	
    0.390572	   -1.054766	-2.522912e-07	9.301007e-04	
    0.390572	   -1.054766	1.092991e-04	8.036426e-04	
    0.390572	   -1.054766	2.081515e-04	5.985184e-04	
    0.390572	   -1.054766	2.866286e-04	3.348070e-04	
    0.390572	   -1.054766	3.370485e-04	3.832243e-05	
    0.390572	   -1.054766	3.544757e-04	-2.619134e-04	
    0.390572	   -1.054766	3.372044e-04	-5.365114e-04	
    0.390572	   -1.054766	2.869252e-04	-7.585919e-04	
    0.390572	   -1.054766	2.085597e-04	-9.064161e-04	
    0.390572	   -1.054766	1.097790e-04	-9.655140e-04	


    0.390572	   -1.054766	1.097790e-04	-9.655140e-04	
    0.390572	   -1.054766	2.522912e-07	-9.301007e-04	
    0.390572	   -1.054766	-1.092991e-04	-8.036426e-04	
    0.390572	   -1.054766	-2.081515e-04	-5.985184e-04	
    0.390572	   -1.054766	-2.866286e-04	-3.348070e-04	
    0.390572	   -1.054766	-3.370485e-04	-3.832243e-05	
    0.390572	   -1.054766	-3.544757e-04	2.619134e-04	
    0.390572	   -1.054766	-3.372044e-04	5.365114e-04	
    0.390572	   -1.054766	-2.869252e-04	7.585919e-04	
    0.390572	   -1.054766	-2.085597e-04	9.064161e-04	
    0.390572	   -1.054766	-1.097790e-04	9.655140e-04	
    0.390572	   -1.054766	-2.522912e-07	9.301007e-04	
    0.390572	   -1.054766	1.092991e-04	8.036426e-04	
    0.390572	   -1.054766	2.081515e-04	5.985184e-04	
    0.390572	   -1.054766	2.866286e-04	3.348070e-04	
    0.390572	   -1.054766	3.370485e-04	3.832243e-05	
    0.390572	   -1.054766	3.544757e-04	-2.619134e-04	
    0.390572	   -1.054766	3.372044e-04	-5.365114e-04	
    0.390572	   -1.054766	2.869252e-04	-7.585919e-04	
    0.390572	   -1.054766	2.085597e-04	-9.064161e-04	
    0.390572	   -1.054766	1.097790e-04	-9.655140e-04	


    0.592724	   -0.956974	-6.683582e-05	-9.077167e-04	
    0.592724	   -0.956974	-1.501153e-04	-8.569171e-04	
    0.592724	   -0.956974	-2.187005e-04	-7.222365e-04	
    0.592724	   -0.956974	-2.658778e-04	-5.168583e-04	
    0.592724	   -0.956974	-2.870291e-04	-2.608865e-04	
    0.592724	   -0.956974	-2.800840e-04	2.062278e-05	
    0.592724	   -0.956974	-2.457223e-04	3.001133e-04	
    0.592724	   -0.956974	-1.873076e-04	5.502267e-04	
    0.592724	   -0.956974	-1.105579e-04	7.464800e-04	
    0.592724	   -0.956974	-2.298606e-05	8.696627e-04	
    0.592724	   -0.956974	6.683582e-05	9.077167e-04	
    0.592724	   -0.956974	1.501153e-04	8.569171e-04	
    0.592724	   -0.956974	2.187005e-04	7.222365e-04	
    0.592724	   -0.956974	2.658778e-04	5.168583e-04	
    0.592724	   -0.956974	2.870291e-04	2.608865e-04	
    0.592724	   -0.956974	2.800840e-04	-2.062278e-05	
    0.592724	   -0.956974	2.457223e-04	-3.001133e-04	
    0.592724	   -0.956974	1.873076e-04	-5.502267e-04	
    0.592724	   -0.956974	1.105579e-04	-7.464800e-04	
    0.592724	   -0.956974	2.298606e-05	-8.696627e-04	
    0.592724	   -0.956974	-6.683582e-05	-9.077167e-04	


    0.592724	   -0.956974	-6.683582e-05	-9.077167e-04	
    0.592724	   -0.956974	-1.501153e-04	-8.569171e-04	
    0.592724	   -0.956974	-2.187005e-04	-7.222365e-04	
    0.592724	   -0.956974	-2.658778e-04	-5.168583e-04	
    0.592724	   -0.956974	-2.870291e-04	-2.608865e-04	
    0.592724	   -0.956974	-2.800840e-04	2.062278e-05	
    0.592724	   -0.956974	-2.457223e-04	3.001133e-04	
    0.592724	   -0.956974	-1.873076e-04	5.502267e-04	
    0.592724	   -0.956974	-1.105579e-04	7.464800e-04	
    0.592724	   -0.956974	-2.298606e-05	8.696627e-04	
    0.592724	   -0.956974	6.683582e-05	9.077167e-04	
    0.592724	   -0.956974	1.501153e-04	8.569171e-04	
    0.592724	   -0.956974	2.187005e-04	7.222365e-04	
    0.592724	   -0.956974	2.658778e-04	5.168583e-04	
    0.592724	   -0.956974	2.870291e-04	2.608865e-04	
    0.592724	   -0.956974	2.800840e-04	-2.062278e-05	
    0.592724	   -0.956974	2.457223e-04	-3.001133e-04	
    0.592724	   -0.956974	1.873076e-04	-5.502267e-04	
    0.592724	   -0.956974	1.105579e-04	-7.464800e-04	
    0.592724	   -0.956974	2.298606e-05	-8.696627e-04	
    0.592724	   -0.956974	-6.683582e-05	-9.077167e-04	


    0.769341	   -0.818226	-1.619555e-04	-8.892681e-04	
    0.769341	   -0.818226	-2.215632e-04	-8.334447e-04	
    0.769341	   -0.818226	-2.594828e-04	-6.960379e-04	
    0.769341	   -0.818226	-2.720024e-04	-4.904981e-04	
    0.769341	   -0.818226	-2.578965e-04	-2.369449e-04	
    0.769341	   -0.818226	-2.185459e-04	3.980207e-05	
    0.769341	   -0.818226	-1.578025e-04	3.126530e-04	
    0.769341	   -0.818226	-8.161230e-05	5.548992e-04	
    0.769341	   -0.818226	2.566696e-06	7.428281e-04	
    0.769341	   -0.818226	8.649444e-05	8.580437e-04	
    0.769341	   -0.818226	1.619555e-04	8.892681e-04	
    0.769341	   -0.818226	2.215632e-04	8.334447e-04	
    0.769341	   -0.818226	2.594828e-04	6.960379e-04	
    0.769341	   -0.818226	2.720024e-04	4.904981e-04	
    0.769341	   -0.818226	2.578965e-04	2.369449e-04	
    0.769341	   -0.818226	2.185459e-04	-3.980207e-05	
    0.769341	   -0.818226	1.578025e-04	-3.126530e-04	
    0.769341	   -0.818226	8.161230e-05	-5.548992e-04	
    0.769341	   -0.818226	-2.566696e-06	-7.428281e-04	
    0.769341	   -0.818226	-8.649444e-05	-8.580437e-04	
    0.769341	   -0.818226	-1.619555e-04	-8.892681e-04	


    0.769341	   -0.818226	-1.619555e-04	-8.892681e-04	
    0.769341	   -0.818226	-2.215632e-04	-8.334447e-04	
    0.769341	   -0.818226	-2.594828e-04	-6.960379e-04	
    0.769341	   -0.818226	-2.720024e-04	-4.904981e-04	
    0.769341	   -0.818226	-2.578965e-04	-2.369449e-04	
    0.769341	   -0.818226	-2.185459e-04	3.980207e-05	
    0.769341	   -0.818226	-1.578025e-04	3.126530e-04	
    0.769341	   -0.818226	-8.161230e-05	5.548992e-04	
    0.769341	   -0.818226	2.566696e-06	7.428281e-04	
    0.769341	   -0.818226	8.649444e-05	8.580437e-04	
    0.769341	   -0.818226	1.619555e-04	8.892681e-04	
    0.769341	   -0.818226	2.215632e-04	8.334447e-04	
    0.769341	   -0.818226	2.594828e-04	6.960379e-04	
    0.769341	   -0.818226	2.720024e-04	4.904981e-04	
    0.769341	   -0.818226	2.578965e-04	2.369449e-04	
    0.769341	   -0.818226	2.185459e-04	-3.980207e-05	
    0.769341	   -0.818226	1.578025e-04	-3.126530e-04	
    0.769341	   -0.818226	8.161230e-05	-5.548992e-04	
    0.769341	   -0.818226	-2.566696e-06	-7.428281e-04	
    0.769341	   -0.818226	-8.649444e-05	-8.580437e-04	
    0.769341	   -0.818226	-1.619555e-04	-8.892681e-04	


    0.912507	   -0.644394	-1.898778e-04	-8.821758e-04	
    0.912507	   -0.644394	-2.362722e-04	-8.270129e-04	
    0.912507	   -0.644394	-2.595387e-04	-6.908963e-04	
    0.912507	   -0.644394	-2.573997e-04	-4.871499e-04	
    0.912507	   -0.644394	-2.300646e-04	-2.357178e-04	
    0.912507	   -0.644394	-1.802092e-04	3.878789e-05	
    0.912507	   -0.644394	-1.127137e-04	3.094968e-04	
    0.912507	   -0.644394	-3.418497e-05	5.499100e-04	
    0.912507	   -0.644394	4.769004e-05	7.364942e-04	
    0.912507	   -0.644394	1.248968e-04	8.509852e-04	
    0.912507	   -0.644394	1.898778e-04	8.821758e-04	
    0.912507	   -0.644394	2.362722e-04	8.270129e-04	
    0.912507	   -0.644394	2.595387e-04	6.908963e-04	
    0.912507	   -0.644394	2.573997e-04	4.871499e-04	
    0.912507	   -0.644394	2.300646e-04	2.357178e-04	
    0.912507	   -0.644394	1.802092e-04	-3.878789e-05	
    0.912507	   -0.644394	1.127137e-04	-3.094968e-04	
    0.912507	   -0.644394	3.418497e-05	-5.499100e-04	
    0.912507	   -0.644394	-4.769004e-05	-7.364942e-04	
    0.912507	   -0.644394	-1.248968e-04	-8.509852e-04	
    0.912507	   -0.644394	-1.898778e-04	-8.821758e-04	


    0.912507	   -0.644394	-1.898778e-04	-8.821758e-04	
    0.912507	   -0.644394	-2.362722e-04	-8.270129e-04	
    0.912507	   -0.644394	-2.595387e-04	-6.908963e-04	
    0.912507	   -0.644394	-2.573997e-04	-4.871499e-04	
    0.912507	   -0.644394	-2.300646e-04	-2.357178e-04	
    0.912507	   -0.644394	-1.802092e-04	3.878789e-05	
    0.912507	   -0.644394	-1.127137e-04	3.094968e-04	
    0.912507	   -0.644394	-3.418497e-05	5.499100e-04	
    0.912507	   -0.644394	4.769004e-05	7.364942e-04	
    0.912507	   -0.644394	1.248968e-04	8.509852e-04	
    0.912507	   -0.644394	1.898778e-04	8.821758e-04	
    0.912507	   -0.644394	2.362722e-04	8.270129e-04	
    0.912507	   -0.644394	2.595387e-04	6.908963e-04	
    0.912507	   -0.644394	2.573997e-04	4.871499e-04	
    0.912507	   -0.644394	2.300646e-04	2.357178e-04	
    0.912507	   -0.644394	1.802092e-04	-3.878789e-05	
    0.912507	   -0.644394	1.127137e-04	-3.094968e-04	
    0.912507	   -0.644394	3.418497e-05	-5.499100e-04	
    0.912507	   -0.644394	-4.769004e-05	-7.364942e-04	
    0.912507	   -0.644394	-1.248968e-04	-8.509852e-04	
    0.912507	   -0.644394	-1.898778e-04	-8.821758e-04	


    1.015182	   -0.442986	-1.686303e-04	-8.670887e-04	
    1.015182	   -0.442986	-2.092310e-04	-8.151493e-04	
    1.015182	   -0.442986	-2.293507e-04	-6.834174e-04	
    1.015182	   -0.442986	-2.270199e-04	-4.847878e-04	
    1.015182	   -0.442986	-2.024669e-04	-2.387039e-04	
    1.015182	   -0.442986	-1.580950e-04	3.074611e-05	
    1.015182	   -0.442986	-9.824764e-05	2.971864e-04	
    1.015182	   -0.442986	-2.878313e-05	5.345361e-04	
    1.015182	   -0.442986	4.349888e-05	7.195616e-04	
    1.015182	   -0.442986	1.115229e-04	8.341514e-04	
    1.015182	   -0.442986	1.686303e-04	8.670887e-04	
    1.015182	   -0.442986	2.092310e-04	8.151493e-04	
    1.015182	   -0.442986	2.293507e-04	6.834174e-04	
    1.015182	   -0.442986	2.270199e-04	4.847878e-04	
    1.015182	   -0.442986	2.024669e-04	2.387039e-04	
    1.015182	   -0.442986	1.580950e-04	-3.074611e-05	
    1.015182	   -0.442986	9.824764e-05	-2.971864e-04	
    1.015182	   -0.442986	2.878313e-05	-5.345361e-04	
    1.015182	   -0.442986	-4.349888e-05	-7.195616e-04	
    1.015182	   -0.442986	-1.115229e-04	-8.341514e-04	
    1.015182	   -0.442986	-1.686303e-04	-8.670887e-04	


    1.015182	   -0.442986	-1.686303e-04	-8.670887e-04	
    1.015182	   -0.442986	-2.092310e-04	-8.151493e-04	
    1.015182	   -0.442986	-2.293507e-04	-6.834174e-04	
    1.015182	   -0.442986	-2.270199e-04	-4.847878e-04	
    1.015182	   -0.442986	-2.024669e-04	-2.387039e-04	
    1.015182	   -0.442986	-1.580950e-04	3.074611e-05	
    1.015182	   -0.442986	-9.824764e-05	2.971864e-04	
    1.015182	   -0.442986	-2.878313e-05	5.345361e-04	
    1.015182	   -0.442986	4.349888e-05	7.195616e-04	
    1.015182	   -0.442986	1.115229e-04	8.341514e-04	
    1.015182	   -0.442986	1.686303e-04	8.670887e-04	
    1.015182	   -0.442986	2.092310e-04	8.151493e-04	
    1.015182	   -0.442986	2.293507e-04	6.834174e-04	
    1.015182	   -0.442986	2.270199e-04	4.847878e-04	
    1.015182	   -0.442986	2.024669e-04	2.387039e-04	
    1.015182	   -0.442986	1.580950e-04	-3.074611e-05	
    1.015182	   -0.442986	9.824764e-05	-2.971864e-04	
    1.015182	   -0.442986	2.878313e-05	-5.345361e-04	
    1.015182	   -0.442986	-4.349888e-05	-7.195616e-04	
    1.015182	   -0.442986	-1.115229e-04	-8.341514e-04	
    1.015182	   -0.442986	-1.686303e-04	-8.670887e-04	


    1.071861	   -0.222433	-1.140572e-04	-8.307250e-04	
    1.071861	   -0.222433	-1.546430e-04	-7.837276e-04	
    1.071861	   -0.222433	-1.800913e-04	-6.600135e-04	
    1.071861	   -0.222433	-1.879111e-04	-4.716927e-04	
    1.071861	   -0.222433	-1.773368e-04	-2.371993e-04	
    1.071861	   -0.222433	-1.494035e-04	2.051285e-05	
    1.071861	   -0.222433	-1.068456e-04	2.762170e-04	
    1.071861	   -0.222433	-5.382884e-05	5.048831e-04	
    1.071861	   -0.222433	4.457010e-06	6.841278e-04	
    1.071861	   -0.222433	6.230658e-05	7.964052e-04	
    1.071861	   -0.222433	1.140572e-04	8.307250e-04	
    1.071861	   -0.222433	1.546430e-04	7.837276e-04	
    1.071861	   -0.222433	1.800913e-04	6.600135e-04	
    1.071861	   -0.222433	1.879111e-04	4.716927e-04	
    1.071861	   -0.222433	1.773368e-04	2.371993e-04	
    1.071861	   -0.222433	1.494035e-04	-2.051285e-05	
    1.071861	   -0.222433	1.068456e-04	-2.762170e-04	
    1.071861	   -0.222433	5.382884e-05	-5.048831e-04	
    1.071861	   -0.222433	-4.457010e-06	-6.841278e-04	
    1.071861	   -0.222433	-6.230658e-05	-7.964052e-04	
    1.071861	   -0.222433	-1.140572e-04	-8.307250e-04	


    1.071861	   -0.222433	-1.140572e-04	-8.307250e-04	
    1.071861	   -0.222433	-1.546430e-04	-7.837276e-04	
    1.071861	   -0.222433	-1.800913e-04	-6.600135e-04	
    1.071861	   -0.222433	-1.879111e-04	-4.716927e-04	
    1.071861	   -0.222433	-1.773368e-04	-2.371993e-04	
    1.071861	   -0.222433	-1.494035e-04	2.051285e-05	
    1.071861	   -0.222433	-1.068456e-04	2.762170e-04	
    1.071861	   -0.222433	-5.382884e-05	5.048831e-04	
    1.071861	   -0.222433	4.457010e-06	6.841278e-04	
    1.071861	   -0.222433	6.230658e-05	7.964052e-04	
    1.071861	   -0.222433	1.140572e-04	8.307250e-04	
    1.071861	   -0.222433	1.546430e-04	7.837276e-04	
    1.071861	   -0.222433	1.800913e-04	6.600135e-04	
    1.071861	   -0.222433	1.879111e-04	4.716927e-04	
    1.071861	   -0.222433	1.773368e-04	2.371993e-04	
    1.071861	   -0.222433	1.494035e-04	-2.051285e-05	
    1.071861	   -0.222433	1.068456e-04	-2.762170e-04	
    1.071861	   -0.222433	5.382884e-05	-5.048831e-04	
    1.071861	   -0.222433	-4.457010e-06	-6.841278e-04	
    1.071861	   -0.222433	-6.230658e-05	-7.964052e-04	
    1.071861	   -0.222433	-1.140572e-04	-8.307250e-04	


    1.078445	    0.007648	-4.335773e-05	-7.725038e-04	
    1.078445	    0.007648	-8.624944e-05	-7.321683e-04	
    1.078445	    0.007648	-1.206985e-04	-6.201631e-04	
    1.078445	    0.007648	-1.433327e-04	-4.474520e-04	
    1.078445	    0.007648	-1.519365e-04	-2.309412e-04	
    1.078445	    0.007648	-1.456677e-04	8.175778e-06	
    1.078445	    0.007648	-1.251399e-04	2.464924e-04	
    1.078445	    0.007648	-9.236259e-05	4.606807e-04	
    1.078445	    0.007648	-5.054417e-05	6.297743e-04	
    1.078445	    0.007648	-3.778132e-06	7.372212e-04	
    1.078445	    0.007648	4.335773e-05	7.725038e-04	
    1.078445	    0.007648	8.624944e-05	7.321683e-04	
    1.078445	    0.007648	1.206985e-04	6.201631e-04	
    1.078445	    0.007648	1.433327e-04	4.474520e-04	
    1.078445	    0.007648	1.519365e-04	2.309412e-04	
    1.078445	    0.007648	1.456677e-04	-8.175778e-06	
    1.078445	    0.007648	1.251399e-04	-2.464924e-04	
    1.078445	    0.007648	9.236259e-05	-4.606807e-04	
    1.078445	    0.007648	5.054417e-05	-6.297743e-04	
    1.078445	    0.007648	3.778132e-06	-7.372212e-04	
    1.078445	    0.007648	-4.335773e-05	-7.725038e-04	


    1.078445	    0.007648	-4.335773e-05	-7.725038e-04	
    1.078445	    0.007648	-8.624944e-05	-7.321683e-04	
    1.078445	    0.007648	-1.206985e-04	-6.201631e-04	
    1.078445	    0.007648	-1.433327e-04	-4.474520e-04	
    1.078445	    0.007648	-1.519365e-04	-2.309412e-04	
    1.078445	    0.007648	-1.456677e-04	8.175778e-06	
    1.078445	    0.007648	-1.251399e-04	2.464924e-04	
    1.078445	    0.007648	-9.236259e-05	4.606807e-04	
    1.078445	    0.007648	-5.054417e-05	6.297743e-04	
    1.078445	    0.007648	-3.778132e-06	7.372212e-04	
    1.078445	    0.007648	4.335773e-05	7.725038e-04	
    1.078445	    0.007648	8.624944e-05	7.321683e-04	
    1.078445	    0.007648	1.206985e-04	6.201631e-04	
    1.078445	    0.007648	1.433327e-04	4.474520e-04	
    1.078445	    0.007648	1.519365e-04	2.309412e-04	
    1.078445	    0.007648	1.456677e-04	-8.175778e-06	
    1.078445	    0.007648	1.251399e-04	-2.464924e-04	
    1.078445	    0.007648	9.236259e-05	-4.606807e-04	
    1.078445	    0.007648	5.054417e-05	-6.297743e-04	
    1.078445	    0.007648	3.778132e-06	-7.372212e-04	
    1.078445	    0.007648	-4.335773e-05	-7.725038e-04	


    1.032517	    0.236477	2.257000e-05	-6.892202e-04	
    1.032517	    0.236477	-2.396133e-05	-6.569749e-04	
    1.032517	    0.236477	-6.814715e-05	-5.604204e-04	
    1.032517	    0.236477	-1.056623e-04	-4.090080e-04	
    1.032517	    0.236477	-1.328344e-04	-2.175591e-04	
    1.032517	    0.236477	-1.470038e-04	-4.813956e-06	
    1.032517	    0.236477	-1.467834e-04	2.084024e-04	
    1.032517	    0.236477	-1.321949e-04	4.012189e-04	
    1.032517	    0.236477	-1.046662e-04	5.547613e-04	
    1.032517	    0.236477	-6.689202e-05	6.539997e-04	
    1.032517	    0.236477	-2.257000e-05	6.892202e-04	
    1.032517	    0.236477	2.396133e-05	6.569749e-04	
    1.032517	    0.236477	6.814715e-05	5.604204e-04	
    1.032517	    0.236477	1.056623e-04	4.090080e-04	
    1.032517	    0.236477	1.328344e-04	2.175591e-04	
    1.032517	    0.236477	1.470038e-04	4.813956e-06	
    1.032517	    0.236477	1.467834e-04	-2.084024e-04	
    1.032517	    0.236477	1.321949e-04	-4.012189e-04	
    1.032517	    0.236477	1.046662e-04	-5.547613e-04	
    1.032517	    0.236477	6.689202e-05	-6.539997e-04	
    1.032517	    0.236477	2.257000e-05	-6.892202e-04	


    1.032517	    0.236477	2.257000e-05	-6.892202e-04	
    1.032517	    0.236477	-2.396133e-05	-6.569749e-04	
    1.032517	    0.236477	-6.814715e-05	-5.604204e-04	
    1.032517	    0.236477	-1.056623e-04	-4.090080e-04	
    1.032517	    0.236477	-1.328344e-04	-2.175591e-04	
    1.032517	    0.236477	-1.470038e-04	-4.813956e-06	
    1.032517	    0.236477	-1.467834e-04	2.084024e-04	
    1.032517	    0.236477	-1.321949e-04	4.012189e-04	
    1.032517	    0.236477	-1.046662e-04	5.547613e-04	
    1.032517	    0.236477	-6.689202e-05	6.539997e-04	
    1.032517	    0.236477	-2.257000e-05	6.892202e-04	
    1.032517	    0.236477	2.396133e-05	6.569749e-04	
    1.032517	    0.236477	6.814715e-05	5.604204e-04	
    1.032517	    0.236477	1.056623e-04	4.090080e-04	
    1.032517	    0.236477	1.328344e-04	2.175591e-04	
    1.032517	    0.236477	1.470038e-04	4.813956e-06	
    1.032517	    0.236477	1.467834e-04	-2.084024e-04	
    1.032517	    0.236477	1.321949e-04	-4.012189e-04	
    1.032517	    0.236477	1.046662e-04	-5.547613e-04	
    1.032517	    0.236477	6.689202e-05	-6.539997e-04	
    1.032517	    0.236477	2.257000e-05	-6.892202e-04	


    0.933734	    0.452275	8.167151e-05	-5.812456e-04	
    0.933734	    0.452275	3.041379e-05	-5.594380e-04	
    0.933734	    0.452275	-2.382104e-05	-4.828687e-04	
    0.933734	    0.452275	-7.572410e-05	-3.590329e-04	
    0.933734	    0.452275	-1.202148e-04	-2.000525e-04	
    0.933734	    0.452275	-1.529380e-04	-2.148949e-05	
    0.933734	    0.452275	-1.706905e-04	1.591770e-04	
    0.933734	    0.452275	-1.717347e-04	3.242622e-04	
    0.933734	    0.452275	-1.559683e-04	4.576063e-04	
    0.933734	    0.452275	-1.249346e-04	5.461568e-04	
    0.933734	    0.452275	-8.167151e-05	5.812456e-04	
    0.933734	    0.452275	-3.041379e-05	5.594380e-04	
    0.933734	    0.452275	2.382104e-05	4.828687e-04	
    0.933734	    0.452275	7.572410e-05	3.590329e-04	
    0.933734	    0.452275	1.202148e-04	2.000525e-04	
    0.933734	    0.452275	1.529380e-04	2.148949e-05	
    0.933734	    0.452275	1.706905e-04	-1.591770e-04	
    0.933734	    0.452275	1.717347e-04	-3.242622e-04	
    0.933734	    0.452275	1.559683e-04	-4.576063e-04	
    0.933734	    0.452275	1.249346e-04	-5.461568e-04	
    0.933734	    0.452275	8.167151e-05	-5.812456e-04	


    0.933734	    0.452275	8.167151e-05	-5.812456e-04	
    0.933734	    0.452275	3.041379e-05	-5.594380e-04	
    0.933734	    0.452275	-2.382104e-05	-4.828687e-04	
    0.933734	    0.452275	-7.572410e-05	-3.590329e-04	
    0.933734	    0.452275	-1.202148e-04	-2.000525e-04	
    0.933734	    0.452275	-1.529380e-04	-2.148949e-05	
    0.933734	    0.452275	-1.706905e-04	1.591770e-04	
    0.933734	    0.452275	-1.717347e-04	3.242622e-04	
    0.933734	    0.452275	-1.559683e-04	4.576063e-04	
    0.933734	    0.452275	-1.249346e-04	5.461568e-04	
    0.933734	    0.452275	-8.167151e-05	5.812456e-04	
    0.933734	    0.452275	-3.041379e-05	5.594380e-04	
    0.933734	    0.452275	2.382104e-05	4.828687e-04	
    0.933734	    0.452275	7.572410e-05	3.590329e-04	
    0.933734	    0.452275	1.202148e-04	2.000525e-04	
    0.933734	    0.452275	1.529380e-04	2.148949e-05	
    0.933734	    0.452275	1.706905e-04	-1.591770e-04	
    0.933734	    0.452275	1.717347e-04	-3.242622e-04	
    0.933734	    0.452275	1.559683e-04	-4.576063e-04	
    0.933734	    0.452275	1.249346e-04	-5.461568e-04	
    0.933734	    0.452275	8.167151e-05	-5.812456e-04	


    0.784066	    0.642954	1.187724e-04	-4.705317e-04	
    0.784066	    0.642954	6.406859e-05	-4.598433e-04	
    0.784066	    0.642954	3.093299e-06	-4.041423e-04	
    0.784066	    0.642954	-5.818479e-05	-3.088809e-04	
    0.784066	    0.642954	-1.137673e-04	-1.833842e-04	
    0.784066	    0.642954	-1.582136e-04	-3.993653e-05	
    0.784066	    0.642954	-1.871727e-04	1.074204e-04	
    0.784066	    0.642954	-1.978101e-04	2.442623e-04	
    0.784066	    0.642954	-1.890845e-04	3.571941e-04	
    0.784066	    0.642954	-1.618499e-04	4.351612e-04	
    0.784066	    0.642954	-1.187724e-04	4.705317e-04	
    0.784066	    0.642954	-6.406859e-05	4.598433e-04	
    0.784066	    0.642954	-3.093299e-06	4.041423e-04	
    0.784066	    0.642954	5.818479e-05	3.088809e-04	
    0.784066	    0.642954	1.137673e-04	1.833842e-04	
    0.784066	    0.642954	1.582136e-04	3.993653e-05	
    0.784066	    0.642954	1.871727e-04	-1.074204e-04	
    0.784066	    0.642954	1.978101e-04	-2.442623e-04	
    0.784066	    0.642954	1.890845e-04	-3.571941e-04	
    0.784066	    0.642954	1.618499e-04	-4.351612e-04	
    0.784066	    0.642954	1.187724e-04	-4.705317e-04	


    0.784066	    0.642954	1.187724e-04	-4.705317e-04	
    0.784066	    0.642954	6.406859e-05	-4.598433e-04	
    0.784066	    0.642954	3.093299e-06	-4.041423e-04	
    0.784066	    0.642954	-5.818479e-05	-3.088809e-04	
    0.784066	    0.642954	-1.137673e-04	-1.833842e-04	
    0.784066	    0.642954	-1.582136e-04	-3.993653e-05	
    0.784066	    0.642954	-1.871727e-04	1.074204e-04	
    0.784066	    0.642954	-1.978101e-04	2.442623e-04	
    0.784066	    0.642954	-1.890845e-04	3.571941e-04	
    0.784066	    0.642954	-1.618499e-04	4.351612e-04	
    0.784066	    0.642954	-1.187724e-04	4.705317e-04	
    0.784066	    0.642954	-6.406859e-05	4.598433e-04	
    0.784066	    0.642954	-3.093299e-06	4.041423e-04	
    0.784066	    0.642954	5.818479e-05	3.088809e-04	
    0.784066	    0.642954	1.137673e-04	1.833842e-04	
    0.784066	    0.642954	1.582136e-04	3.993653e-05	
    0.784066	    0.642954	1.871727e-04	-1.074204e-04	
    0.784066	    0.642954	1.978101e-04	-2.442623e-04	
    0.784066	    0.642954	1.890845e-04	-3.571941e-04	
    0.784066	    0.642954	1.618499e-04	-4.351612e-04	
    0.784066	    0.642954	1.187724e-04	-4.705317e-04	


    0.588575	    0.795833	1.340844e-04	-3.622687e-04	
    0.588575	    0.795833	7.669069e-05	-3.633518e-04	
    0.588575	    0.795833	1.178995e-05	-3.288676e-04	
    0.588575	    0.795833	-5.426487e-05	-2.621915e-04	
    0.588575	    0.795833	-1.150079e-04	-1.698502e-04	
    0.588575	    0.795833	-1.644931e-04	-6.088289e-05	
    0.588575	    0.795833	-1.978766e-04	5.404411e-05	
    0.588575	    0.795833	-2.118906e-04	1.636809e-04	
    0.588575	    0.795833	-2.051632e-04	2.572954e-04	
    0.588575	    0.795833	-1.783530e-04	3.257241e-04	
    0.588575	    0.795833	-1.340844e-04	3.622687e-04	
    0.588575	    0.795833	-7.669069e-05	3.633518e-04	
    0.588575	    0.795833	-1.178995e-05	3.288676e-04	
    0.588575	    0.795833	5.426487e-05	2.621915e-04	
    0.588575	    0.795833	1.150079e-04	1.698502e-04	
    0.588575	    0.795833	1.644931e-04	6.088289e-05	
    0.588575	    0.795833	1.978766e-04	-5.404411e-05	
    0.588575	    0.795833	2.118906e-04	-1.636809e-04	
    0.588575	    0.795833	2.051632e-04	-2.572954e-04	
    0.588575	    0.795833	1.783530e-04	-3.257241e-04	
    0.588575	    0.795833	1.340844e-04	-3.622687e-04	


    0.588575	    0.795833	1.340844e-04	-3.622687e-04	
    0.588575	    0.795833	7.669069e-05	-3.633518e-04	
    0.588575	    0.795833	1.178995e-05	-3.288676e-04	
    0.588575	    0.795833	-5.426487e-05	-2.621915e-04	
    0.588575	    0.795833	-1.150079e-04	-1.698502e-04	
    0.588575	    0.795833	-1.644931e-04	-6.088289e-05	
    0.588575	    0.795833	-1.978766e-04	5.404411e-05	
    0.588575	    0.795833	-2.118906e-04	1.636809e-04	
    0.588575	    0.795833	-2.051632e-04	2.572954e-04	
    0.588575	    0.795833	-1.783530e-04	3.257241e-04	
    0.588575	    0.795833	-1.340844e-04	3.622687e-04	
    0.588575	    0.795833	-7.669069e-05	3.633518e-04	
    0.588575	    0.795833	-1.178995e-05	3.288676e-04	
    0.588575	    0.795833	5.426487e-05	2.621915e-04	
    0.588575	    0.795833	1.150079e-04	1.698502e-04	
    0.588575	    0.795833	1.644931e-04	6.088289e-05	
    0.588575	    0.795833	1.978766e-04	-5.404411e-05	
    0.588575	    0.795833	2.118906e-04	-1.636809e-04	
    0.588575	    0.795833	2.051632e-04	-2.572954e-04	
    0.588575	    0.795833	1.783530e-04	-3.257241e-04	
    0.588575	    0.795833	1.340844e-04	-3.622687e-04	


    0.356203	    0.898509	1.260672e-04	-2.665405e-04	
    0.356203	    0.898509	6.577489e-05	-2.790936e-04	
    0.356203	    0.898509	-9.559612e-07	-2.643270e-04	
    0.356203	    0.898509	-6.759324e-05	-2.236863e-04	
    0.356203	    0.898509	-1.276140e-04	-1.611496e-04	
    0.356203	    0.898509	-1.751431e-04	-8.283844e-05	
    0.356203	    0.898509	-2.055279e-04	3.581522e-06	
    0.356203	    0.898509	-2.157942e-04	8.965090e-05	
    0.356203	    0.898509	-2.049370e-04	1.669446e-04	
    0.356203	    0.898509	-1.740193e-04	2.278966e-04	
    0.356203	    0.898509	-1.260672e-04	2.665405e-04	
    0.356203	    0.898509	-6.577489e-05	2.790936e-04	
    0.356203	    0.898509	9.559612e-07	2.643270e-04	
    0.356203	    0.898509	6.759324e-05	2.236863e-04	
    0.356203	    0.898509	1.276140e-04	1.611496e-04	
    0.356203	    0.898509	1.751431e-04	8.283844e-05	
    0.356203	    0.898509	2.055279e-04	-3.581522e-06	
    0.356203	    0.898509	2.157942e-04	-8.965090e-05	
    0.356203	    0.898509	2.049370e-04	-1.669446e-04	
    0.356203	    0.898509	1.740193e-04	-2.278966e-04	
    0.356203	    0.898509	1.260672e-04	-2.665405e-04	


    0.356203	    0.898509	1.260672e-04	-2.665405e-04	
    0.356203	    0.898509	6.577489e-05	-2.790936e-04	
    0.356203	    0.898509	-9.559612e-07	-2.643270e-04	
    0.356203	    0.898509	-6.759324e-05	-2.236863e-04	
    0.356203	    0.898509	-1.276140e-04	-1.611496e-04	
    0.356203	    0.898509	-1.751431e-04	-8.283844e-05	
    0.356203	    0.898509	-2.055279e-04	3.581522e-06	
    0.356203	    0.898509	-2.157942e-04	8.965090e-05	
    0.356203	    0.898509	-2.049370e-04	1.669446e-04	
    0.356203	    0.898509	-1.740193e-04	2.278966e-04	
    0.356203	    0.898509	-1.260672e-04	2.665405e-04	
    0.356203	    0.898509	-6.577489e-05	2.790936e-04	
    0.356203	    0.898509	9.559612e-07	2.643270e-04	
    0.356203	    0.898509	6.759324e-05	2.236863e-04	
    0.356203	    0.898509	1.276140e-04	1.611496e-04	
    0.356203	    0.898509	1.751431e-04	8.283844e-05	
    0.356203	    0.898509	2.055279e-04	-3.581522e-06	
    0.356203	    0.898509	2.157942e-04	-8.965090e-05	
    0.356203	    0.898509	2.049370e-04	-1.669446e-04	
    0.356203	    0.898509	1.740193e-04	-2.278966e-04	
    0.356203	    0.898509	1.260672e-04	-2.665405e-04	


    0.099977	    0.940423	4.882208e-05	-2.167747e-04	
    0.099977	    0.940423	-1.813274e-05	-2.207064e-04	
    0.099977	    0.940423	-8.331261e-05	-2.030338e-04	
    0.099977	    0.940423	-1.403373e-04	-1.654869e-04	
    0.099977	    0.940423	-1.836247e-04	-1.117410e-04	
    0.099977	    0.940423	-2.089377e-04	-4.705703e-05	
    0.099977	    0.940423	-2.137984e-04	2.223317e-05	
    0.099977	    0.940423	-1.977311e-04	8.934704e-05	
    0.099977	    0.940423	-1.623084e-04	1.477150e-04	
    0.099977	    0.940423	-1.109979e-04	1.916236e-04	
    0.099977	    0.940423	-4.882208e-05	2.167747e-04	
    0.099977	    0.940423	1.813274e-05	2.207064e-04	
    0.099977	    0.940423	8.331261e-05	2.030338e-04	
    0.099977	    0.940423	1.403373e-04	1.654869e-04	
    0.099977	    0.940423	1.836247e-04	1.117410e-04	
    0.099977	    0.940423	2.089377e-04	4.705703e-05	
    0.099977	    0.940423	2.137984e-04	-2.223317e-05	
    0.099977	    0.940423	1.977311e-04	-8.934704e-05	
    0.099977	    0.940423	1.623084e-04	-1.477150e-04	
    0.099977	    0.940423	1.109979e-04	-1.916236e-04	
    0.099977	    0.940423	4.882208e-05	-2.167747e-04	


    0.099977	    0.940423	4.882208e-05	-2.167747e-04	
    0.099977	    0.940423	-1.813274e-05	-2.207064e-04	
    0.099977	    0.940423	-8.331261e-05	-2.030338e-04	
    0.099977	    0.940423	-1.403373e-04	-1.654869e-04	
    0.099977	    0.940423	-1.836247e-04	-1.117410e-04	
    0.099977	    0.940423	-2.089377e-04	-4.705703e-05	
    0.099977	    0.940423	-2.137984e-04	2.223317e-05	
    0.099977	    0.940423	-1.977311e-04	8.934704e-05	
    0.099977	    0.940423	-1.623084e-04	1.477150e-04	
    0.099977	    0.940423	-1.109979e-04	1.916236e-04	
    0.099977	    0.940423	-4.882208e-05	2.167747e-04	
    0.099977	    0.940423	1.813274e-05	2.207064e-04	
    0.099977	    0.940423	8.331261e-05	2.030338e-04	
    0.099977	    0.940423	1.403373e-04	1.654869e-04	
    0.099977	    0.940423	1.836247e-04	1.117410e-04	
    0.099977	    0.940423	2.089377e-04	4.705703e-05	
    0.099977	    0.940423	2.137984e-04	-2.223317e-05	
    0.099977	    0.940423	1.977311e-04	-8.934704e-05	
    0.099977	    0.940423	1.623084e-04	-1.477150e-04	
    0.099977	    0.940423	1.109979e-04	-1.916236e-04	
    0.099977	    0.940423	4.882208e-05	-2.167747e-04	


