0	  1.00000e-05 1.00000e-05 1.00000e-05 1.00000e-06 1.00000e-06 1.00000e-06
 0	  1.00000e-05 1.00000e-05 1.00000e-05 5.53008e-07 1.44254e-06 7.98314e-07

 1	  8.83384e-06 9.52840e-06 8.32291e-06 2.17920e-06 6.89751e-07 2.50491e-06
 1	  8.83384e-06 9.52840e-06 8.32291e-06 4.81924e-06 3.07837e-07 3.84209e-06

 2	  6.49529e-06 1.02229e-05 5.37351e-06 6.60507e-06 1.59851e-06 6.92645e-06
 2	  6.49529e-06 1.02229e-05 5.37351e-06 6.35158e-06 9.18663e-07 2.90356e-06

 3	  4.85777e-06 1.22551e-05 3.34317e-06 5.29545e-06 3.32240e-06 5.06126e-06
 3	  4.85777e-06 1.22551e-05 3.34317e-06 4.98237e-06 1.98293e-06 2.32078e-06

 4	  3.58194e-06 1.52292e-05 1.95935e-06 3.47508e-06 3.44096e-06 3.79986e-06
 4	  3.58194e-06 1.52292e-05 1.95935e-06 2.62696e-06 2.25535e-06 1.80142e-06

 5	  2.44680e-06 1.80579e-05 1.07441e-06 2.76509e-06 1.62111e-06 2.73992e-06
 5	  2.44680e-06 1.80579e-05 1.07441e-06 2.78210e-06 1.25749e-06 2.15307e-06

 6	  1.23311e-06 1.96578e-05 4.44594e-07 4.43885e-06 2.90891e-07 2.80363e-06
 6	  1.23311e-06 1.96578e-05 4.44594e-07 4.05940e-06 1.78503e-07 2.30494e-06

 7	  4.74309e-07 1.91476e-05 1.16156e-07 4.76115e-06 7.42470e-07 2.63248e-06
 7	  4.74309e-07 1.91476e-05 1.16156e-07 4.46617e-06 5.01982e-07 1.91427e-06

 8	  3.47265e-07 1.68554e-05 7.23306e-08 3.41752e-06 2.59620e-06 1.95648e-06
 8	  3.47265e-07 1.68554e-05 7.23306e-08 3.46324e-06 2.37293e-06 1.69916e-06

 9	  6.37912e-07 1.32685e-05 2.36272e-07 1.59591e-06 4.93998e-06 1.55115e-06
 9	  6.37912e-07 1.32685e-05 2.36272e-07 2.12557e-06 3.90544e-06 8.83859e-07

10	  1.03173e-06 9.65448e-06 4.64885e-07 4.99646e-07 5.40855e-06 6.86716e-07
10	  1.03173e-06 9.65448e-06 4.64885e-07 6.29558e-07 4.78818e-06 4.03529e-07

11	  1.22507e-06 6.54344e-06 6.53831e-07 3.61440e-08 4.91285e-06 2.47946e-07
11	  1.22507e-06 6.54344e-06 6.53831e-07 2.00431e-08 4.67015e-06 1.64396e-07

12	  1.10052e-06 4.19747e-06 7.74173e-07 3.41281e-07 3.74752e-06 6.95890e-08
12	  1.10052e-06 4.19747e-06 7.74173e-07 1.72044e-07 3.73775e-06 1.35731e-08

13	  8.19417e-07 2.61843e-06 7.67164e-07 7.26773e-07 2.41156e-06 1.88203e-08
13	  8.19417e-07 2.61843e-06 7.67164e-07 5.89643e-07 2.33359e-06 3.41672e-08

14	  4.97718e-07 1.68735e-06 6.76638e-07 1.01708e-06 1.18778e-06 1.00345e-07
14	  4.97718e-07 1.68735e-06 6.76638e-07 8.73636e-07 1.19981e-06 8.93238e-08

15	  2.54258e-07 1.18421e-06 5.45178e-07 9.85982e-07 4.64832e-07 1.82951e-07
15	  2.54258e-07 1.18421e-06 5.45178e-07 8.35759e-07 5.00370e-07 1.18918e-07

16	  1.25653e-07 9.33686e-07 4.12812e-07 6.94933e-07 1.42747e-07 2.11757e-07
16	  1.25653e-07 9.33686e-07 4.12812e-07 5.60679e-07 1.54855e-07 1.38621e-07

17	  8.29141e-08 8.24375e-07 2.94240e-07 3.43039e-07 3.37320e-08 2.21067e-07
17	  8.29141e-08 8.24375e-07 2.94240e-07 3.02335e-07 2.88234e-08 1.56110e-07

18	  7.39919e-08 7.92382e-07 1.92935e-07 1.35603e-07 1.21972e-08 2.26837e-07
18	  7.39919e-08 7.92382e-07 1.92935e-07 1.05975e-07 8.57069e-09 1.77640e-07

19	  6.85290e-08 7.79739e-07 1.11426e-07 4.04790e-08 1.53409e-08 2.35264e-07
19	  6.85290e-08 7.79739e-07 1.11426e-07 3.62258e-08 9.89726e-09 1.83042e-07

20	  5.34302e-08 7.52788e-07 5.39925e-08 4.33973e-08 2.91853e-08 2.24632e-07
20	  5.34302e-08 7.52788e-07 5.39925e-08 4.24552e-08 1.91536e-08 1.84168e-07

21	  3.53304e-08 6.90525e-07 2.05188e-08 7.00310e-08 6.56705e-08 2.09227e-07
21	  3.53304e-08 6.90525e-07 2.05188e-08 7.47157e-08 3.99953e-08 1.51181e-07

22	  2.30990e-08 5.96829e-07 9.92802e-09 7.91182e-08 1.14586e-07 1.59458e-07
22	  2.30990e-08 5.96829e-07 9.92802e-09 7.56484e-08 8.43213e-08 1.22315e-07

23	  2.21195e-08 4.75048e-07 1.56010e-08 5.11858e-08 1.76462e-07 1.17639e-07
23	  2.21195e-08 4.75048e-07 1.56010e-08 7.02039e-08 1.60295e-07 8.53469e-08

24	  3.00603e-08 3.38308e-07 3.02458e-08 3.26521e-08 2.42021e-07 7.25919e-08
24	  3.00603e-08 3.38308e-07 3.02458e-08 3.41663e-08 1.85243e-07 4.37287e-08

25	  3.91384e-08 2.22995e-07 4.43543e-08 1.25797e-08 2.17993e-07 3.06290e-08
25	  3.91384e-08 2.22995e-07 4.43543e-08 1.19203e-08 1.94394e-07 1.96028e-08

26	  4.50366e-08 1.34945e-07 5.34243e-08 1.79503e-08 1.75037e-07 1.05865e-08
26	  4.50366e-08 1.34945e-07 5.34243e-08 1.35224e-08 1.64294e-07 8.86348e-09

27	  4.65680e-08 7.79061e-08 5.55496e-08 3.97682e-08 1.13464e-07 6.66493e-09
27	  4.65680e-08 7.79061e-08 5.55496e-08 2.73889e-08 1.01509e-07 1.01227e-08

28	  4.60386e-08 4.92056e-08 5.04997e-08 4.56950e-08 5.42198e-08 1.60484e-08
28	  4.60386e-08 4.92056e-08 5.04997e-08 4.29822e-08 5.12704e-08 1.59601e-08

  4.58488e-08 4.93655e-08 5.05296e-08
  8.13523e-08 1.27744e-08 1.60860e-08

 0	      0.0000083365	      0.0012563886	      0.0034999930	
1	      0.0000096645	      0.0010947961	      0.0030522358	
2	      0.0000078521	      0.0009607746	      0.0026779613	
3	      0.0000063158	      0.0007365219	      0.0020531995	
4	      0.0000058578	      0.0006460690	      0.0018013619	
5	      0.0000071534	      0.0002160664	      0.0006076280	
6	      0.0000121601	      0.0001652768	      0.0004714844	
7	      0.0000279653	      0.0002558350	      0.0007389617	
8	      0.0000672597	      0.0000993104	      0.0003432553	
9	      0.0001240901	      0.0003306384	      0.0010429745	
10	      0.0001519610	      0.0002035872	      0.0007177545	
11	      0.0001067848	      0.0001019721	      0.0003901775	
12	      0.0000487964	      0.0001815258	      0.0005532786	
13	      0.0000370143	      0.0001001029	      0.0003152123	
14	      0.0000515865	      0.0000837035	      0.0002842085	
15	      0.0001120406	      0.0001013979	      0.0003938377	
16	      0.0002334851	      0.0001075586	      0.0005324034	
17	      0.0005740822	      0.0000793926	      0.0007947239	
18	      0.0013207819	      0.0000667341	      0.0015062441	
19	      0.0033239587	      0.0000617826	      0.0034956601	
20	      0.0033609613	      0.0000488049	      0.0034965960	
21	      0.0032939106	      0.0000730322	      0.0034968759	
22	      0.0033409147	      0.0000560516	      0.0034966889	
23	      0.0033290184	      0.0000596209	      0.0034947121	
24	      0.0011822830	      0.0000715904	      0.0013812413	
25	      0.0000150252	      0.0000460526	      0.0001430111	
26	      0.0000365990	      0.0000236060	      0.0001022029	
27	      0.0000765394	      0.0000379038	      0.0001818786	
28	      0.0001846024	      0.0000092296	      0.0002102526	

FLeg = 0.0412760152
