0	  4.60386e-08 4.92056e-08 5.04997e-08 4.29822e-08 5.12704e-08 1.59601e-08
 0	  4.60386e-08 4.92056e-08 5.04997e-08 4.29822e-08 5.12704e-08 1.59601e-08

 1	  4.43954e-08 4.13712e-08 4.03354e-08 4.27752e-08 3.11683e-08 2.85140e-08
 1	  4.43954e-08 4.13712e-08 4.03354e-08 3.69469e-08 2.88521e-08 2.42408e-08

 2	  4.08727e-08 4.69011e-08 2.82792e-08 2.65127e-08 2.93623e-08 3.97404e-08
 2	  4.08727e-08 4.69011e-08 2.82792e-08 2.47663e-08 2.79043e-08 3.94780e-08

 3	  3.35768e-08 6.07718e-08 1.67660e-08 2.24892e-08 3.35376e-08 5.46201e-08
 3	  3.35768e-08 6.07718e-08 1.67660e-08 2.13447e-08 3.35257e-08 5.36334e-08

 4	  2.45640e-08 7.69296e-08 9.14606e-09 3.24699e-08 3.51200e-08 6.37198e-08
 4	  2.45640e-08 7.69296e-08 9.14606e-09 2.98952e-08 3.38912e-08 6.28306e-08

 5	  1.92311e-08 8.90623e-08 7.64473e-09 4.84202e-08 3.31610e-08 6.48628e-08
 5	  1.92311e-08 8.90623e-08 7.64473e-09 4.37525e-08 4.76761e-08 7.11570e-08

 6	  2.20953e-08 9.65541e-08 1.28594e-08 5.94003e-08 4.26890e-08 6.48202e-08
 6	  2.20953e-08 9.65541e-08 1.28594e-08 5.63656e-08 4.16904e-08 5.92021e-08

 7	  3.65557e-08 9.72657e-08 2.30505e-08 6.54264e-08 3.21188e-08 4.74195e-08
 7	  3.65557e-08 9.72657e-08 2.30505e-08 6.44809e-08 3.19288e-08 4.67016e-08

 8	  6.22415e-08 8.89144e-08 3.56818e-08 6.37550e-08 2.62457e-08 3.29654e-08
 8	  6.22415e-08 8.89144e-08 3.56818e-08 5.77164e-08 2.46118e-08 2.84889e-08

 9	  9.23646e-08 7.43206e-08 4.65770e-08 4.79440e-08 2.58240e-08 1.74101e-08
 9	  9.23646e-08 7.43206e-08 4.65770e-08 4.77862e-08 2.53395e-08 1.74804e-08

10	  1.20850e-07 5.81152e-08 5.40619e-08 3.53537e-08 3.06552e-08 1.03582e-08
10	  1.20850e-07 5.81152e-08 5.40619e-08 3.95414e-08 3.59299e-08 1.02103e-08

  1.55750e-07 2.32193e-08 5.40578e-08
  5.00006e-08 2.66131e-08 9.06801e-09

 0	      0.0000000000	      0.0000000000	      0.0000000000	
1	      0.0009867985	      0.0000185586	      0.0010383750	
2	      0.0000045176	      0.0000073075	      0.0000248260	
3	      0.0000034960	      0.0000105765	      0.0000328893	
4	      0.0000034133	      0.0000110581	      0.0000341450	
5	      0.0010924926	      0.0000517804	      0.0012363967	
6	      0.0000075268	      0.0000236884	      0.0000733597	
7	      0.0000076584	      0.0000041667	      0.0000192383	
8	      0.0000075668	      0.0000152148	      0.0000498507	
9	      0.0000081778	      0.0000028025	      0.0000159664	
10	      0.0000096451	      0.0000330183	      0.0001014069	

FLeg = 0.0026264540

F = 0.0439024692
