
    0.000000    0.099977    0.940423    0.008675   -1.060260    0.035607    0.020641
    0.000000    0.099977    0.940423    0.008675   -1.060260    0.035607    0.020641
    0.027388    0.070898    0.940981    0.009237   -1.063035    0.005048    0.020350
    0.054776    0.041756    0.940698    0.009790   -1.064876   -0.025714    0.020039
    0.082164    0.012577    0.939570    0.010334   -1.065770   -0.056649    0.019708
    0.109552   -0.016614    0.937594    0.010869   -1.065702   -0.087724    0.019357
    0.136940   -0.045789    0.934764    0.011394   -1.064663   -0.118906    0.018986
    0.164328   -0.074923    0.931080    0.011909   -1.062640   -0.150162    0.018595
    0.191716   -0.103987    0.926539    0.012413   -1.059626   -0.181456    0.018186
    0.219104   -0.132956    0.921140    0.012905   -1.055612   -0.212753    0.017757
    0.246492   -0.161800    0.914885    0.013385   -1.050592   -0.244016    0.017309
    0.246492   -0.161800    0.914885    0.013385   -1.050583   -0.244020    0.017307
    0.273881   -0.190494    0.907775    0.013853   -1.044554   -0.275213    0.016841
    0.301269   -0.219008    0.899811    0.014307   -1.037511   -0.306297    0.016356
    0.328657   -0.247315    0.890998    0.014749   -1.029455   -0.337236    0.015854
    0.356045   -0.275388    0.881340    0.015176   -1.020384   -0.367990    0.015335
    0.383433   -0.303199    0.870843    0.015588   -1.010302   -0.398520    0.014799
    0.410821   -0.330719    0.859513    0.015986   -0.999213   -0.428788    0.014247
    0.438209   -0.357922    0.847359    0.016369   -0.987123   -0.458756    0.013679
    0.465597   -0.384781    0.834388    0.016735   -0.974038   -0.488383    0.013096
    0.492985   -0.411267    0.820610    0.017086   -0.959969   -0.517631    0.012498
    0.492985   -0.411267    0.820610    0.017086   -0.959967   -0.517635    0.012497
    0.520373   -0.437355    0.806038    0.017420   -0.944926   -0.546466    0.011885
    0.547761   -0.463018    0.790681    0.017737   -0.928925   -0.574841    0.011261
    0.575149   -0.488230    0.774554    0.018036   -0.911980   -0.602722    0.010623
    0.602537   -0.512964    0.757671    0.018319   -0.894109   -0.630073    0.009974
    0.629925   -0.537197    0.740047    0.018583   -0.875328   -0.656856    0.009315
    0.657313   -0.560903    0.721697    0.018829   -0.855661   -0.683037    0.008644
    0.684701   -0.584059    0.702638    0.019056   -0.835128   -0.708580    0.007965
    0.712089   -0.606641    0.682890    0.019265   -0.813754   -0.733451    0.007277
    0.739477   -0.628626    0.662469    0.019455   -0.791565   -0.757618    0.006582
    0.739477   -0.628626    0.662469    0.019455   -0.791565   -0.757621    0.006581
    0.766866   -0.649992    0.641397    0.019625   -0.768587   -0.781053    0.005879
    0.794254   -0.670719    0.619693    0.019777   -0.744850   -0.803718    0.005171
    0.821642   -0.690786    0.597380    0.019909   -0.720384   -0.825589    0.004457
    0.849030   -0.710173    0.574478    0.020021   -0.695220   -0.846638    0.003740
    0.876418   -0.728861    0.551012    0.020113   -0.669391   -0.866839    0.003020
    0.903806   -0.746834    0.527004    0.020186   -0.642931   -0.886169    0.002297
    0.931194   -0.764073    0.502479    0.020239   -0.615875   -0.904604    0.001573
    0.958582   -0.780564    0.477462    0.020272   -0.588258   -0.922125    0.000849
    0.985970   -0.796291    0.451977    0.020286   -0.560118   -0.938712    0.000125
    0.985970   -0.796291    0.451977    0.020286   -0.559438   -0.938327    0.001291
    1.013358   -0.811222    0.426062    0.020311   -0.530811   -0.953963    0.000568
    1.040746   -0.825362    0.399732    0.020317   -0.501735   -0.968635   -0.000154
    1.068134   -0.838701    0.373013    0.020303   -0.472248   -0.982328   -0.000874
    1.095522   -0.851227    0.345933    0.020269   -0.442390   -0.995031   -0.001591
    1.122910   -0.862930    0.318518    0.020216   -0.412198   -1.006734   -0.002304
    1.150298   -0.873803    0.290797    0.020143   -0.381713   -1.017430   -0.003012
    1.177686   -0.883837    0.262797    0.020051   -0.350973   -1.027112   -0.003715
    1.205074   -0.893026    0.234545    0.019939   -0.320017   -1.035777   -0.004412
    1.232462   -0.901364    0.206070    0.019809   -0.288884   -1.043422   -0.005102
    1.232462   -0.901364    0.206070    0.019809   -0.288885   -1.043425   -0.005097
    1.259851   -0.908848    0.177400    0.019660   -0.257614   -1.050050   -0.005779
    1.287239   -0.915475    0.148562    0.019493   -0.226243   -1.055656   -0.006452
    1.314627   -0.921241    0.119584    0.019307   -0.194810   -1.060245   -0.007116
    1.342015   -0.926145    0.090495    0.019103   -0.163351   -1.063823   -0.007770
    1.369403   -0.930188    0.061321    0.018881   -0.131905   -1.066395   -0.008414
    1.396791   -0.933371    0.032091    0.018642   -0.100506   -1.067970   -0.009046
    1.424179   -0.935695    0.002831    0.018386   -0.069189   -1.068555   -0.009666
    1.451567   -0.937162   -0.026431    0.018113   -0.037990   -1.068162   -0.010274
    1.478955   -0.937777   -0.055670    0.017823   -0.006942   -1.066803   -0.010869
    1.478955   -0.937777   -0.055670    0.017823   -0.006945   -1.066807   -0.010863
    1.506343   -0.937544   -0.084858    0.017518    0.023921   -1.064494   -0.011444
    1.533731   -0.936469   -0.113970    0.017196    0.054572   -1.061243   -0.012012
    1.561119   -0.934557   -0.142980    0.016860    0.084978   -1.057067   -0.012566
    1.588507   -0.931816   -0.171864    0.016508    0.115111   -1.051985   -0.013104
    1.615895   -0.928254   -0.200596    0.016142    0.144940   -1.046012   -0.013628
    1.643283   -0.923880   -0.229152    0.015762    0.174440   -1.039168   -0.014136
    1.670671   -0.918702   -0.257510    0.015368    0.203585   -1.031471   -0.014629
    1.698059   -0.912732   -0.285645    0.014961    0.232348   -1.022941   -0.015105
    1.725447   -0.905979   -0.313535    0.014541    0.260708   -1.013598   -0.015565
    1.725447   -0.905979   -0.313535    0.014541    0.260704   -1.013603   -0.015560
    1.752835   -0.898455   -0.341159    0.014109    0.288637   -1.003468   -0.016004
    1.780224   -0.890173   -0.368494    0.013664    0.316123   -0.992564   -0.016430
    1.807612   -0.881144   -0.395521    0.013209    0.343141   -0.980911   -0.016840
    1.835000   -0.871381   -0.422218    0.012742    0.369671   -0.968532   -0.017233
    1.862388   -0.860899   -0.448567    0.012265    0.395698   -0.955450   -0.017609
    1.889776   -0.849711   -0.474548    0.011778    0.421203   -0.941687   -0.017967
    1.917164   -0.837832   -0.500143    0.011281    0.446171   -0.927266   -0.018309
    1.944552   -0.825277   -0.525334    0.010775    0.470587   -0.912212   -0.018632
    1.971940   -0.812060   -0.550104    0.010260    0.494439   -0.896546   -0.018939
    1.971940   -0.812060   -0.550104    0.010260    0.494434   -0.896552   -0.018935
    1.999328   -0.798199   -0.574438    0.009738    0.517709   -0.880298   -0.019224
    2.026716   -0.783708   -0.598318    0.009208    0.540396   -0.863480   -0.019495
    2.054104   -0.768603   -0.621731    0.008670    0.562484   -0.846120   -0.019750
    2.081492   -0.752903   -0.644661    0.008126    0.583964   -0.828242   -0.019987
    2.108880   -0.736622   -0.667094    0.007575    0.604828   -0.809869   -0.020207
    2.136268   -0.719778   -0.689018    0.007019    0.625068   -0.791023   -0.020410
    2.163656   -0.702389   -0.710419    0.006458    0.644678   -0.771728   -0.020596
    2.191044   -0.684471   -0.731286    0.005891    0.663651   -0.752005   -0.020765
    2.218432   -0.666042   -0.751608    0.005320    0.681983   -0.731876   -0.020917
    2.218432   -0.666042   -0.751608    0.005320    0.681977   -0.731882   -0.020915
    2.245820   -0.647121   -0.771372    0.004746    0.699664   -0.711370   -0.021051
    2.273209   -0.627723   -0.790570    0.004167    0.716701   -0.690497   -0.021170
    2.300597   -0.607868   -0.809192    0.003586    0.733087   -0.669282   -0.021273
    2.327985   -0.587574   -0.827228    0.003002    0.748819   -0.647747   -0.021359
    2.355373   -0.566857   -0.844670    0.002416    0.763896   -0.625914   -0.021430
    2.382761   -0.545736   -0.861511    0.001829    0.778316   -0.603801   -0.021485
    2.410149   -0.524230   -0.877742    0.001240    0.792080   -0.581428   -0.021525
    2.437537   -0.502355   -0.893357    0.000650    0.805187   -0.558816   -0.021549
    2.464925   -0.480131   -0.908350    0.000059    0.817639   -0.535982   -0.021558
    2.464925   -0.480131   -0.908350    0.000059    0.817632   -0.535989   -0.021559
