0	  1.00000e-05 1.00000e-05 1.00000e-05 1.00000e-06 1.00000e-06 1.00000e-06
 0	  1.00000e-05 1.00000e-05 1.00000e-05 4.90338e-07 1.46038e-06 8.55175e-07

 1	  9.18882e-06 9.59752e-06 8.12712e-06 1.85809e-06 8.67579e-07 2.76539e-06
 1	  9.18882e-06 9.59752e-06 8.12712e-06 4.12751e-06 3.20815e-07 1.69079e-06

 2	  7.62835e-06 1.07012e-05 6.01891e-06 5.02662e-06 2.34327e-06 3.89586e-06
 2	  7.62835e-06 1.07012e-05 6.01891e-06 6.94123e-06 1.14050e-06 1.50179e-06

 3	  5.87692e-06 1.34835e-05 4.33695e-06 5.70067e-06 5.01704e-06 3.28927e-06
 3	  5.87692e-06 1.34835e-05 4.33695e-06 5.69206e-06 3.88384e-06 1.53824e-06

 4	  4.41584e-06 1.79807e-05 2.97829e-06 3.80984e-06 6.64408e-06 2.98961e-06
 4	  4.41584e-06 1.79807e-05 2.97829e-06 3.26882e-06 5.76121e-06 1.87505e-06

 5	  2.91471e-06 2.32401e-05 1.82040e-06 3.79110e-06 5.35376e-06 3.09923e-06
 5	  2.91471e-06 2.32401e-05 1.82040e-06 3.11304e-06 4.60153e-06 2.17522e-06

 6	  1.53454e-06 2.73962e-05 9.26839e-07 5.42057e-06 2.30687e-06 3.09706e-06
 6	  1.53454e-06 2.73962e-05 9.26839e-07 5.08965e-06 1.79603e-06 2.38725e-06

 7	  7.60716e-07 2.86723e-05 3.44584e-07 6.60641e-06 8.47534e-07 2.96689e-06
 7	  7.60716e-07 2.86723e-05 3.44584e-07 5.82781e-06 7.02250e-07 2.02630e-06

 8	  8.77607e-07 2.61389e-05 9.28403e-08 4.84131e-06 3.00348e-06 2.26681e-06
 8	  8.77607e-07 2.61389e-05 9.28403e-08 4.46210e-06 3.08628e-06 1.87311e-06

 9	  1.50438e-06 2.10386e-05 9.28419e-08 2.09901e-06 6.82324e-06 1.87488e-06
 9	  1.50438e-06 2.10386e-05 9.28419e-08 2.35300e-06 5.84975e-06 1.20626e-06

10	  2.10085e-06 1.54420e-05 2.48763e-07 4.06692e-07 8.32709e-06 1.07308e-06
10	  2.10085e-06 1.54420e-05 2.48763e-07 4.18689e-07 8.21872e-06 9.21940e-07

11	  2.21845e-06 1.02994e-05 4.81472e-07 1.58787e-07 8.52982e-06 7.33495e-07
11	  2.21845e-06 1.02994e-05 4.81472e-07 4.31381e-08 7.78015e-06 4.13504e-07

12	  1.94272e-06 6.51281e-06 6.66557e-07 7.84137e-07 6.32181e-06 2.71067e-07
12	  1.94272e-06 6.51281e-06 6.66557e-07 4.25044e-07 5.97594e-06 1.11363e-07

13	  1.43784e-06 4.03446e-06 7.45139e-07 1.43463e-06 3.89155e-06 5.37000e-08
13	  1.43784e-06 4.03446e-06 7.45139e-07 1.11487e-06 3.75067e-06 3.53175e-08

14	  9.09384e-07 2.57950e-06 7.44754e-07 1.82682e-06 1.95941e-06 3.67877e-08
14	  9.09384e-07 2.57950e-06 7.44754e-07 1.45520e-06 1.98249e-06 5.42918e-08

15	  5.26697e-07 1.79370e-06 6.86190e-07 1.63482e-06 8.32364e-07 9.74181e-08
15	  5.26697e-07 1.79370e-06 6.86190e-07 1.30376e-06 7.65631e-07 5.86192e-08

16	  3.19252e-07 1.42855e-06 6.11619e-07 1.10665e-06 2.41376e-07 1.12495e-07
16	  3.19252e-07 1.42855e-06 6.11619e-07 8.64986e-07 2.50967e-07 6.33836e-08

17	  2.32841e-07 1.26827e-06 5.18305e-07 5.67230e-07 7.31395e-08 1.30667e-07
17	  2.32841e-07 1.26827e-06 5.18305e-07 4.47828e-07 7.62304e-08 7.59311e-08

18	  1.95729e-07 1.19774e-06 4.19857e-07 2.39356e-07 4.33740e-08 1.47249e-07
18	  1.95729e-07 1.19774e-06 4.19857e-07 1.89700e-07 3.77447e-08 8.08767e-08

19	  1.59864e-07 1.13853e-06 3.29021e-07 1.24977e-07 5.73741e-08 1.47612e-07
19	  1.59864e-07 1.13853e-06 3.29021e-07 1.10791e-07 5.29572e-08 1.19834e-07

20	  1.18926e-07 1.04533e-06 2.35665e-07 1.32908e-07 1.15009e-07 1.89990e-07
20	  1.18926e-07 1.04533e-06 2.35665e-07 1.15279e-07 1.17488e-07 1.02138e-07

21	  8.19864e-08 8.87032e-07 1.64962e-07 1.44954e-07 2.40764e-07 1.57292e-07
21	  8.19864e-08 8.87032e-07 1.64962e-07 1.31453e-07 2.22511e-07 1.16090e-07

22	  6.34317e-08 6.83537e-07 1.05630e-07 1.29811e-07 3.88738e-07 1.64534e-07
22	  6.34317e-08 6.83537e-07 1.05630e-07 1.22682e-07 3.06414e-07 1.00471e-07

23	  5.98806e-08 4.82878e-07 6.50453e-08 8.87907e-08 4.57260e-07 1.35942e-07
23	  5.98806e-08 4.82878e-07 6.50453e-08 8.56612e-08 4.06050e-07 7.84174e-08

24	  6.61467e-08 3.03379e-07 4.04242e-08 5.32650e-08 5.07104e-07 1.01984e-07
24	  6.61467e-08 3.03379e-07 4.04242e-08 4.66038e-08 4.20495e-07 5.96578e-08

25	  7.04153e-08 1.71198e-07 2.72213e-08 4.24351e-08 4.53125e-07 7.42433e-08
25	  7.04153e-08 1.71198e-07 2.72213e-08 3.64770e-08 2.98079e-07 5.48427e-08

26	  6.81394e-08 9.61732e-08 2.31333e-08 5.38239e-08 2.82026e-07 6.14796e-08
26	  6.81394e-08 9.61732e-08 2.31333e-08 4.23000e-08 2.03457e-07 4.15219e-08

27	  6.06173e-08 5.84362e-08 2.17885e-08 7.07486e-08 1.75510e-07 4.55458e-08
27	  6.06173e-08 5.84362e-08 2.17885e-08 6.05677e-08 9.59280e-08 2.11351e-08

28	  5.00731e-08 4.95217e-08 2.23932e-08 8.80543e-08 8.47373e-08 2.32170e-08
28	  5.00731e-08 4.95217e-08 2.23932e-08 4.58576e-08 5.27059e-08 1.90959e-08

  5.07168e-08 4.89773e-08 2.22938e-08
  7.32475e-08 2.55499e-08 1.88619e-08

 0	      0.0000068110	      0.0012566709	      0.0034992519	
1	      0.0000085387	      0.0010769918	      0.0030016297	
2	      0.0000063511	      0.0008219410	      0.0022906248	
3	      0.0000065687	      0.0006248821	      0.0017431920	
4	      0.0000052161	      0.0003689781	      0.0010306509	
5	      0.0000082593	      0.0003103896	      0.0008708697	
6	      0.0000128268	      0.0002176950	      0.0006178276	
7	      0.0000244847	      0.0003461976	      0.0009866098	
8	      0.0000554507	      0.0001602108	      0.0005006960	
9	      0.0001081467	      0.0003252814	      0.0010121431	
10	      0.0001135273	      0.0000983844	      0.0003869495	
11	      0.0001662467	      0.0003021526	      0.0010059654	
12	      0.0000596981	      0.0002581178	      0.0007770388	
13	      0.0000345808	      0.0001473708	      0.0004441422	
14	      0.0000456984	      0.0001537417	      0.0004729652	
15	      0.0001025957	      0.0001493767	      0.0005177316	
16	      0.0002440967	      0.0001448332	      0.0006466058	
17	      0.0005030165	      0.0001110939	      0.0008117601	
18	      0.0018786858	      0.0001235723	      0.0022221082	
19	      0.0032787533	      0.0000767643	      0.0034920907	
20	      0.0030470434	      0.0001621887	      0.0034977855	
21	      0.0032205315	      0.0001004846	      0.0034997904	
22	      0.0030088141	      0.0001763501	      0.0034989124	
23	      0.0030232660	      0.0001714323	      0.0034996970	
24	      0.0014897461	      0.0002078711	      0.0020674450	
25	      0.0004873146	      0.0002987079	      0.0013174600	
26	      0.0000910088	      0.0002558596	      0.0008020736	
27	      0.0001277910	      0.0001984780	      0.0006793854	
28	      0.0005370653	      0.0001175377	      0.0008637169	

FLeg = 0.0460571188
