    0.29266408     0.95621532    -0.00005867    -0.99337201     0.25120695     0.02135667     0.00000298    -0.00000650    -0.00000426    -0.14220805    -0.05845298     0.03404608     0.21408149    -0.30225031    -0.03096154    -0.00935082    -0.03229348     0.03986292    -0.77284593    -0.31890385    -0.12566736    -0.25879396    -0.58436189     0.14958711    -0.01065553     0.02671395    -0.97221493 
    0.04012683     0.98826333     0.00517715    -1.03534784     0.00487184     0.02070036     0.00001119    -0.00000561    -0.00000465     0.05797369     0.02531427     0.00028712     0.01550477    -0.16346080    -0.04569394     0.02340133    -0.13928413    -0.01537703     0.42697579    -0.05975907     0.22728688     0.53574980    -0.57116754    -0.08593686     0.10923917    -0.37006450    -0.06439248 
   -0.21486188     0.95803157     0.01008407    -1.01245749    -0.24859219     0.01870567     0.00000728    -0.00000294    -0.00000540    -0.24159752    -0.02282499     0.00603125     0.17498981    -0.06971423     0.04737338     0.09093009    -0.07646725    -0.07838595    -0.32594106    -0.07333117     0.00556345     0.35840585    -0.08063275    -0.09762877     0.15955818    -0.13224646    -0.35801141 
   -0.45597007     0.86611650     0.01433947    -0.92365155    -0.48990025     0.01546809     0.00000371    -0.00000122    -0.00000564    -0.26068295     0.17909171     0.05259764     0.18694446     0.05456447    -0.03639283    -0.01872863     0.00456122    -0.12895776    -0.39463208     0.04684530     0.11023517     0.18401103    -0.41394569    -0.03001321    -0.09629351     0.05107824    -0.54518282 
   -0.66744468     0.71792951     0.01766164    -0.77470756    -0.69994817     0.01121946     0.00000115     0.00000061    -0.00000589     0.00037502     0.51893408    -0.02666424    -0.01759417    -0.19643924    -0.08009325    -0.00762405     0.00434698     0.03657811    -0.16295396     0.26254484    -0.04304460     0.19900485     0.02615819     0.18211125    -0.03235480    -0.01570037    -0.23942026 
   -0.83577149     0.52328711     0.01984033    -0.57770810    -0.86273374     0.00629810    -0.00000031     0.00000360    -0.00000631    -0.22156633    -0.07899285     0.01067843    -0.04017114     0.07581067     0.07431863     0.41720131    -0.12585922     0.06324701    -0.42130131    -0.03693356     0.05366905     0.03785444    -0.32466229    -0.12684615     0.40595457    -0.09302943    -0.17589317 
   -0.95102081     0.29533780     0.02075702    -0.34910010    -0.96764025     0.00109663    -0.00000098     0.00001028    -0.00000790    -0.09975136    -0.06588795    -0.01693423    -0.10770596    -0.02125132     0.08211729    -0.00144851     0.03260899    -0.12215441    -0.34957424    -0.07634635     0.11415051     0.19892698    -0.27322600    -0.07559052    -0.01774120     0.00809426    -0.29007955 
   -1.00760032     0.04907763     0.02039069    -0.10699147    -1.01040684    -0.00399877    -0.00000333     0.00002934    -0.00001323    -0.11377119    -0.08475825     0.01666026    -0.18592823    -0.11700106    -0.05654773     0.03591016    -0.02381345    -0.04329218    -0.59130102    -0.16368968    -0.18801809     0.40756598    -0.19099104     0.16997185     0.05516940    -0.00574381    -0.21951885 
   -1.00433563    -0.20019506     0.01880941     0.13143706    -0.99269126    -0.00865884    -0.00001979     0.00007787    -0.00002779    -0.12113318    -0.10132348    -0.04669666    -0.15747854    -0.11238597    -0.00688968    -0.02721929     0.06953395    -0.00255402    -0.61107779    -0.15202650     0.02352000     0.26340502    -0.16921927    -0.04356581     0.01532758     0.03997686    -0.17867196 
   -0.94399780    -0.43818358     0.01615168     0.35174268    -0.92065924    -0.01264160    -0.00005237     0.00010523    -0.00003736    -0.06039165    -0.08523252    -0.11459011    -0.15102565    -0.15903607    -0.07386763     0.00928182     0.02252928    -0.14311222    -0.59685412    -0.37012011     0.14038592     0.13778030    -0.13758289    -0.17575573     0.04820750     0.04169273    -0.21798613 
   -0.83249922    -0.65251093     0.01260847     0.54306707    -0.80330567    -0.01577881    -0.00007505     0.00009140    -0.00003372    -0.07632102    -0.07062552    -0.07197487    -0.05895371    -0.08441918    -0.04844634    -0.07678759    -0.04849946    -0.03476558    -0.30901972     0.05513972     0.20540240     0.03774621    -0.13525163    -0.07241560     0.04340630    -0.00686942    -0.10601329 
   -0.67798396    -0.83321029     0.00840440     0.69817121    -0.65084515    -0.01797306    -0.00005813     0.00004294    -0.00001920    -0.10516275    -0.10631100     0.02188452    -0.09443108    -0.09310116     0.15529652    -0.01415314     0.04015307     0.06022409    -0.15368978    -0.27512525     0.10874245    -0.01576381    -0.12363230     0.16554358    -0.03026792    -0.00112824    -0.20030692 
   -0.48998537    -0.97286856     0.00377949     0.81293918    -0.47353962    -0.01919210    -0.00003538     0.00001361    -0.00001069    -0.07001801    -0.05434805     0.02209394    -0.03690872    -0.19140432     0.05181302    -0.00364741     0.02600201     0.16567598    -0.39361544    -0.31968657     0.19691636    -0.05218024    -0.32956276     0.13479887     0.01068994    -0.03462580    -0.36861641 
   -0.27875259    -1.06653409    -0.00102836     0.88562277    -0.28097973    -0.01946552    -0.00003045     0.00000343    -0.00000806    -0.02765189    -0.03357570     0.01668962     0.10118553    -0.10380192    -0.03404293     0.01296945     0.01665144     0.05838017    -0.37923564    -0.33089099     0.15028405    -0.04204930    -0.33187098     0.08062981    -0.02221731    -0.02456324    -0.33715173 
   -0.05474637    -1.11152155    -0.00579248     0.91618278    -0.08185167    -0.01885219    -0.00003465    -0.00000300    -0.00000583    -0.03257947    -0.01598801    -0.02632604     0.03046168    -0.12850337    -0.02011090    -0.00109759    -0.00757050    -0.00126854    -0.07844608    -0.08430469     0.13322406     0.06390748    -0.23428924     0.15719753     0.01040514     0.00047465    -0.27116107 
    0.17172223    -1.10718407    -0.01030184     0.90578160     0.11607657    -0.01742376    -0.00006989    -0.00001539    -0.00000313    -0.02744633    -0.01542115     0.01920836     0.08717569    -0.06736447     0.07285607    -0.00208462     0.00664638    -0.01408460    -0.16778211    -0.15160251    -0.07504159    -0.00213389    -0.31133704     0.06679688     0.08264575    -0.12746015    -0.44892285 
    0.39073180    -1.05469682    -0.01436449     0.85637589     0.30584368    -0.01526242    -0.00012434    -0.00005044     0.00000700    -0.02786168    -0.00621060    -0.01467986     0.03561664    -0.11312775    -0.03142049    -0.00432741     0.00442846    -0.00024688    -0.08682034    -0.00405242     0.05062926     0.20063771    -0.25053966     0.10859557    -0.03368809     0.02155371    -0.26752913 
    0.59292559    -0.95688066    -0.01780815     0.77053264     0.48110741    -0.01245175    -0.00027150    -0.00017360     0.00004175    -0.03119113    -0.01203670    -0.02923457     0.04414015    -0.01859885     0.01273116    -0.00360605    -0.00540039    -0.07270562    -0.13993384    -0.08589296    -0.02436721     0.15775434    -0.29191953     0.05121436    -0.01467834    -0.06569095    -0.29459150 
    0.76962934    -0.81808435    -0.02047802     0.65126656     0.63590959    -0.00906665    -0.00158563    -0.00154084     0.00042982    -0.03484421    -0.01339559    -0.04105122     0.01920804    -0.03856197     0.01051219    -0.00791883    -0.00353795    -0.05811434    -0.19231240    -0.07471062    -0.02146124     0.23743231    -0.26549069     0.01190322    -0.01588956    -0.04769544    -0.27193266 
    0.91271839    -0.64437678    -0.02215834     0.50109285     0.76346634    -0.00487158    -0.00180343    -0.00266033     0.00077440    -0.02608761    -0.01064284    -0.00852316     0.01100184    -0.04405189    -0.00592621     0.00210891    -0.00641206    -0.01461218    -0.15452789    -0.04100662    -0.01293037     0.19479770    -0.10065028     0.02459430     0.01780450    -0.02522809    -0.16640357 
    1.01533087    -0.44310172    -0.02267665     0.32543774     0.85876436    -0.00005514    -0.00118809    -0.00293075     0.00085990    -0.02998335    -0.02015638    -0.07584972     0.01250604    -0.03556614     0.00768859    -0.00828794    -0.00853503    -0.00249017    -0.20589069    -0.05634876    -0.08074528     0.21162060    -0.07956059    -0.14400055     0.01357922    -0.01063096    -0.05319054 
    1.07197373    -0.22266932    -0.02196381     0.13021909     0.91759153     0.00495338    -0.00052925    -0.00307414     0.00090980    -0.03925602    -0.03356245     0.07689193     0.03202300    -0.04972136    -0.00211191    -0.00387861    -0.00304885     0.02839239    -0.22394134    -0.08892997    -0.12782161     0.20853356    -0.13943248     0.03175689     0.03314794    -0.00137978    -0.04516527 
    1.07854211     0.00730902    -0.02000468    -0.07842784     0.93519145     0.00992320     0.00013744    -0.00295349     0.00090459    -0.06224368    -0.02562874     0.00375664     0.00282595    -0.02401139    -0.00437167     0.00293915    -0.00539977     0.01120075    -0.47571272    -0.10627732    -0.05169298     0.26828135    -0.10328168    -0.01081072     0.03406635    -0.00112192    -0.25353311 
    1.03260413     0.23611217    -0.01684970    -0.29302565     0.90726274     0.01457427     0.00082162    -0.00295609     0.00086012    -0.06032596    -0.01051543    -0.02164703     0.00307007    -0.03784208     0.00218476    -0.00042695    -0.00532257    -0.02011823    -0.37631396    -0.18892133    -0.01891951     0.17796616    -0.10771964     0.01769452     0.03829923     0.01888970    -0.25713829 
    0.93379724     0.45193336    -0.01261878    -0.50428144     0.82981845     0.01860948     0.00000082    -0.00000998    -0.00000185    -0.05895950    -0.01712800    -0.05245417     0.00186259    -0.02545739     0.00319735     0.00245398    -0.00476501     0.05347339    -0.42692551    -0.28785406     0.04536857     0.15080564    -0.10068880    -0.01537057     0.01505249     0.04445782    -0.31356107 
    0.78395247     0.64289054    -0.00770038    -0.70217434     0.70329891     0.02094433     0.00091834    -0.00098810     0.00030826    -0.04903447    -0.02536547     0.01739315     0.00404655    -0.01580400     0.00258424     0.00092156     0.00032851     0.02596288    -0.33472670    -0.22832023    -0.04283098     0.09824869    -0.11852309     0.01996712     0.01113400     0.02724286    -0.29189692 
    0.58849905     0.79579929    -0.00225861    -0.87093240     0.52391213     0.02247783     0.00003605    -0.00002782     0.00000341    -0.03965721    -0.02789746    -0.01337391    -0.00894691    -0.02682758    -0.00737545     0.00158335    -0.00615091    -0.00521086    -0.27848071    -0.27977843     0.00679006     0.05834592    -0.16640408     0.02466088    -0.01956415     0.02516662    -0.41584273 
    0.35616275     0.89849519     0.00332200    -0.99631980     0.29810976     0.02233082     0.00009008    -0.00003343     0.00000580    -0.01335305    -0.01229677     0.01861185     0.00334833    -0.01211207     0.00576520     0.00102746    -0.00082479     0.00794732    -0.11015917    -0.06962169    -0.02261565     0.03434952    -0.08576739    -0.00945132    -0.00737827     0.01564670    -0.13560336 
    0.09997682     0.94042334     0.00867532    -1.06091398     0.03563862     0.02061657     0.00065395    -0.00003200     0.00002099    -0.00302121    -0.00331210     0.00179348     0.00564783     0.00221078     0.00555130    -0.00104926     0.00047081     0.00080990    -0.05359912    -0.06893499    -0.01401713     0.04977851    -0.05118263    -0.00086470    -0.00656663     0.00218030    -0.01204996 
    0.09997682     0.94042334     0.00867532    -1.06026003     0.03560663     0.02063756     0.00000000     0.00000000     0.00000000     0.00000000     0.00000000     0.00000000     0.00000000     0.00000000     0.00000000     0.00000000     0.00000000     0.00000000     0.00000000     0.00000000     0.00000000     0.00000000     0.00000000     0.00000000     0.00000000     0.00000000     0.00000000 
   -0.16180036     0.91488520     0.01338437    -1.05059215    -0.24401615     0.01730615     0.00000884    -0.00000401    -0.00000157    -0.00369471    -0.00397202    -0.00308904     0.00519751     0.00175896    -0.00459945    -0.00096630    -0.00091226    -0.01855346    -0.03910531    -0.04687361     0.00709392     0.03843363    -0.02830504     0.00191741    -0.00714793    -0.00344607    -0.01977917 
   -0.41126744     0.82061029     0.01708456    -0.95996940    -0.51763123     0.01249589     0.00000224    -0.00000380    -0.00000130    -0.00382482    -0.02036834     0.01611373     0.00324661     0.00854708     0.01048770    -0.00060475    -0.00022744    -0.00993740    -0.04706159    -0.09513388    -0.01754233     0.06509819    -0.02688909    -0.01433643    -0.00338430    -0.00276931    -0.06805362 
   -0.62862580     0.66246921     0.01945289    -0.79156459    -0.75761790     0.00657979    -0.00000036    -0.00000362     0.00000005    -0.00337490    -0.01535616     0.00519472    -0.00190079     0.01248835     0.00377970    -0.00089713     0.00020529    -0.01408043    -0.03657937    -0.11294529    -0.02543999     0.06332191    -0.03974428    -0.01524927    -0.00257168     0.00468848    -0.08171186 
   -0.79629061     0.45197716     0.02028367    -0.56011762    -0.93871183     0.00012467     0.00067985     0.00038593     0.00116820    -0.00172953    -0.01916432    -0.03984381    -0.00920980     0.01031266     0.00381247     0.00189463    -0.00526600     0.02029720    -0.01648450    -0.13022582     0.02008034     0.08721250    -0.05894859     0.00400678     0.00351252     0.00417901    -0.08668410 
   -0.90136424     0.20607004     0.01980766    -0.28888308    -1.04342169    -0.00509878    -0.00000249    -0.00000333     0.00000439    -0.01934218     0.00475408    -0.02063175     0.00619644    -0.02014880     0.00847833     0.00173011    -0.00309205     0.01461057    -0.03666327    -0.07224308    -0.01519685     0.03372032     0.01038390    -0.03841616     0.01520047    -0.00547711    -0.08302436 
   -0.93777673    -0.05566980     0.01782248    -0.00694179    -1.06680302    -0.01086647    -0.00000335    -0.00000392     0.00000522     0.00416580    -0.01942116    -0.02550995    -0.03056955     0.01994203    -0.02760060    -0.00241611     0.00260500    -0.00076693    -0.07495548    -0.01795597    -0.02412899     0.02727723     0.01496768    -0.02392616     0.03826246    -0.02575686    -0.09757412 
   -0.90597898    -0.31353506     0.01454042     0.26070803    -1.01359853    -0.01556329    -0.00000435    -0.00000451     0.00000485     0.01551590    -0.01911252    -0.00669400     0.00049684    -0.01119970     0.01081167    -0.00162226     0.00202437    -0.01749802    -0.03322885    -0.03159347     0.00989423     0.04244600    -0.02897735    -0.00636194     0.00789899     0.00213615     0.01847195 
   -0.81206034    -0.55010447     0.01026045     0.49443917    -0.89654618    -0.01893707    -0.00000518    -0.00000523     0.00000282     0.00598588    -0.00921243     0.00803060    -0.00400906    -0.01010218     0.00569329    -0.01356060     0.01501343     0.00921524    -0.06197554    -0.03413808    -0.00886508     0.05728870    -0.06299756     0.00835918     0.00766056     0.00730302    -0.10007168 
   -0.66604231    -0.75160767     0.00532053     0.68198316    -0.73187611    -0.02091632    -0.00000604    -0.00000596     0.00000073    -0.01016820     0.00571231     0.05356586    -0.01951903     0.00969657     0.02084727     0.03376630    -0.03457535     0.00333484    -0.09175138    -0.06532179    -0.07986045     0.00823098    -0.05802034     0.06717507     0.06244241    -0.05304276    -0.02118417 
   -0.48013085    -0.90834961     0.00005945     0.81763901    -0.53598233    -0.02155828    -0.00000722    -0.00000706    -0.00000110     0.00664721    -0.02475663     0.02010033     0.02477164    -0.02684114    -0.00136417    -0.02542042     0.03114586     0.03272213    -0.10858223    -0.00309221    -0.08259157    -0.01980901    -0.08173233     0.04811902     0.03331596    -0.03508244    -0.03942452 
