 0  5.00117e-08 5.00916e-08 1.46457e-08 4.20426e-08 7.53701e-08 1.27065e-08
 0  5.00117e-08 5.00916e-08 1.46457e-08 4.20426e-08 7.53701e-08 1.27065e-08

 1  4.69716e-08 5.29214e-08 1.44445e-08 4.32931e-08 8.07811e-08 1.28720e-08
 1  4.69716e-08 5.29214e-08 1.44445e-08 4.10373e-08 7.59477e-08 1.25249e-08

 2  4.17766e-08 7.81691e-08 1.35182e-08 2.98924e-08 1.15199e-07 1.36018e-08
 2  4.17766e-08 7.81691e-08 1.35182e-08 2.85761e-08 1.09281e-07 1.22322e-08

 3  3.33431e-08 1.26326e-07 1.20501e-08 2.82382e-08 1.50078e-07 1.40392e-08
 3  3.33431e-08 1.26326e-07 1.20501e-08 2.39671e-08 1.47375e-07 1.23939e-08

 4  2.33785e-08 1.94136e-07 1.03144e-08 6.04529e-08 1.50120e-07 1.45616e-08
 4  2.33785e-08 1.94136e-07 1.03144e-08 4.92038e-08 1.55286e-07 1.28194e-08

 5  1.99334e-08 2.68560e-07 8.87692e-09 1.18057e-07 1.07904e-07 1.46386e-08
 5  1.99334e-08 2.68560e-07 8.87692e-09 1.01795e-07 1.18094e-07 1.27714e-08

 6  3.50103e-08 3.26792e-07 7.87593e-09 1.63950e-07 5.44427e-08 1.40139e-08
 6  3.50103e-08 3.26792e-07 7.87593e-09 1.50568e-07 6.42408e-08 1.23772e-08

 7  7.46978e-08 3.50973e-07 7.39564e-09 1.64701e-07 2.68875e-08 1.29744e-08
 7  7.46978e-08 3.50973e-07 7.39564e-09 1.55740e-07 2.75351e-08 1.35658e-08

 8  1.31939e-07 3.33516e-07 7.42226e-09 1.22372e-07 3.25538e-08 1.35885e-08
 8  1.31939e-07 3.33516e-07 7.42226e-09 1.13395e-07 2.83802e-08 1.13325e-08

 9  1.87613e-07 2.90649e-07 8.00307e-09 7.23243e-08 4.85077e-08 1.07830e-08
 9  1.87613e-07 2.90649e-07 8.00307e-09 6.12813e-08 3.93833e-08 1.17312e-08

10  2.22075e-07 2.48392e-07 9.05027e-09 5.16216e-08 4.82216e-08 1.07748e-08
10  2.22075e-07 2.48392e-07 9.05027e-09 4.34391e-08 4.12866e-08 1.17723e-08

  4.11149e-07 5.95762e-08 8.79135e-09
  5.00081e-08 3.57397e-08 1.07502e-08

 0      0.0000000000	      0.0000000000	      0.0000000000	
 1      0.0000098365	      0.0000162380	      0.0000549639	
 2      0.0000046011	      0.0000272486	      0.0000803284	
 3      0.0000036377	      0.0000298229	      0.0000865193	
 4      0.0014056387	      0.0000375723	      0.0015100566	
 5      0.0000060491	      0.0000354281	      0.0001045081	
 6      0.0000073408	      0.0000331243	      0.0000993971	
 7      0.0000079255	      0.0000184366	      0.0000591631	
 8      0.0000078838	      0.0000245433	      0.0000760925	
 9      0.0000085172	      0.0000395843	      0.0001185267	
10      0.0000101585	      0.0000375308	      0.0001144611	

FLeg = 0.0023040169

F = 0.0468302415
