
    0.000000   -0.686889   -0.726762    0.000054    0.713600   -0.693462    0.000043
    0.000000   -0.686889   -0.726762    0.000054    0.670072   -0.743873   -0.021452
    0.034972   -0.663041   -0.752328   -0.000696    0.693581   -0.718116   -0.021441
    0.069945   -0.638389   -0.776983   -0.001445    0.716056   -0.691707   -0.021404
    0.104917   -0.612969   -0.800703   -0.002193    0.737487   -0.664689   -0.021342
    0.139889   -0.586818   -0.823467   -0.002938    0.757865   -0.637103   -0.021255
    0.174861   -0.559973   -0.845258   -0.003679    0.777185   -0.608993   -0.021143
    0.209834   -0.532471   -0.866058   -0.004416    0.795439   -0.580398   -0.021008
    0.244806   -0.504349   -0.885849   -0.005148    0.812626   -0.551360   -0.020849
    0.279778   -0.475645   -0.904617   -0.005874    0.828742   -0.521917   -0.020668
    0.314751   -0.446395   -0.922350   -0.006594    0.843786   -0.492109   -0.020465
    0.349723   -0.416639   -0.939034   -0.007306    0.857760   -0.461973   -0.020240
    0.384695   -0.386412   -0.954659   -0.008009    0.870664   -0.431546   -0.019994
    0.419668   -0.355753   -0.969215   -0.008704    0.882500   -0.400865   -0.019727
    0.454640   -0.324698   -0.982695   -0.009389    0.893273   -0.369965   -0.019441
    0.489612   -0.293286   -0.995090   -0.010063    0.902986   -0.338880   -0.019135
    0.524584   -0.261552   -1.006396   -0.010727    0.911646   -0.307645   -0.018810
    0.559557   -0.229533   -1.016607   -0.011379    0.919257   -0.276292   -0.018468
    0.594529   -0.197267   -1.025720   -0.012018    0.925828   -0.244853   -0.018108
    0.629501   -0.164789   -1.033732   -0.012645    0.931365   -0.213359   -0.017731
    0.664474   -0.132135   -1.040643   -0.013258    0.935877   -0.181840   -0.017337
    0.699446   -0.099341   -1.046451   -0.013858    0.939373   -0.150327   -0.016928
    0.734418   -0.066443   -1.051158   -0.014442    0.941861   -0.118847   -0.016503
    0.769390   -0.033475   -1.054765   -0.015012    0.943352   -0.087429   -0.016063
    0.804363   -0.000472   -1.057274   -0.015566    0.943856   -0.056100   -0.015610
    0.839335    0.032532   -1.058690   -0.016103    0.943384   -0.024886   -0.015143
    0.874307    0.065502   -1.059016   -0.016625    0.941946    0.006186   -0.014663
    0.909280    0.098405   -1.058259   -0.017129    0.939554    0.037093   -0.014170
    0.944252    0.131207   -1.056424   -0.017616    0.936219    0.067808   -0.013665
    0.979224    0.163877   -1.053519   -0.018084    0.931954    0.098310   -0.013149
    1.014196    0.196382   -1.049551   -0.018535    0.926770    0.128573   -0.012622
    1.049169    0.228689   -1.044529   -0.018967    0.920680    0.158577   -0.012085
    1.084141    0.260768   -1.038462   -0.019380    0.913696    0.188298   -0.011538
    1.119113    0.292587   -1.031362   -0.019774    0.905832    0.217716   -0.010981
    1.154086    0.324116   -1.023238   -0.020148    0.897100    0.246809   -0.010416
    1.189058    0.355324   -1.014103   -0.020502    0.887513    0.275556   -0.009842
    1.224030    0.386183   -1.003969   -0.020837    0.877084    0.303939   -0.009261
    1.259003    0.416662   -0.992849   -0.021150    0.865828    0.331937   -0.008672
    1.293975    0.446733   -0.980756   -0.021443    0.853756    0.359531   -0.008077
    1.328947    0.476368   -0.967706   -0.021715    0.840884    0.386702   -0.007475
    1.363919    0.505539   -0.953714   -0.021966    0.827224    0.413432   -0.006867
    1.398892    0.534219   -0.938794   -0.022195    0.812791    0.439704   -0.006254
    1.433864    0.562381   -0.922964   -0.022403    0.797598    0.465498   -0.005636
    1.468836    0.589998   -0.906241   -0.022589    0.781659    0.490798   -0.005014
    1.503809    0.617045   -0.888642   -0.022754    0.764989    0.515586   -0.004388
    1.538781    0.643497   -0.870185   -0.022896    0.747602    0.539846   -0.003758
    1.573753    0.669328   -0.850889   -0.023017    0.729513    0.563561   -0.003125
    1.608725    0.694514   -0.830773   -0.023115    0.710735    0.586715   -0.002490
    1.643698    0.719032   -0.809858   -0.023191    0.691284    0.609291   -0.001853
    1.678670    0.742858   -0.788163   -0.023244    0.671174    0.631274   -0.001214
    1.713642    0.765969   -0.765711   -0.023276    0.650420    0.652647   -0.000574
    1.748615    0.788344   -0.742522   -0.023285    0.629038    0.673395    0.000066
    1.783587    0.809960   -0.718618   -0.023271    0.607042    0.693503    0.000707
    1.818559    0.830796   -0.694022   -0.023235    0.584449    0.712955    0.001347
    1.853531    0.850832   -0.668758   -0.023177    0.561273    0.731737    0.001987
    1.888504    0.870048   -0.642849   -0.023096    0.537532    0.749832    0.002625
    1.923476    0.888423   -0.616320   -0.022993    0.513240    0.767226    0.003262
    1.958448    0.905940   -0.589195   -0.022868    0.488415    0.783904    0.003896
    1.993421    0.922579   -0.561499   -0.022721    0.463074    0.799851    0.004528
    2.028393    0.938324   -0.533258   -0.022551    0.437232    0.815054    0.005157
    2.063365    0.953156   -0.504499   -0.022360    0.410907    0.829496    0.005782
    2.098338    0.967059   -0.475248   -0.022147    0.384118    0.843165    0.006403
    2.133310    0.980017   -0.445533   -0.021912    0.356882    0.856045    0.007019
    2.168282    0.992016   -0.415382   -0.021656    0.329217    0.868122    0.007630
    2.203254    1.003040   -0.384822   -0.021379    0.301142    0.879382    0.008236
    2.238227    1.013075   -0.353884   -0.021080    0.272677    0.889812    0.008835
    2.273199    1.022108   -0.322595   -0.020761    0.243841    0.899396    0.009428
    2.308171    1.030126   -0.290986   -0.020421    0.214653    0.908122    0.010014
    2.343144    1.037118   -0.259087   -0.020060    0.185136    0.915976    0.010592
    2.378116    1.043071   -0.226928   -0.019680    0.155309    0.922945    0.011162
    2.413088    1.047977   -0.194542   -0.019280    0.125195    0.929014    0.011723
    2.448060    1.051825   -0.161960   -0.018860    0.094815    0.934172    0.012275
    2.483033    1.054606   -0.129213   -0.018421    0.064193    0.938404    0.012817
    2.518005    1.056312   -0.096334   -0.017964    0.033352    0.941699    0.013348
    2.552977    1.056937   -0.063357   -0.017488    0.002316    0.944044    0.013869
    2.587950    1.056472   -0.030315   -0.016994   -0.028890    0.945427    0.014378
    2.622922    1.054914    0.002759   -0.016482   -0.060241    0.945835    0.014875
    2.657894    1.052257    0.035830   -0.015954   -0.091710    0.945259    0.015359
    2.692866    1.048499    0.068863   -0.015408   -0.123270    0.943685    0.015831
    2.727839    1.043635    0.101824   -0.014847   -0.154894    0.941105    0.016288
    2.762811    1.037664    0.134677   -0.014269   -0.186553    0.937507    0.016731
    2.797783    1.030586    0.167385   -0.013677   -0.218218    0.932881    0.017159
    2.832756    1.022401    0.199914   -0.013069   -0.249859    0.927220    0.017571
    2.867728    1.013111    0.232227   -0.012448   -0.281444    0.920514    0.017967
    2.902700    1.002717    0.264287   -0.011813   -0.312942    0.912755    0.018346
    2.937673    0.991223    0.296057   -0.011165   -0.344320    0.903936    0.018707
    2.972645    0.978635    0.327500   -0.010504   -0.375544    0.894052    0.019051
    3.007617    0.964958    0.358579   -0.009832   -0.406581    0.883095    0.019376
    3.042589    0.950200    0.389255   -0.009149   -0.437393    0.871063    0.019681
    3.077562    0.934368    0.419492   -0.008456   -0.467946    0.857951    0.019966
    3.112534    0.917473    0.449252   -0.007753   -0.498202    0.843756    0.020231
    3.147506    0.899525    0.478496   -0.007041   -0.528122    0.828478    0.020475
    3.182479    0.880538    0.507187   -0.006321   -0.557669    0.812116    0.020697
    3.217451    0.860524    0.535286   -0.005594   -0.586802    0.794672    0.020896
    3.252423    0.839500    0.562757   -0.004860   -0.615481    0.776147    0.021072
    3.287395    0.817480    0.589561   -0.004120   -0.643664    0.756546    0.021225
    3.322368    0.794485    0.615661   -0.003376   -0.671310    0.735875    0.021354
    3.357340    0.770533    0.641019   -0.002627   -0.698376    0.714141    0.021457
    3.392312    0.745645    0.665599   -0.001875   -0.724818    0.691352    0.021536
    3.427285    0.719843    0.689363   -0.001121   -0.750592    0.667521    0.021589
    3.462257    0.693153    0.712276   -0.000365   -0.775655    0.642658    0.021615
    3.462257    0.693153    0.712276   -0.000365   -0.810020    0.612501    0.022783
    3.467253    0.689097    0.715327   -0.000252   -0.813541    0.608865    0.022784
    3.472249    0.685024    0.718360   -0.000138   -0.817047    0.605207    0.022785
    3.477245    0.680933    0.721374   -0.000024   -0.820539    0.601526    0.022786
    3.482241    0.676825    0.724370    0.000090   -0.824017    0.597823    0.022786
    3.487237    0.672700    0.727348    0.000204   -0.827480    0.594098    0.022785
    3.492233    0.668557    0.730306    0.000318   -0.830929    0.590350    0.022784
    3.497229    0.664397    0.733246    0.000431   -0.834363    0.586579    0.022782
    3.502225    0.660220    0.736168    0.000545   -0.837781    0.582787    0.022779
    3.507221    0.656026    0.739070    0.000659   -0.841185    0.578972    0.022776
    3.512217    0.651815    0.741953    0.000773   -0.844574    0.575135    0.022772
    3.517213    0.647587    0.744816    0.000887   -0.847946    0.571276    0.022768
    3.522209    0.643342    0.747661    0.001000   -0.851304    0.567394    0.022763
    3.527205    0.639080    0.750486    0.001114   -0.854645    0.563490    0.022758
    3.532201    0.634802    0.753291    0.001228   -0.857971    0.559565    0.022752
    3.537198    0.630508    0.756077    0.001341   -0.861280    0.555617    0.022745
    3.542194    0.626196    0.758843    0.001455   -0.864574    0.551647    0.022737
    3.547190    0.621869    0.761589    0.001569   -0.867851    0.547655    0.022730
    3.552186    0.617525    0.764315    0.001682   -0.871111    0.543641    0.022721
    3.557182    0.613164    0.767021    0.001796   -0.874354    0.539605    0.022712
    3.562178    0.608788    0.769707    0.001909   -0.877581    0.535547    0.022702
    3.567174    0.604396    0.772372    0.002022   -0.880791    0.531468    0.022692
    3.572170    0.599987    0.775017    0.002136   -0.883983    0.527366    0.022681
    3.577166    0.595563    0.777642    0.002249   -0.887158    0.523243    0.022669
    3.582162    0.591123    0.780246    0.002362   -0.890315    0.519098    0.022657
    3.587158    0.586667    0.782829    0.002475   -0.893455    0.514931    0.022644
    3.592154    0.582195    0.785391    0.002588   -0.896577    0.510743    0.022630
    3.597150    0.577708    0.787932    0.002702   -0.899680    0.506533    0.022616
    3.602146    0.573206    0.790452    0.002814   -0.902766    0.502301    0.022601
    3.607142    0.568688    0.792951    0.002927   -0.905833    0.498048    0.022586
    3.612138    0.564154    0.795429    0.003040   -0.908881    0.493774    0.022570
    3.617134    0.559606    0.797885    0.003153   -0.911911    0.489478    0.022553
    3.622130    0.555043    0.800319    0.003266   -0.914922    0.485161    0.022536
    3.627126    0.550464    0.802732    0.003378   -0.917914    0.480822    0.022518
    3.632122    0.545871    0.805124    0.003491   -0.920887    0.476463    0.022499
    3.637118    0.541263    0.807493    0.003603   -0.923840    0.472082    0.022480
    3.642114    0.536640    0.809841    0.003715   -0.926774    0.467680    0.022460
    3.647110    0.532002    0.812166    0.003827   -0.929688    0.463257    0.022439
    3.652107    0.527350    0.814470    0.003939   -0.932582    0.458813    0.022418
    3.657103    0.522684    0.816751    0.004051   -0.935456    0.454348    0.022396
    3.662099    0.518003    0.819010    0.004163   -0.938310    0.449863    0.022374
    3.667095    0.513308    0.821246    0.004275   -0.941143    0.445356    0.022351
    3.672091    0.508599    0.823460    0.004386   -0.943956    0.440829    0.022327
    3.677087    0.503876    0.825651    0.004498   -0.946748    0.436281    0.022302
    3.682083    0.499139    0.827819    0.004609   -0.949519    0.431713    0.022277
    3.687079    0.494388    0.829964    0.004721   -0.952270    0.427124    0.022251
    3.692075    0.489624    0.832087    0.004832   -0.954998    0.422515    0.022225
    3.697071    0.484846    0.834186    0.004943   -0.957706    0.417885    0.022198
    3.702067    0.480055    0.836262    0.005053   -0.960392    0.413236    0.022170
    3.707063    0.475250    0.838315    0.005164   -0.963056    0.408566    0.022141
    3.712059    0.470432    0.840345    0.005275   -0.965698    0.403875    0.022112
    3.717055    0.465600    0.842351    0.005385   -0.968318    0.399165    0.022082
    3.722051    0.460756    0.844333    0.005495   -0.970916    0.394435    0.022052
    3.727047    0.455899    0.846292    0.005605   -0.973491    0.389686    0.022021
    3.732043    0.451029    0.848227    0.005715   -0.976044    0.384916    0.021989
    3.737039    0.446146    0.850138    0.005825   -0.978574    0.380127    0.021956
    3.742035    0.441251    0.852025    0.005935   -0.981081    0.375318    0.021923
    3.747031    0.436343    0.853888    0.006044   -0.983565    0.370490    0.021889
    3.752027    0.431423    0.855727    0.006153   -0.986025    0.365642    0.021855
    3.757023    0.426491    0.857542    0.006263   -0.988462    0.360776    0.021819
    3.762019    0.421547    0.859332    0.006371   -0.990876    0.355889    0.021783
    3.767015    0.416590    0.861098    0.006480   -0.993265    0.350984    0.021747
    3.772012    0.411622    0.862839    0.006589   -0.995631    0.346060    0.021709
    3.777008    0.406642    0.864555    0.006697   -0.997972    0.341117    0.021671
    3.782004    0.401650    0.866247    0.006805   -1.000289    0.336156    0.021633
    3.787000    0.396647    0.867914    0.006913   -1.002582    0.331175    0.021593
    3.791996    0.391632    0.869556    0.007021   -1.004850    0.326176    0.021553
    3.796992    0.386606    0.871173    0.007129   -1.007093    0.321159    0.021512
    3.801988    0.381569    0.872765    0.007236   -1.009311    0.316123    0.021471
    3.806984    0.376521    0.874332    0.007343   -1.011504    0.311069    0.021429
    3.811980    0.371462    0.875874    0.007450   -1.013672    0.305997    0.021386
    3.816976    0.366393    0.877390    0.007557   -1.015814    0.300907    0.021342
    3.821972    0.361312    0.878880    0.007663   -1.017931    0.295799    0.021298
    3.826968    0.356221    0.880345    0.007770   -1.020021    0.290673    0.021253
    3.831964    0.351120    0.881785    0.007876   -1.022086    0.285530    0.021207
    3.836960    0.346009    0.883198    0.007982   -1.024124    0.280369    0.021161
    3.841956    0.340887    0.884586    0.008087   -1.026136    0.275191    0.021114
    3.846952    0.335755    0.885948    0.008193   -1.028122    0.269996    0.021066
    3.851948    0.330614    0.887284    0.008298   -1.030080    0.264783    0.021018
    3.856944    0.325463    0.888594    0.008403   -1.032012    0.259554    0.020968
    3.861940    0.320302    0.889877    0.008507   -1.033917    0.254307    0.020919
    3.866936    0.315132    0.891135    0.008612   -1.035795    0.249044    0.020868
    3.871932    0.309952    0.892366    0.008716   -1.037646    0.243765    0.020817
    3.876928    0.304764    0.893570    0.008820   -1.039468    0.238469    0.020765
    3.881924    0.299566    0.894749    0.008923   -1.041264    0.233156    0.020712
    3.886920    0.294359    0.895900    0.009027   -1.043031    0.227828    0.020659
    3.891917    0.289144    0.897025    0.009130   -1.044770    0.222483    0.020604
    3.896913    0.283920    0.898123    0.009232   -1.046482    0.217123    0.020550
    3.901909    0.278687    0.899195    0.009335   -1.048165    0.211746    0.020494
    3.906905    0.273447    0.900239    0.009437   -1.049819    0.206355    0.020438
    3.911901    0.268198    0.901256    0.009539   -1.051445    0.200947    0.020381
    3.916897    0.262941    0.902247    0.009641   -1.053042    0.195525    0.020323
    3.921893    0.257676    0.903210    0.009742   -1.054610    0.190087    0.020265
    3.926889    0.252403    0.904146    0.009843   -1.056148    0.184635    0.020206
    3.931885    0.247122    0.905055    0.009944   -1.057658    0.179167    0.020146
    3.936881    0.241835    0.905936    0.010045   -1.059138    0.173685    0.020085
    3.941877    0.236540    0.906790    0.010145   -1.060589    0.168189    0.020024
    3.946873    0.231237    0.907617    0.010245   -1.062009    0.162678    0.019962
    3.951869    0.225928    0.908416    0.010344   -1.063400    0.157153    0.019900
    3.956865    0.220612    0.909187    0.010444   -1.064761    0.151614    0.019836
    3.956865    0.220612    0.909187    0.010444   -1.064760    0.151615    0.019836

    0.000000    0.220612    0.909187    0.010444   -1.064760    0.151615    0.019836
    3.956865    0.220612    0.909187    0.010444   -1.064760    0.151615    0.019836
    3.976758    0.199379    0.911983    0.010836   -1.069877    0.129425    0.019577
    3.996651    0.178049    0.914335    0.011222   -1.074505    0.107028    0.019307
    4.016544    0.156633    0.916240    0.011604   -1.078636    0.084433    0.019025
    4.036436    0.135139    0.917693    0.011979   -1.082260    0.061654    0.018732
    4.056329    0.113578    0.918692    0.012349   -1.085368    0.038703    0.018428
    4.076222    0.091960    0.919232    0.012712   -1.087952    0.015591    0.018113
    4.096115    0.070296    0.919311    0.013069   -1.090005   -0.007666    0.017787
    4.116008    0.048597    0.918926    0.013420   -1.091517   -0.031056    0.017449
    4.135900    0.026873    0.918075    0.013764   -1.092483   -0.054565    0.017102
    4.155793    0.005136    0.916755    0.014100   -1.092894   -0.078178    0.016743
    4.175686   -0.016605    0.914964    0.014430   -1.092746   -0.101880    0.016374
    4.195579   -0.038336    0.912701    0.014752   -1.092031   -0.125656    0.015994
    4.215472   -0.060048    0.909964    0.015066   -1.090744   -0.149491    0.015604
    4.235365   -0.081728    0.906753    0.015372   -1.088880   -0.173367    0.015204
    4.255257   -0.103366    0.903066    0.015671   -1.086436   -0.197270    0.014794
    4.275150   -0.124949    0.898904    0.015961   -1.083406   -0.221182    0.014374
    4.295043   -0.146466    0.894266    0.016243   -1.079787   -0.245087    0.013945
    4.314936   -0.167905    0.889153    0.016516   -1.075578   -0.268967    0.013507
    4.334829   -0.189255    0.883566    0.016780   -1.070775   -0.292804    0.013059
    4.354722   -0.210503    0.877504    0.017035   -1.065377   -0.316582    0.012602
    4.374614   -0.231637    0.870971    0.017281   -1.059384   -0.340282    0.012137
    4.394507   -0.252647    0.863967    0.017518   -1.052795   -0.363887    0.011664
    4.414400   -0.273520    0.856494    0.017745   -1.045610   -0.387378    0.011182
    4.434293   -0.294243    0.848556    0.017963   -1.037832   -0.410736    0.010693
    4.454186   -0.314806    0.840154    0.018171   -1.029461   -0.433945    0.010196
    4.474079   -0.335197    0.831292    0.018368   -1.020501   -0.456985    0.009693
    4.493971   -0.355404    0.821974    0.018556   -1.010955   -0.479838    0.009182
    4.513864   -0.375415    0.812203    0.018734   -1.000826   -0.502486    0.008665
    4.533757   -0.395219    0.801983    0.018901   -0.990120   -0.524911    0.008143
    4.553650   -0.414804    0.791320    0.019058   -0.978842   -0.547095    0.007614
    4.573543   -0.434159    0.780218    0.019204   -0.966998   -0.569019    0.007080
    4.593435   -0.453273    0.768683    0.019339   -0.954595   -0.590666    0.006542
    4.613328   -0.472134    0.756720    0.019464   -0.941641   -0.612019    0.005999
    4.633221   -0.490733    0.744336    0.019578   -0.928144   -0.633060    0.005451
    4.653114   -0.509058    0.731536    0.019681   -0.914113   -0.653772    0.004900
    4.673007   -0.527098    0.718327    0.019773   -0.899558   -0.674139    0.004346
    4.692900   -0.544844    0.704717    0.019854   -0.884488   -0.694145    0.003789
    4.712792   -0.562285    0.690713    0.019924   -0.868916   -0.713772    0.003229
    4.732685   -0.579411    0.676322    0.019982   -0.852852   -0.733007    0.002668
    4.752578   -0.596213    0.661552    0.020030   -0.836309   -0.751833    0.002105
    4.772471   -0.612681    0.646413    0.020066   -0.819299   -0.770237    0.001541
    4.792364   -0.628806    0.630911    0.020091   -0.801836   -0.788204    0.000976
    4.812257   -0.644579    0.615056    0.020105   -0.783933   -0.805721    0.000411
    4.832149   -0.659992    0.598858    0.020107   -0.765606   -0.822775   -0.000154
    4.852042   -0.675037    0.582325    0.020099   -0.746868   -0.839353   -0.000718
    4.871935   -0.689704    0.565467    0.020079   -0.727736   -0.855444   -0.001282
    4.891828   -0.703988    0.548294    0.020048   -0.708224   -0.871037   -0.001843
    4.911721   -0.717879    0.530815    0.020005   -0.688349   -0.886121   -0.002403
    4.931613   -0.731372    0.513042    0.019952   -0.668127   -0.900687   -0.002961
    4.951506   -0.744459    0.494985    0.019888   -0.647576   -0.914724   -0.003516
    4.971399   -0.757134    0.476653    0.019812   -0.626710   -0.928225   -0.004067
    4.991292   -0.769391    0.458058    0.019726   -0.605549   -0.941183   -0.004615
    5.011185   -0.781224    0.439211    0.019629   -0.584110   -0.953589   -0.005159
    5.031078   -0.792628    0.420123    0.019521   -0.562409   -0.965438   -0.005699
    5.050970   -0.803599    0.400804    0.019402   -0.540466   -0.976723   -0.006234
    5.070863   -0.814130    0.381267    0.019273   -0.518296   -0.987441   -0.006764
    5.090756   -0.824218    0.361522    0.019133   -0.495920   -0.997586   -0.007289
    5.110649   -0.833859    0.341581    0.018983   -0.473353   -1.007156   -0.007808
    5.130542   -0.843049    0.321455    0.018822   -0.450615   -1.016146   -0.008320
    5.150435   -0.851786    0.301157    0.018652   -0.427724   -1.024556   -0.008826
    5.170327   -0.860066    0.280697    0.018471   -0.404696   -1.032383   -0.009326
    5.190220   -0.867886    0.260087    0.018281   -0.381549   -1.039628   -0.009818
    5.210113   -0.875245    0.239338    0.018081   -0.358302   -1.046288   -0.010303
    5.230006   -0.882141    0.218463    0.017871   -0.334972   -1.052366   -0.010780
    5.249899   -0.888572    0.197473    0.017652   -0.311575   -1.057862   -0.011250
    5.269792   -0.894537    0.176379    0.017423   -0.288129   -1.062778   -0.011711
    5.289684   -0.900035    0.155194    0.017186   -0.264651   -1.067116   -0.012164
    5.309577   -0.905066    0.133927    0.016939   -0.241157   -1.070880   -0.012608
    5.329470   -0.909630    0.112592    0.016684   -0.217664   -1.074071   -0.013043
    5.349363   -0.913726    0.091198    0.016421   -0.194186   -1.076696   -0.013469
    5.369256   -0.917356    0.069758    0.016148   -0.170741   -1.078757   -0.013886
    5.389148   -0.920519    0.048283    0.015868   -0.147343   -1.080260   -0.014294
    5.409041   -0.923218    0.026783    0.015580   -0.124007   -1.081210   -0.014692
    5.428934   -0.925454    0.005270    0.015284   -0.100748   -1.081614   -0.015080
    5.448827   -0.927227   -0.016246    0.014980   -0.077580   -1.081477   -0.015459
    5.468720   -0.928541   -0.037754    0.014669   -0.054516   -1.080806   -0.015827
    5.488613   -0.929397   -0.059243    0.014350   -0.031571   -1.079608   -0.016186
    5.508505   -0.929798   -0.080703    0.014025   -0.008756   -1.077891   -0.016534
    5.528398   -0.929746   -0.102124    0.013693    0.013915   -1.075663   -0.016872
    5.548291   -0.929245   -0.123496    0.013354    0.036430   -1.072930   -0.017199
    5.568184   -0.928298   -0.144808    0.013008    0.058778   -1.069703   -0.017517
    5.588077   -0.926908   -0.166051    0.012657    0.080948   -1.065988   -0.017823
    5.607970   -0.925079   -0.187216    0.012299    0.102927   -1.061796   -0.018119
    5.627862   -0.922814   -0.208292    0.011936    0.124707   -1.057135   -0.018405
    5.647755   -0.920119   -0.229272    0.011567    0.146278   -1.052013   -0.018680
    5.667648   -0.916996   -0.250145    0.011193    0.167628   -1.046442   -0.018945
    5.687541   -0.913451   -0.270902    0.010813    0.188751   -1.040430   -0.019199
    5.707434   -0.909488   -0.291536    0.010429    0.209636   -1.033986   -0.019442
    5.727326   -0.905112   -0.312037    0.010040    0.230276   -1.027121   -0.019675
    5.747219   -0.900328   -0.332398    0.009646    0.250662   -1.019845   -0.019897
    5.767112   -0.895141   -0.352610    0.009248    0.270788   -1.012167   -0.020109
    5.787005   -0.889556   -0.372665    0.008846    0.290647   -1.004097   -0.020310
    5.806898   -0.883579   -0.392556    0.008440    0.310231   -0.995645   -0.020501
    5.826791   -0.877215   -0.412275    0.008031    0.329535   -0.986822   -0.020682
    5.846683   -0.870470   -0.431815    0.007618    0.348552   -0.977638   -0.020852
    5.866576   -0.863350   -0.451168    0.007201    0.367278   -0.968101   -0.021012
    5.886469   -0.855860   -0.470329    0.006782    0.385706   -0.958224   -0.021162
    5.906362   -0.848006   -0.489290    0.006359    0.403834   -0.948015   -0.021302
    5.926255   -0.839795   -0.508044    0.005934    0.421655   -0.937485   -0.021432
    5.926255   -0.839801   -0.508041    0.005934    0.470085   -0.903446   -0.020313
    5.929097   -0.838461   -0.510606    0.005877    0.472606   -0.901915   -0.020331
    5.931938   -0.837115   -0.513167    0.005819    0.475122   -0.900378   -0.020348
    5.934780   -0.835761   -0.515724    0.005761    0.477632   -0.898834   -0.020366
    5.937622   -0.834400   -0.518276    0.005703    0.480137   -0.897284   -0.020383
    5.940464   -0.833032   -0.520824    0.005645    0.482636   -0.895726   -0.020400
    5.943306   -0.831657   -0.523367    0.005587    0.485130   -0.894162   -0.020417
    5.946148   -0.830275   -0.525906    0.005529    0.487618   -0.892591   -0.020433
    5.948989   -0.828885   -0.528440    0.005471    0.490100   -0.891014   -0.020450
    5.951831   -0.827489   -0.530970    0.005413    0.492577   -0.889430   -0.020466
    5.954673   -0.826086   -0.533495    0.005355    0.495048   -0.887839   -0.020482
    5.957515   -0.824675   -0.536016    0.005297    0.497514   -0.886241   -0.020498
    5.960357   -0.823258   -0.538532    0.005238    0.499974   -0.884637   -0.020514
    5.963199   -0.821834   -0.541044    0.005180    0.502429   -0.883026   -0.020529
    5.966040   -0.820402   -0.543551    0.005122    0.504878   -0.881409   -0.020545
    5.968882   -0.818964   -0.546054    0.005063    0.507321   -0.879785   -0.020560
    5.971724   -0.817519   -0.548552    0.005005    0.509758   -0.878155   -0.020575
    5.974566   -0.816067   -0.551045    0.004946    0.512190   -0.876518   -0.020590
    5.977408   -0.814608   -0.553534    0.004888    0.514616   -0.874875   -0.020604
    5.980250   -0.813142   -0.556017    0.004829    0.517036   -0.873225   -0.020619
    5.983091   -0.811669   -0.558497    0.004771    0.519451   -0.871569   -0.020633
    5.985933   -0.810190   -0.560971    0.004712    0.521860   -0.869906   -0.020647
    5.988775   -0.808703   -0.563441    0.004653    0.524263   -0.868237   -0.020661
    5.991617   -0.807210   -0.565906    0.004594    0.526660   -0.866562   -0.020675
    5.994459   -0.805710   -0.568366    0.004536    0.529051   -0.864880   -0.020688
    5.997301   -0.804203   -0.570822    0.004477    0.531437   -0.863192   -0.020702
    6.000142   -0.802689   -0.573272    0.004418    0.533816   -0.861497   -0.020715
    6.002984   -0.801169   -0.575718    0.004359    0.536190   -0.859797   -0.020728
    6.005826   -0.799642   -0.578159    0.004300    0.538558   -0.858090   -0.020741
    6.008668   -0.798108   -0.580595    0.004241    0.540921   -0.856377   -0.020753
    6.011510   -0.796567   -0.583026    0.004182    0.543277   -0.854657   -0.020766
    6.014352   -0.795020   -0.585453    0.004123    0.545627   -0.852932   -0.020778
    6.017193   -0.793466   -0.587874    0.004064    0.547972   -0.851200   -0.020790
    6.020035   -0.791906   -0.590291    0.004005    0.550310   -0.849462   -0.020802
    6.022877   -0.790338   -0.592702    0.003946    0.552643   -0.847718   -0.020814
    6.025719   -0.788765   -0.595109    0.003887    0.554969   -0.845968   -0.020825
    6.028561   -0.787184   -0.597510    0.003828    0.557290   -0.844212   -0.020836
    6.031403   -0.785597   -0.599907    0.003768    0.559604   -0.842450   -0.020848
    6.034244   -0.784003   -0.602299    0.003709    0.561913   -0.840682   -0.020859
    6.037086   -0.782403   -0.604685    0.003650    0.564216   -0.838908   -0.020869
    6.039928   -0.780797   -0.607067    0.003590    0.566512   -0.837127   -0.020880
    6.042770   -0.779183   -0.609443    0.003531    0.568803   -0.835341   -0.020891
    6.045612   -0.777564   -0.611814    0.003472    0.571087   -0.833549   -0.020901
    6.048454   -0.775938   -0.614181    0.003412    0.573365   -0.831751   -0.020911
    6.051295   -0.774305   -0.616542    0.003353    0.575638   -0.829947   -0.020921
    6.054137   -0.772666   -0.618898    0.003293    0.577904   -0.828137   -0.020931
    6.056979   -0.771020   -0.621249    0.003234    0.580164   -0.826321   -0.020940
    6.059821   -0.769368   -0.623594    0.003174    0.582418   -0.824500   -0.020950
    6.062663   -0.767710   -0.625935    0.003115    0.584666   -0.822673   -0.020959
    6.065505   -0.766045   -0.628270    0.003055    0.586907   -0.820840   -0.020968
    6.068346   -0.764374   -0.630600    0.002996    0.589143   -0.819001   -0.020977
    6.071188   -0.762697   -0.632925    0.002936    0.591372   -0.817156   -0.020985
    6.074030   -0.761013   -0.635245    0.002876    0.593596   -0.815306   -0.020994
    6.076872   -0.759323   -0.637559    0.002817    0.595813   -0.813450   -0.021002
    6.079714   -0.757627   -0.639868    0.002757    0.598023   -0.811588   -0.021010
    6.082556   -0.755924   -0.642172    0.002697    0.600228   -0.809721   -0.021018
    6.085397   -0.754215   -0.644470    0.002638    0.602426   -0.807848   -0.021026
    6.088239   -0.752500   -0.646763    0.002578    0.604618   -0.805969   -0.021033
    6.091081   -0.750779   -0.649051    0.002518    0.606804   -0.804085   -0.021041
    6.093923   -0.749051   -0.651333    0.002458    0.608984   -0.802195   -0.021048
    6.096765   -0.747318   -0.653610    0.002398    0.611157   -0.800300   -0.021055
    6.099607   -0.745578   -0.655882    0.002339    0.613324   -0.798399   -0.021062
    6.102448   -0.743832   -0.658148    0.002279    0.615485   -0.796493   -0.021069
    6.105290   -0.742080   -0.660409    0.002219    0.617639   -0.794581   -0.021075
    6.108132   -0.740321   -0.662664    0.002159    0.619787   -0.792664   -0.021082
    6.110974   -0.738557   -0.664914    0.002099    0.621929   -0.790741   -0.021088
    6.113816   -0.736786   -0.667159    0.002039    0.624064   -0.788813   -0.021094
    6.116658   -0.735010   -0.669398    0.001979    0.626193   -0.786880   -0.021100
    6.119499   -0.733227   -0.671631    0.001919    0.628316   -0.784941   -0.021105
    6.122341   -0.731439   -0.673859    0.001859    0.630432   -0.782997   -0.021111
    6.125183   -0.729644   -0.676081    0.001799    0.632542   -0.781048   -0.021116
    6.128025   -0.727844   -0.678298    0.001739    0.634646   -0.779093   -0.021121
    6.130867   -0.726037   -0.680509    0.001679    0.636743   -0.777133   -0.021126
    6.133709   -0.724225   -0.682715    0.001619    0.638834   -0.775168   -0.021131
    6.136550   -0.722406   -0.684915    0.001559    0.640918   -0.773197   -0.021135
    6.139392   -0.720582   -0.687110    0.001499    0.642996   -0.771222   -0.021140
    6.142234   -0.718752   -0.689299    0.001439    0.645067   -0.769241   -0.021144
    6.145076   -0.716915   -0.691482    0.001379    0.647132   -0.767255   -0.021148
    6.147918   -0.715074   -0.693659    0.001319    0.649190   -0.765264   -0.021152
    6.150760   -0.713226   -0.695831    0.001258    0.651242   -0.763267   -0.021156
    6.153601   -0.711372   -0.697998    0.001198    0.653288   -0.761266   -0.021159
    6.156443   -0.709513   -0.700158    0.001138    0.655327   -0.759260   -0.021162
    6.159285   -0.707647   -0.702313    0.001078    0.657359   -0.757248   -0.021166
    6.162127   -0.705776   -0.704462    0.001018    0.659385   -0.755232   -0.021169
    6.164969   -0.703900   -0.706605    0.000958    0.661405   -0.753211   -0.021171
    6.167811   -0.702017   -0.708743    0.000898    0.663418   -0.751184   -0.021174
    6.170652   -0.700129   -0.710875    0.000837    0.665424   -0.749153   -0.021177
    6.173494   -0.698235   -0.713001    0.000777    0.667424   -0.747116   -0.021179
    6.176336   -0.696336   -0.715121    0.000717    0.669417   -0.745075   -0.021181
    6.179178   -0.694430   -0.717236    0.000657    0.671404   -0.743029   -0.021183
    6.182020   -0.692520   -0.719344    0.000597    0.673384   -0.740978   -0.021185
    6.184862   -0.690603   -0.721447    0.000536    0.675357   -0.738922   -0.021186
    6.187703   -0.688681   -0.723544    0.000476    0.677324   -0.736862   -0.021188
    6.190545   -0.686754   -0.725635    0.000416    0.679284   -0.734796   -0.021189
    6.193387   -0.684820   -0.727721    0.000356    0.681238   -0.732726   -0.021190
    6.196229   -0.682882   -0.729800    0.000296    0.683185   -0.730651   -0.021191
    6.199071   -0.680937   -0.731873    0.000235    0.685126   -0.728572   -0.021192
    6.201913   -0.678988   -0.733941    0.000175    0.687059   -0.726487   -0.021192
    6.204754   -0.677032   -0.736002    0.000115    0.688986   -0.724398   -0.021193
    6.207596   -0.675072   -0.738058    0.000055    0.690907   -0.722305   -0.021193
    6.207596   -0.675072   -0.738058    0.000055    0.690907   -0.722305   -0.021193

    0.000000   -0.675072   -0.738058    0.000055    0.690907   -0.722305   -0.021193
    6.207596   -0.675072   -0.738058    0.000055    0.694837   -0.727768   -0.014970
    6.249347   -0.645484   -0.767793   -0.000570    0.722274   -0.696484   -0.014959
    6.291097   -0.614781   -0.796202   -0.001194    0.748235   -0.664268   -0.014923
    6.332848   -0.583026   -0.823248   -0.001816    0.772700   -0.631193   -0.014861
    6.374599   -0.550281   -0.848897   -0.002435    0.795651   -0.597332   -0.014775
    6.416349   -0.516610   -0.873116   -0.003049    0.817075   -0.562755   -0.014665
    6.458100   -0.482076   -0.895878   -0.003659    0.836961   -0.527532   -0.014532
    6.499850   -0.446744   -0.917158   -0.004262    0.855302   -0.491734   -0.014375
    6.541601   -0.410679   -0.936932   -0.004859    0.872093   -0.455427   -0.014197
    6.583351   -0.373945   -0.955180   -0.005448    0.887333   -0.418679   -0.013997
    6.625102   -0.336607   -0.971887   -0.006027    0.901023   -0.381555   -0.013775
    6.666853   -0.298730   -0.987036   -0.006598    0.913166   -0.344117   -0.013534
    6.708603   -0.260378   -1.000617   -0.007157    0.923768   -0.306429   -0.013273
    6.750354   -0.221616   -1.012621   -0.007706    0.932838   -0.268551   -0.012994
    6.792104   -0.182506   -1.023040   -0.008242    0.940385   -0.230541   -0.012696
    6.833855   -0.143113   -1.031870   -0.008766    0.946420   -0.192457   -0.012381
    6.875606   -0.103500   -1.039110   -0.009276    0.950958   -0.154354   -0.012049
    6.917356   -0.063728   -1.044759   -0.009771    0.954014   -0.116286   -0.011701
    6.959107   -0.023859   -1.048821   -0.010252    0.955604   -0.078306   -0.011338
    7.000857    0.016046   -1.051300   -0.010718    0.955745   -0.040465   -0.010960
    7.042608    0.055927   -1.052203   -0.011167    0.954458   -0.002810   -0.010568
    7.084358    0.095725   -1.051538   -0.011600    0.951761    0.034610   -0.010163
    7.126109    0.135381   -1.049317   -0.012016    0.947676    0.071749   -0.009746
    7.167860    0.174838   -1.045551   -0.012414    0.942225    0.108563   -0.009316
    7.209610    0.214039   -1.040257   -0.012794    0.935431    0.145008   -0.008876
    7.251361    0.252929   -1.033449   -0.013155    0.927317    0.181044   -0.008425
    7.293111    0.291453   -1.025146   -0.013497    0.917908    0.216629   -0.007964
    7.334862    0.329558   -1.015367   -0.013820    0.907227    0.251725   -0.007494
    7.376612    0.367190   -1.004134   -0.014123    0.895301    0.286294   -0.007016
    7.418363    0.404299   -0.991469   -0.014405    0.882155    0.320299   -0.006530
    7.460114    0.440835   -0.977397   -0.014668    0.867816    0.353706   -0.006037
    7.501864    0.476747   -0.961943   -0.014909    0.852310    0.386479   -0.005537
    7.543615    0.511988   -0.945134   -0.015130    0.835664    0.418586   -0.005031
    7.585365    0.546510   -0.927000   -0.015329    0.817907    0.449995   -0.004520
    7.627116    0.580269   -0.907569   -0.015507    0.799064    0.480673   -0.004005
    7.668867    0.613218   -0.886874   -0.015664    0.779165    0.510592   -0.003485
    7.710617    0.645316   -0.864945   -0.015798    0.758238    0.539722   -0.002962
    7.752368    0.676518   -0.841818   -0.015911    0.736312    0.568034   -0.002436
    7.794118    0.706785   -0.817526   -0.016002    0.713415    0.595500   -0.001907
    7.835869    0.736076   -0.792105   -0.016070    0.689577    0.622094   -0.001378
    7.877619    0.764353   -0.765593   -0.016117    0.664827    0.647789   -0.000847
    7.919370    0.791578   -0.738027   -0.016141    0.639196    0.672559   -0.000315
    7.961121    0.817715   -0.709446   -0.016143    0.612712    0.696380    0.000216
    8.002871    0.842728   -0.679892   -0.016123    0.585407    0.719227    0.000747
    8.044622    0.866586   -0.649404   -0.016081    0.557311    0.741076    0.001276
    8.086372    0.889254   -0.618025   -0.016016    0.528456    0.761905    0.001803
    8.128123    0.910702   -0.585798   -0.015930    0.498872    0.781691    0.002329
    8.169874    0.930901   -0.552768   -0.015822    0.468592    0.800411    0.002851
    8.211624    0.949821   -0.518978   -0.015692    0.437649    0.818044    0.003369
    8.253375    0.967436   -0.484476   -0.015541    0.406074    0.834570    0.003883
    8.295125    0.983720   -0.449307   -0.015368    0.373901    0.849967    0.004393
    8.336876    0.998649   -0.413518   -0.015174    0.341164    0.864216    0.004898
    8.378626    1.012201   -0.377160   -0.014959    0.307897    0.877296    0.005396
    8.420377    1.024352   -0.340280   -0.014724    0.274135    0.889190    0.005888
    8.462128    1.035085   -0.302928   -0.014468    0.239913    0.899878    0.006373
    8.503878    1.044379   -0.265156   -0.014191    0.205268    0.909342    0.006851
    8.545629    1.052219   -0.227014   -0.013896    0.170236    0.917565    0.007320
    8.587379    1.058589   -0.188556   -0.013580    0.134854    0.924531    0.007780
    8.629130    1.063476   -0.149833   -0.013246    0.099162    0.930222    0.008232
    8.670881    1.066866   -0.110899   -0.012893    0.063198    0.934623    0.008673
    8.712631    1.068750   -0.071809   -0.012522    0.027002    0.937719    0.009104
    8.754382    1.069118   -0.032617   -0.012133   -0.009385    0.939496    0.009523
    8.796132    1.067964    0.006622   -0.011727   -0.045921    0.939940    0.009931
    8.837883    1.065282    0.045851   -0.011304   -0.082565    0.939038    0.010327
    8.879633    1.061069    0.085014   -0.010865   -0.119271    0.936779    0.010710
    8.921384    1.055322    0.124054   -0.010410   -0.155996    0.933150    0.011079
    8.963135    1.048043    0.162914   -0.009940   -0.192693    0.928143    0.011434
    9.004885    1.039233    0.201535   -0.009455   -0.229317    0.921747    0.011774
    9.046636    1.028897    0.239861   -0.008957   -0.265819    0.913956    0.012099
    9.088386    1.017039    0.277832   -0.008445   -0.302150    0.904762    0.012408
    9.130137    1.003670    0.315390   -0.007921   -0.338261    0.894161    0.012701
    9.171887    0.988798    0.352476   -0.007385   -0.374099    0.882147    0.012976
    9.213638    0.972437    0.389031   -0.006838   -0.409613    0.868719    0.013233
    9.255389    0.954600    0.424995   -0.006280   -0.444750    0.853875    0.013473
    9.297139    0.935306    0.460311   -0.005713   -0.479455    0.837617    0.013693
    9.338890    0.914572    0.494918   -0.005137   -0.513672    0.819947    0.013893
    9.380640    0.892421    0.528758   -0.004553   -0.547344    0.800871    0.014074
    9.422391    0.868876    0.561772   -0.003962   -0.580415    0.780393    0.014234
    9.464142    0.843965    0.593902   -0.003365   -0.612824    0.758525    0.014373
    9.505892    0.817715    0.625090   -0.002763   -0.644514    0.735277    0.014489
    9.547643    0.790158    0.655279   -0.002156   -0.675422    0.710662    0.014584
    9.589393    0.761328    0.684413   -0.001545   -0.705489    0.684698    0.014656
    9.631144    0.731261    0.712434   -0.000932   -0.734653    0.657404    0.014704
    9.672894    0.699997    0.739289   -0.000318   -0.762850    0.628802    0.014729
    9.714645    0.667577    0.764922    0.000297   -0.790019    0.598917    0.014729
    9.756396    0.634045    0.789281    0.000912   -0.816096    0.567778    0.014705
    9.798146    0.599448    0.812315    0.001525   -0.841018    0.535417    0.014656
    9.839897    0.563836    0.833973    0.002135   -0.864722    0.501869    0.014581
    9.881647    0.527261    0.854206    0.002742   -0.887145    0.467172    0.014481
    9.923398    0.489777    0.872967    0.003344   -0.908226    0.431370    0.014354
    9.965149    0.451442    0.890211    0.003940   -0.927902    0.394509    0.014202
   10.006899    0.412316    0.905895    0.004530   -0.946112    0.356638    0.014024
   10.048650    0.372462    0.919977    0.005111   -0.962798    0.317813    0.013819
   10.090400    0.331944    0.932420    0.005683   -0.977902    0.278091    0.013587
   10.132151    0.290829    0.943187    0.006245   -0.991367    0.237535    0.013329
   10.173901    0.249187    0.952244    0.006796   -1.003139    0.196210    0.013045
   10.215652    0.207090    0.959561    0.007334   -1.013167    0.154188    0.012734
   10.257403    0.164611    0.965110    0.007859   -1.021402    0.111541    0.012398
   10.299153    0.121827    0.968867    0.008369   -1.027798    0.068349    0.012035
   10.340904    0.078815    0.970811    0.008863   -1.032312    0.024694    0.011647
   10.340904    0.078816    0.970811    0.008863   -1.000328    0.063986    0.011835
   10.346868    0.072849    0.971174    0.008934   -1.000818    0.057718    0.011777
   10.352833    0.066878    0.971500    0.009004   -1.001269    0.051446    0.011719
   10.358797    0.060905    0.971788    0.009074   -1.001682    0.045170    0.011661
   10.364761    0.054929    0.972038    0.009143   -1.002056    0.038890    0.011602
   10.370726    0.048952    0.972252    0.009212   -1.002392    0.032607    0.011543
   10.376690    0.042972    0.972427    0.009281   -1.002689    0.026321    0.011483
   10.382654    0.036991    0.972566    0.009349   -1.002947    0.020031    0.011423
   10.388619    0.031008    0.972666    0.009417   -1.003167    0.013738    0.011362
   10.394583    0.025024    0.972729    0.009484   -1.003349    0.007443    0.011301
   10.400548    0.019040    0.972755    0.009552   -1.003491    0.001146    0.011239
   10.406512    0.013054    0.972743    0.009619   -1.003595   -0.005154    0.011177
   10.412476    0.007068    0.972694    0.009685   -1.003660   -0.011455    0.011115
   10.418441    0.001082    0.972606    0.009751   -1.003687   -0.017759    0.011052
   10.424405   -0.004905    0.972482    0.009817   -1.003674   -0.024064    0.010988
   10.430369   -0.010891    0.972319    0.009882   -1.003623   -0.030370    0.010924
   10.436334   -0.016877    0.972119    0.009947   -1.003533   -0.036677    0.010860
   10.442298   -0.022862    0.971882    0.010012   -1.003404   -0.042985    0.010795
   10.448262   -0.028846    0.971607    0.010076   -1.003236   -0.049293    0.010730
   10.454227   -0.034829    0.971294    0.010140   -1.003030   -0.055602    0.010664
   10.460191   -0.040811    0.970943    0.010203   -1.002784   -0.061911    0.010598
   10.466156   -0.046791    0.970555    0.010266   -1.002499   -0.068220    0.010532
   10.472120   -0.052769    0.970130    0.010329   -1.002176   -0.074528    0.010465
   10.478084   -0.058745    0.969666    0.010391   -1.001813   -0.080836    0.010398
   10.484049   -0.064719    0.969165    0.010453   -1.001411   -0.087143    0.010330
   10.490013   -0.070691    0.968627    0.010514   -1.000971   -0.093449    0.010262
   10.495977   -0.076660    0.968051    0.010575   -1.000491   -0.099754    0.010193
   10.501942   -0.082625    0.967437    0.010636   -0.999972   -0.106057    0.010124
   10.507906   -0.088588    0.966786    0.010696   -0.999414   -0.112359    0.010054
   10.513871   -0.094547    0.966097    0.010756   -0.998818   -0.118658    0.009984
   10.519835   -0.100503    0.965370    0.010815   -0.998182   -0.124956    0.009914
   10.525799   -0.106454    0.964606    0.010874   -0.997507   -0.131251    0.009843
   10.531764   -0.112401    0.963804    0.010933   -0.996792   -0.137543    0.009772
   10.537728   -0.118345    0.962965    0.010991   -0.996039   -0.143832    0.009701
   10.543692   -0.124283    0.962089    0.011048   -0.995247   -0.150118    0.009629
   10.549657   -0.130216    0.961175    0.011105   -0.994416   -0.156401    0.009556
   10.555621   -0.136145    0.960223    0.011162   -0.993545   -0.162680    0.009483
   10.561586   -0.142068    0.959234    0.011219   -0.992636   -0.168955    0.009410
   10.567550   -0.147986    0.958208    0.011274   -0.991687   -0.175226    0.009337
   10.573514   -0.153898    0.957144    0.011330   -0.990699   -0.181493    0.009263
   10.579479   -0.159804    0.956043    0.011385   -0.989672   -0.187756    0.009188
   10.585443   -0.165703    0.954904    0.011440   -0.988606   -0.194013    0.009114
   10.591407   -0.171596    0.953728    0.011494   -0.987502   -0.200265    0.009039
   10.597372   -0.177483    0.952515    0.011547   -0.986358   -0.206513    0.008963
   10.603336   -0.183362    0.951265    0.011601   -0.985174   -0.212754    0.008887
   10.609301   -0.189235    0.949977    0.011653   -0.983952   -0.218990    0.008811
   10.615265   -0.195099    0.948653    0.011706   -0.982691   -0.225220    0.008734
   10.621229   -0.200957    0.947291    0.011758   -0.981391   -0.231444    0.008657
   10.627194   -0.206806    0.945892    0.011809   -0.980052   -0.237661    0.008580
   10.633158   -0.212647    0.944456    0.011860   -0.978674   -0.243872    0.008502
   10.639122   -0.218480    0.942983    0.011910   -0.977257   -0.250075    0.008424
   10.645087   -0.224305    0.941473    0.011960   -0.975801   -0.256272    0.008345
   10.651051   -0.230120    0.939926    0.012010   -0.974306   -0.262461    0.008267
   10.657016   -0.235927    0.938342    0.012059   -0.972772   -0.268642    0.008187
   10.662980   -0.241724    0.936721    0.012108   -0.971200   -0.274815    0.008108
   10.668944   -0.247512    0.935064    0.012156   -0.969588   -0.280981    0.008028
   10.674909   -0.253290    0.933369    0.012203   -0.967938   -0.287138    0.007948
   10.680873   -0.259058    0.931639    0.012251   -0.966249   -0.293286    0.007867
   10.686837   -0.264816    0.929871    0.012297   -0.964521   -0.299426    0.007786
   10.692802   -0.270564    0.928067    0.012343   -0.962755   -0.305556    0.007705
   10.698766   -0.276301    0.926226    0.012389   -0.960949   -0.311677    0.007623
   10.704731   -0.282027    0.924349    0.012434   -0.959106   -0.317788    0.007541
   10.710695   -0.287741    0.922435    0.012479   -0.957223   -0.323890    0.007459
   10.716659   -0.293445    0.920485    0.012523   -0.955302   -0.329982    0.007376
   10.722624   -0.299137    0.918499    0.012567   -0.953342   -0.336063    0.007293
   10.728588   -0.304817    0.916477    0.012610   -0.951344   -0.342134    0.007210
   10.734552   -0.310485    0.914418    0.012653   -0.949308   -0.348194    0.007126
   10.740517   -0.316141    0.912323    0.012695   -0.947233   -0.354243    0.007042
   10.746481   -0.321784    0.910192    0.012737   -0.945119   -0.360281    0.006958
   10.752446   -0.327415    0.908025    0.012778   -0.942968   -0.366307    0.006874
   10.758410   -0.333033    0.905823    0.012819   -0.940778   -0.372321    0.006789
   10.764374   -0.338637    0.903584    0.012859   -0.938550   -0.378324    0.006703
   10.770339   -0.344228    0.901310    0.012899   -0.936283   -0.384314    0.006618
   10.776303   -0.349806    0.899000    0.012938   -0.933979   -0.390292    0.006532
   10.782267   -0.355370    0.896654    0.012977   -0.931636   -0.396257    0.006446
   10.788232   -0.360919    0.894273    0.013015   -0.929255   -0.402209    0.006360
   10.794196   -0.366454    0.891856    0.013053   -0.926837   -0.408149    0.006273
   10.800160   -0.371975    0.889404    0.013090   -0.924380   -0.414074    0.006186
   10.806125   -0.377481    0.886917    0.013127   -0.921886   -0.419986    0.006099
   10.812089   -0.382972    0.884394    0.013163   -0.919354   -0.425884    0.006011
   10.818054   -0.388448    0.881837    0.013198   -0.916784   -0.431768    0.005923
   10.824018   -0.393908    0.879244    0.013233   -0.914176   -0.437638    0.005835
   10.829982   -0.399353    0.876616    0.013268   -0.911531   -0.443493    0.005747
   10.835947   -0.404781    0.873954    0.013302   -0.908849   -0.449333    0.005658
   10.841911   -0.410194    0.871256    0.013335   -0.906129   -0.455158    0.005569
   10.847875   -0.415590    0.868524    0.013368   -0.903371   -0.460967    0.005480
   10.853840   -0.420970    0.865758    0.013401   -0.900576   -0.466761    0.005391
   10.859804   -0.426333    0.862956    0.013433   -0.897744   -0.472539    0.005301
   10.865769   -0.431679    0.860121    0.013464   -0.894875   -0.478302    0.005211
   10.871733   -0.437007    0.857251    0.013495   -0.891968   -0.484047    0.005121
   10.877697   -0.442319    0.854347    0.013525   -0.889025   -0.489777    0.005031
   10.883662   -0.447612    0.851408    0.013555   -0.886045   -0.495489    0.004940
   10.889626   -0.452888    0.848436    0.013584   -0.883027   -0.501185    0.004849
   10.895590   -0.458146    0.845430    0.013613   -0.879973   -0.506863    0.004758
   10.901555   -0.463385    0.842390    0.013641   -0.876883   -0.512524    0.004666
   10.907519   -0.468606    0.839316    0.013668   -0.873755   -0.518167    0.004575
   10.913484   -0.473808    0.836209    0.013695   -0.870592   -0.523792    0.004483
   10.919448   -0.478991    0.833068    0.013722   -0.867391   -0.529398    0.004391
   10.925412   -0.484155    0.829894    0.013748   -0.864155   -0.534987    0.004298
   10.931377   -0.489299    0.826686    0.013773   -0.860882   -0.540556    0.004206
   10.931377   -0.489299    0.826686    0.013773   -0.860882   -0.540556    0.004206

    0.000000   -0.489299    0.826686    0.013773   -0.860882   -0.540556    0.004206
   10.931377   -0.489299    0.826686    0.013773   -0.860882   -0.540556    0.004206
   10.978066   -0.528874    0.800441    0.013952   -0.834020   -0.583483    0.003474
   11.024755   -0.567145    0.772222    0.014097   -0.804989   -0.625137    0.002731
   11.071444   -0.604010    0.742089    0.014207   -0.773845   -0.665405    0.001979
   11.118134   -0.639373    0.710110    0.014282   -0.740646   -0.704178    0.001218
   11.164823   -0.673139    0.676359    0.014321   -0.705459   -0.741346    0.000451
   11.211512   -0.705218    0.640911    0.014324   -0.668356   -0.776804   -0.000320
   11.258201   -0.735521    0.603850    0.014291   -0.629415   -0.810447   -0.001093
   11.304890   -0.763964    0.565263    0.014222   -0.588720   -0.842175   -0.001867
   11.351580   -0.790469    0.525240    0.014117   -0.546361   -0.871891   -0.002639
   11.398269   -0.814958    0.483880    0.013976   -0.502434   -0.899500   -0.003408
   11.444958   -0.837362    0.441281    0.013799   -0.457042   -0.924915   -0.004171
   11.491647   -0.857615    0.397548    0.013586   -0.410293   -0.948050   -0.004926
   11.538337   -0.875656    0.352790    0.013339   -0.362299   -0.968826   -0.005672
   11.585026   -0.891428    0.307118    0.013057   -0.313179   -0.987169   -0.006405
   11.631715   -0.904884    0.260649    0.012741   -0.263056   -1.003010   -0.007125
   11.678404   -0.915979    0.213499    0.012392   -0.212060   -1.016288   -0.007829
   11.725093   -0.924674    0.165790    0.012010   -0.160324   -1.026949   -0.008515
   11.771783   -0.930940    0.117645    0.011597   -0.107983   -1.034942   -0.009181
   11.818472   -0.934750    0.069191    0.011153   -0.055179   -1.040230   -0.009825
   11.865161   -0.936088    0.020553    0.010680   -0.002056   -1.042777   -0.010445
   11.911850   -0.934940   -0.028139    0.010178    0.051238   -1.042560   -0.011039
   11.958540   -0.931303   -0.076756    0.009650    0.104556   -1.039563   -0.011605
   12.005229   -0.925179   -0.125168    0.009095    0.157746   -1.033777   -0.012142
   12.051918   -0.916577   -0.173245    0.008516    0.210655   -1.025204   -0.012648
   12.098607   -0.905515   -0.220857    0.007915    0.263130   -1.013853   -0.013121
   12.145296   -0.892015   -0.267874    0.007291    0.315019   -0.999744   -0.013560
   12.191986   -0.876110   -0.314169    0.006649    0.366169   -0.982906   -0.013964
   12.238675   -0.857837   -0.359615    0.005988    0.416428   -0.963376   -0.014330
   12.285364   -0.837241   -0.404087    0.005311    0.465647   -0.941200   -0.014658
   12.332053   -0.814374   -0.447462    0.004620    0.513679   -0.916435   -0.014947
   12.378743   -0.789295   -0.489623    0.003916    0.560379   -0.889146   -0.015195
   12.425432   -0.762070   -0.530451    0.003202    0.605608   -0.859406   -0.015403
   12.472121   -0.732769   -0.569836    0.002479    0.649229   -0.827298   -0.015569
   12.518810   -0.701473   -0.607668    0.001749    0.691112   -0.792913   -0.015692
   12.565499   -0.668264   -0.643843    0.001014    0.731130   -0.756348   -0.015773
   12.612189   -0.633232   -0.678262    0.000276    0.769165   -0.717711   -0.015811
   12.658878   -0.596473   -0.710831   -0.000462    0.805103   -0.677115   -0.015805
   12.705567   -0.558087   -0.741461   -0.001199    0.838840   -0.634679   -0.015757
   12.752256   -0.518179   -0.770070   -0.001932    0.870276   -0.590530   -0.015665
   12.798945   -0.476859   -0.796579   -0.002661    0.899321   -0.544799   -0.015531
   12.845635   -0.434240   -0.820920   -0.003382    0.925894   -0.497624   -0.015355
   12.892324   -0.390440   -0.843026   -0.004094    0.949921   -0.449145   -0.015137
   12.939013   -0.345579   -0.862842   -0.004795    0.971338   -0.399508   -0.014878
   12.985702   -0.299779   -0.880316   -0.005483    0.990089   -0.348861   -0.014580
   13.032392   -0.253168   -0.895405   -0.006156    1.006129   -0.297354   -0.014242
   13.079081   -0.205872   -0.908072   -0.006812    1.019419   -0.245140   -0.013867
   13.125770   -0.158019   -0.918287   -0.007450    1.029933   -0.192374   -0.013455
   13.172459   -0.109741   -0.926029   -0.008068    1.037652   -0.139209   -0.013007
   13.219148   -0.061169   -0.931282   -0.008664    1.042568   -0.085799   -0.012526
   13.265838   -0.012432   -0.934039   -0.009237    1.044679   -0.032299   -0.012013
   13.312527    0.036338   -0.934299   -0.009785    1.043996    0.021139   -0.011469
   13.359216    0.085012   -0.932069   -0.010308    1.040536    0.074364   -0.010896
   13.405905    0.133459   -0.927361   -0.010802    1.034326    0.127229   -0.010296
   13.452595    0.181553   -0.920196   -0.011268    1.025399    0.179587   -0.009670
   13.499284    0.229168   -0.910601   -0.011705    1.013799    0.231297   -0.009021
   13.545973    0.276179   -0.898610   -0.012111    0.999576    0.282221   -0.008351
   13.592662    0.322467   -0.884262   -0.012484    0.982787    0.332225   -0.007661
   13.639351    0.367912   -0.867604   -0.012826    0.963496    0.381178   -0.006954
   13.686041    0.412399   -0.848687   -0.013134    0.941774    0.428958   -0.006231
   13.732730    0.455816   -0.827569   -0.013407    0.917698    0.475444   -0.005495
   13.779419    0.498056   -0.804313   -0.013646    0.891349    0.520523   -0.004748
   13.826108    0.539015   -0.778987   -0.013851    0.862815    0.564087   -0.003991
   13.872798    0.578592   -0.751664   -0.014019    0.832189    0.606034   -0.003228
   13.919487    0.616692   -0.722423   -0.014152    0.799566    0.646268   -0.002459
   13.966176    0.653225   -0.691345   -0.014249    0.765047    0.684698   -0.001687
   14.012865    0.688103   -0.658516   -0.014309    0.728736    0.721242   -0.000914
   14.059554    0.721247   -0.624027   -0.014334    0.690738    0.755821   -0.000141
   14.106244    0.752579   -0.587970   -0.014323    0.651165    0.788365    0.000628
   14.152933    0.782029   -0.550443   -0.014275    0.610127    0.818810    0.001393
   14.199622    0.809531   -0.511545   -0.014193    0.567737    0.847096    0.002151
   14.246311    0.835024   -0.471377   -0.014075    0.524112    0.873171    0.002901
   14.293001    0.858454   -0.430045   -0.013922    0.479366    0.896990    0.003641
   14.339690    0.879771   -0.387653   -0.013735    0.433616    0.918512    0.004369
   14.386379    0.898931   -0.344312   -0.013514    0.386981    0.937704    0.005083
   14.433068    0.915895   -0.300129   -0.013260    0.339578    0.954538    0.005782
   14.479757    0.930630   -0.255215   -0.012974    0.291524    0.968991    0.006465
   14.526447    0.943108   -0.209683   -0.012657    0.242937    0.981047    0.007130
   14.573136    0.953308   -0.163644   -0.012309    0.193933    0.990694    0.007775
   14.619825    0.961213   -0.117211   -0.011931    0.144629    0.997928    0.008399
   14.666514    0.966811   -0.070497   -0.011525    0.095140    1.002746    0.009001
   14.713203    0.970096   -0.023614   -0.011091    0.045580    1.005155    0.009580
   14.759893    0.971068    0.023325   -0.010631   -0.003939    1.005163    0.010134
   14.806582    0.969730    0.070209   -0.010145   -0.053305    1.002784    0.010663
   14.853271    0.966094    0.116927   -0.009636   -0.102410    0.998038    0.011164
   14.899960    0.960173    0.163368   -0.009103   -0.151144    0.990947    0.011638
   14.946650    0.951988    0.209424   -0.008549   -0.199403    0.981539    0.012084
   14.993339    0.941562    0.254987   -0.007975   -0.247083    0.969846    0.012500
   15.040028    0.928926    0.299952   -0.007382   -0.294081    0.955903    0.012886
   15.086717    0.914114    0.344214   -0.006772   -0.340297    0.939750    0.013241
   15.133406    0.897163    0.387670   -0.006147   -0.385635    0.921430    0.013564
   15.180096    0.878119    0.430222   -0.005506   -0.430000    0.900991    0.013856
   15.226785    0.857027    0.471771   -0.004853   -0.473298    0.878484    0.014114
   15.273474    0.833941    0.512222   -0.004189   -0.515440    0.853961    0.014339
   15.320163    0.808916    0.551482   -0.003515   -0.556338    0.827481    0.014531
   15.366853    0.782012    0.589462   -0.002833   -0.595907    0.799104    0.014689
   15.413542    0.753293    0.626073   -0.002144   -0.634065    0.768894    0.014813
   15.460231    0.722827    0.661232   -0.001450   -0.670732    0.736917    0.014902
   15.506920    0.690685    0.694859   -0.000753   -0.705831    0.703244    0.014957
   15.553609    0.656943    0.726875   -0.000054   -0.739289    0.667946    0.014977
   15.553609    0.656946    0.726873   -0.000054   -0.762508    0.670837   -0.000042
   15.584437    0.633111    0.747182   -0.000055   -0.783666    0.646661   -0.000040
   15.615264    0.608637    0.766736   -0.000056   -0.804057    0.621801   -0.000038
   15.646092    0.583545    0.785512   -0.000057   -0.823658    0.596279   -0.000036
   15.676919    0.557863    0.803493   -0.000059   -0.842447    0.570123   -0.000034
   15.707746    0.531613    0.820657   -0.000060   -0.860401    0.543357   -0.000032
   15.738574    0.504824    0.836987   -0.000061   -0.877500    0.516009   -0.000030
   15.769401    0.477520    0.852466   -0.000061   -0.893724    0.488107   -0.000028
   15.800229    0.449730    0.867076   -0.000062   -0.909054    0.459678   -0.000026
   15.831056    0.421482    0.880802   -0.000063   -0.923472    0.430751   -0.000024
   15.861883    0.392803    0.893629   -0.000064   -0.936961    0.401358   -0.000022
   15.892711    0.363724    0.905543   -0.000064   -0.949504    0.371527   -0.000020
   15.923538    0.334272    0.916531   -0.000065   -0.961087    0.341290   -0.000018
   15.954365    0.304478    0.926581   -0.000065   -0.971695    0.310680   -0.000016
   15.985193    0.274372    0.935683   -0.000066   -0.981316    0.279727   -0.000013
   16.016020    0.243985    0.943825   -0.000066   -0.989938    0.248464   -0.000011
   16.046848    0.213348    0.950999   -0.000067   -0.997550    0.216926   -0.000009
   16.077675    0.182492    0.957197   -0.000067   -1.004143    0.185144   -0.000007
   16.108502    0.151449    0.962412   -0.000067   -1.009708    0.153154   -0.000005
   16.139330    0.120250    0.966638   -0.000067   -1.014238    0.120989   -0.000002
   16.170157    0.088927    0.969870   -0.000067   -1.017728    0.088684   -0.000000
   16.200984    0.057513    0.972104   -0.000067   -1.020172    0.056274    0.000002
   16.231812    0.026039    0.973339   -0.000067   -1.021567    0.023793    0.000004
   16.262639   -0.005461    0.973571   -0.000067   -1.021910   -0.008724    0.000007
   16.293467   -0.036956    0.972801   -0.000067   -1.021202   -0.041240    0.000009
   16.324294   -0.068412    0.971029   -0.000066   -1.019441   -0.073722    0.000011
   16.355121   -0.099798    0.968256   -0.000066   -1.016630   -0.106133    0.000013
   16.385949   -0.131082    0.964486   -0.000066   -1.012771   -0.138440    0.000016
   16.416776   -0.162230    0.959722   -0.000065   -1.007867   -0.170606    0.000018
   16.447604   -0.193211    0.953969   -0.000064   -1.001925   -0.202597    0.000020
   16.478431   -0.223993    0.947233   -0.000064   -0.994951   -0.234378    0.000022
   16.509258   -0.254544    0.939521   -0.000063   -0.986953   -0.265915    0.000024
   16.540086   -0.284833    0.930841   -0.000062   -0.977938   -0.297174    0.000026
   16.570913   -0.314828    0.921202   -0.000061   -0.967918   -0.328121    0.000028
   16.601740   -0.344499    0.910615   -0.000061   -0.956904   -0.358722    0.000030
   16.632568   -0.373816    0.899089   -0.000060   -0.944907   -0.388945    0.000032
   16.663395   -0.402747    0.886638   -0.000059   -0.931943   -0.418758    0.000034
   16.694223   -0.431264    0.873275   -0.000057   -0.918025   -0.448128    0.000036
   16.725050   -0.459338    0.859014   -0.000056   -0.903169   -0.477024    0.000038
   16.755877   -0.486940    0.843870   -0.000055   -0.887392   -0.505416    0.000040
   16.786705   -0.514041    0.827858   -0.000054   -0.870712   -0.533273    0.000042
   16.817532   -0.540614    0.810997   -0.000053   -0.853148   -0.560566    0.000044
   16.848360   -0.566633    0.793303   -0.000051   -0.834720   -0.587266    0.000045
   16.879187   -0.592070    0.774795   -0.000050   -0.815449   -0.613346    0.000047
   16.910014   -0.616900    0.755494   -0.000048   -0.795357   -0.638778    0.000049
   16.940842   -0.641099    0.735419   -0.000047   -0.774467   -0.663536    0.000050
   16.971669   -0.664642    0.714591   -0.000045   -0.752802   -0.687595    0.000052
   17.002496   -0.687505    0.693032   -0.000044   -0.730386   -0.710931    0.000053
   17.033324   -0.709666    0.670766   -0.000042   -0.707245   -0.733519    0.000055
   17.064151   -0.731103    0.647815   -0.000040   -0.683405   -0.755337    0.000056
   17.094979   -0.751795    0.624204   -0.000038   -0.658892   -0.776364    0.000057
   17.125806   -0.771720    0.599957   -0.000037   -0.633734   -0.796579    0.000059
   17.156633   -0.790861    0.575100   -0.000035   -0.607959   -0.815962    0.000060
   17.187461   -0.809198    0.549658   -0.000033   -0.581595   -0.834495    0.000061
   17.218288   -0.826713    0.523658   -0.000031   -0.554672   -0.852159    0.000062
   17.249116   -0.843391    0.497127   -0.000029   -0.527218   -0.868939    0.000063
   17.279943   -0.859214    0.470093   -0.000027   -0.499265   -0.884819    0.000064
   17.310770   -0.874168    0.442583   -0.000025   -0.470841   -0.899785    0.000065
   17.341598   -0.888239    0.414627   -0.000023   -0.441979   -0.913823    0.000065
   17.372425   -0.901414    0.386252   -0.000021   -0.412710   -0.926922    0.000066
   17.403252   -0.913681    0.357487   -0.000019   -0.383064   -0.939069    0.000067
   17.434080   -0.925028    0.328363   -0.000017   -0.353074   -0.950256    0.000067
   17.464907   -0.935446    0.298909   -0.000015   -0.322771   -0.960473    0.000068
   17.495735   -0.944926    0.269156   -0.000013   -0.292188   -0.969712    0.000068
   17.526562   -0.953458    0.239132   -0.000011   -0.261356   -0.977968    0.000069
   17.557389   -0.961037    0.208869   -0.000009   -0.230308   -0.985233    0.000069
   17.588217   -0.967656    0.178398   -0.000007   -0.199076   -0.991504    0.000069
   17.619044   -0.973310    0.147749   -0.000004   -0.167693   -0.996778    0.000070
   17.649872   -0.977994    0.116952   -0.000002   -0.136191   -1.001051    0.000070
   17.680699   -0.981706    0.086039   -0.000000   -0.104602   -1.004324    0.000070
   17.711526   -0.984442    0.055041    0.000002   -0.072958   -1.006594    0.000070
   17.742354   -0.986203    0.023988    0.000004   -0.041291   -1.007864    0.000070
   17.773181   -0.986988   -0.007088    0.000006   -0.009633   -1.008136    0.000069
   17.804008   -0.986798   -0.038158    0.000008    0.021985   -1.007411    0.000069
   17.834836   -0.985634   -0.069190    0.000011    0.053531   -1.005694    0.000069
   17.865663   -0.983498   -0.100153    0.000013    0.084974   -1.002990    0.000068
   17.896491   -0.980396   -0.131019    0.000015    0.116283   -0.999305    0.000068
   17.927318   -0.976331   -0.161755    0.000017    0.147428   -0.994645    0.000067
   17.958145   -0.971308   -0.192333    0.000019    0.178379   -0.989018    0.000067
   17.988973   -0.965335   -0.222723    0.000021    0.209106   -0.982433    0.000066
   18.019800   -0.958419   -0.252895    0.000023    0.239579   -0.974899    0.000066
   18.050628   -0.950567   -0.282821    0.000025    0.269771   -0.966427    0.000065
   18.081455   -0.941789   -0.312471    0.000027    0.299652   -0.957027    0.000064
   18.112282   -0.932095   -0.341817    0.000029    0.329195   -0.946712    0.000063
   18.143110   -0.921496   -0.370831    0.000031    0.358371   -0.935494    0.000062
   18.173937   -0.910004   -0.399485    0.000033    0.387156   -0.923388    0.000061
   18.204764   -0.897631   -0.427753    0.000035    0.415520   -0.910407    0.000060
   18.235592   -0.884390   -0.455607    0.000037    0.443441   -0.896567    0.000059
   18.266419   -0.870295   -0.483022    0.000038    0.470890   -0.881884    0.000058
   18.297247   -0.855362   -0.509971    0.000040    0.497846   -0.866373    0.000057
   18.328074   -0.839606   -0.536430    0.000042    0.524282   -0.850053    0.000055
   18.358901   -0.823043   -0.562373    0.000044    0.550176 