 0  1.11195e-07 3.11865e-08 5.53178e-09 1.56511e-07 6.22253e-08 1.51871e-07
 0  1.11195e-07 3.11865e-08 5.53178e-09 1.56511e-07 6.22253e-08 1.51871e-07

 1  2.42238e-07 9.61445e-08 4.93632e-08 6.78538e-08 1.91616e-07 1.07769e-07
 1  2.42238e-07 9.61445e-08 4.93632e-08 7.84048e-08 2.05221e-07 9.44436e-08

 2  1.40420e-07 1.02837e-07 1.15463e-07 1.15628e-07 1.08978e-07 2.02251e-08
 2  1.40420e-07 1.02837e-07 1.15463e-07 1.15628e-07 1.08978e-07 2.02251e-08

  1.77045e-07 1.13380e-07 6.82946e-08
  1.64269e-07 7.44187e-08 6.14405e-09

 0      0.0061543462	      0.0000000000	      0.0061543462	
 1      0.0506602523	      0.0000356515	      0.0507593323	
 2      0.0000000000	      0.0000000000	      0.0000000000	

F_Leg = 0.0569136785
DV_Leg = 1.6875461074 (km/s)
ToF_Leg (actual) = 4.7237805032
ToF_Leg (design) = 4.7237805054
