 0  0.00000e+00 0.00000e+00 0.00000e+00 0.00000e+00 0.00000e+00 0.00000e+00
 0  0.00000e+00 0.00000e+00 0.00000e+00 0.00000e+00 0.00000e+00 0.00000e+00

 1  1.23260e-32 1.23260e-32 7.34684e-40 0.00000e+00 1.23260e-32 0.00000e+00
 1  1.23260e-32 1.23260e-32 7.34684e-40 0.00000e+00 1.23260e-32 0.00000e+00

 2  1.28395e-32 4.62223e-32 5.01544e-37 0.00000e+00 5.44396e-32 1.12847e-35
 2  1.28395e-32 4.62223e-32 5.01544e-37 0.00000e+00 5.44396e-32 1.12847e-35

  9.37493e-33 4.96870e-32 4.10378e-37
  0.00000e+00 5.44425e-32 8.44419e-36

 0      0.0617935823	      0.0000000000	      0.0617935823	
 1      0.0616182298	      0.0000000000	      0.0616182298	
 2      0.0000000000	      0.0000000000	      0.0000000000	

FLeg = 0.1234118120
ToF_Leg (actual) = 3.9517711900
ToF_Leg (design) = 3.9568650752
