 0  3.59507e-33 1.19151e-31 1.55479e-35 7.39557e-32 1.28395e-33 6.21915e-35
 0  3.59507e-33 1.19151e-31 1.55479e-35 7.39557e-32 1.28395e-33 6.21915e-35

 1  3.16058e-30 1.35483e-30 2.43769e-33 5.82093e-30 2.20840e-31 1.47354e-33
 1  3.16058e-30 1.35483e-30 2.43769e-33 5.82093e-30 2.20840e-31 1.47354e-33

 2  6.24104e-30 8.98767e-31 3.28066e-33 6.02123e-30 1.65579e-30 8.23536e-34
 2  6.24104e-30 8.98767e-31 3.28066e-33 6.02123e-30 1.65579e-30 8.23536e-34

  6.98718e-30 1.55887e-31 1.67793e-35
  7.61115e-30 6.65519e-32 1.38777e-34

 0      0.0000000000	      0.0000000000	      0.0000000000	
 1      0.0286729835	      0.0000000000	      0.0286729835	
 2      0.0000000000	      0.0000000000	      0.0000000000	

FLeg = 0.0286729835
ToF_Leg (actual) = 2.2507297214
ToF_Leg (design) = 2.2507311325
