
    0.000000   -0.263855   -0.735807    0.125505    1.087448   -0.560537   -0.158195
    0.054849   -0.203477   -0.764313    0.116460    1.112936   -0.478778   -0.171386
    0.109698   -0.141900   -0.788323    0.106729    1.131209   -0.396719   -0.183186
    0.164548   -0.079512   -0.807841    0.096390    1.142546   -0.315131   -0.193572
    0.219397   -0.016685   -0.822913    0.085521    1.147310   -0.234696   -0.202548
    0.274246    0.046233   -0.833619    0.074197    1.145925   -0.156007   -0.210139
    0.329095    0.108917   -0.840068    0.062493    1.138857   -0.079557   -0.216387
    0.383944    0.171069   -0.842395    0.050483    1.126593   -0.005751   -0.221346
    0.438793    0.232417   -0.840753    0.038234    1.109628    0.065095   -0.225084
    0.493643    0.292716   -0.835313    0.025813    1.088451    0.132743   -0.227672
    0.548492    0.351750   -0.826253    0.013279    1.063535    0.197025   -0.229188
    0.603341    0.409324   -0.813763    0.000689    1.035331    0.257836   -0.229709
    0.658190    0.465271   -0.798033   -0.011903    1.004263    0.315121   -0.229314
    0.713039    0.519445   -0.779259   -0.024451    0.970725    0.368867   -0.228078
    0.767888    0.571720   -0.757634   -0.036909    0.935076    0.419099   -0.226076
    0.822738    0.621989   -0.733348   -0.049238    0.897647    0.465868   -0.223377
    0.877587    0.670163   -0.706591   -0.061402    0.858735    0.509247   -0.220046
    0.932436    0.716168   -0.677545   -0.073367    0.818606    0.549327   -0.216147
    0.987285    0.759945   -0.646389   -0.085103    0.777500    0.586207   -0.211735
    1.042134    0.801445   -0.613295   -0.096585    0.735629    0.619999   -0.206864
    1.096983    0.840632   -0.578430   -0.107788    0.693181    0.650815   -0.201582
    1.151833    0.877478   -0.541954   -0.118692    0.650322    0.678772   -0.195933
    1.206682    0.911966   -0.504020   -0.129276    0.607197    0.703988   -0.189958
    1.261531    0.944084   -0.464776   -0.139524    0.563934    0.726577   -0.183693
    1.316380    0.973828   -0.424362   -0.149422    0.520645    0.746652   -0.177172
    1.371229    1.001199   -0.382914   -0.158956    0.477426    0.764323   -0.170424
    1.426078    1.026204   -0.340559   -0.168114    0.434362    0.779696   -0.163478
    1.480928    1.048852   -0.297422   -0.176886    0.391525    0.792871   -0.156356
    1.535777    1.069159   -0.253621   -0.185263    0.348981    0.803944   -0.149082
    1.590626    1.087141   -0.209268   -0.193237    0.306782    0.813007   -0.141675
    1.645475    1.102820   -0.164471   -0.200802    0.264977    0.820145   -0.134153
    1.700324    1.116217   -0.119333   -0.207952    0.223605    0.825439   -0.126533
    1.755174    1.127357   -0.073954   -0.214681    0.182702    0.828966   -0.118828
    1.810023    1.136268   -0.028428   -0.220986    0.142299    0.830796   -0.111052
    1.864872    1.142977    0.017153   -0.226862    0.102421    0.830996   -0.103217
    1.919721    1.147513    0.062702   -0.232308    0.063090    0.829627   -0.095333
    1.974570    1.149908    0.108135   -0.237320    0.024326    0.826747   -0.087409
    2.029419    1.150193    0.153369   -0.241896   -0.013853    0.822408   -0.079455
    2.084269    1.148399    0.198326   -0.246035   -0.051433    0.816660   -0.071478
    2.139118    1.144562    0.242930   -0.249736   -0.088401    0.809548   -0.063485
    2.193967    1.138713    0.287108   -0.252999   -0.124745    0.801112   -0.055483
    2.248816    1.130889    0.330787   -0.255823   -0.160453    0.791392   -0.047477
    2.303665    1.121124    0.373899   -0.258207   -0.195516    0.780422   -0.039474
    2.358514    1.109453    0.416376   -0.260153   -0.229923    0.768233   -0.031479
    2.413364    1.095914    0.458151   -0.261661   -0.263664    0.754854   -0.023495
    2.468213    1.080542    0.499161   -0.262731   -0.296731    0.740310   -0.015528
    2.523062    1.063375    0.539341   -0.263365   -0.329112    0.724625   -0.007582
    2.577911    1.044452    0.578630   -0.263563   -0.360798    0.707820    0.000339
    2.632760    1.023809    0.616968   -0.263328   -0.391778    0.689912    0.008231
    2.687609    1.001487    0.654293   -0.262661   -0.422040    0.670917    0.016090
    2.742459    0.977526    0.690546   -0.261564   -0.451571    0.650849    0.023913
    2.797308    0.951964    0.725670   -0.260038   -0.480357    0.629721    0.031695
    2.852157    0.924845    0.759607   -0.258087   -0.508384    0.607541    0.039432
    2.907006    0.896210    0.792298   -0.255714   -0.535634    0.584318    0.047120
    2.961855    0.866102    0.823686   -0.252919   -0.562090    0.560058    0.054756
    3.016704    0.834564    0.853716   -0.249708   -0.587731    0.534767    0.062334
    3.071554    0.801644    0.882331   -0.246083   -0.612536    0.508447    0.069851
    3.126403    0.767386    0.909473   -0.242047   -0.636480    0.481102    0.077300
    3.181252    0.731839    0.935088   -0.237604   -0.659537    0.452732    0.084677
    3.236101    0.695053    0.959118   -0.232759   -0.681679    0.423338    0.091976
    3.290950    0.657077    0.981509   -0.227516   -0.702872    0.392918    0.099190
    3.345799    0.617967    1.002202   -0.221880   -0.723083    0.361472    0.106314
    3.400649    0.577775    1.021143   -0.215856   -0.742273    0.328997    0.113339
    3.455498    0.536560    1.038274   -0.209449   -0.760401    0.295491    0.120258
    3.510347    0.494381    1.053539   -0.202666   -0.777421    0.260953    0.127062
    3.565196    0.451299    1.066881   -0.195513   -0.793284    0.225379    0.133742
    3.620045    0.407381    1.078243   -0.187997   -0.807936    0.188769    0.140287
    3.674895    0.362693    1.087570   -0.180126   -0.821319    0.151122    0.146685
    3.729744    0.317308    1.094802   -0.171909   -0.833370    0.112438    0.152925
    3.784593    0.271300    1.099885   -0.163354   -0.844019    0.072720    0.158991
    3.839442    0.224747    1.102761   -0.154471   -0.853192    0.031972    0.164870
    3.894291    0.177734    1.103373   -0.145271   -0.860809   -0.009798    0.170545
    3.949140    0.130348    1.101667   -0.135766   -0.866783   -0.052581    0.175997
    4.003990    0.082681    1.097587   -0.125969   -0.871019   -0.096361    0.181206
    4.058839    0.034832    1.091079   -0.115893   -0.873418   -0.141117    0.186151
    4.113688   -0.013096    1.082089   -0.105554   -0.873870   -0.186825    0.190808
    4.168537   -0.060992    1.070568   -0.094968   -0.872261   -0.233449    0.195150
    4.223386   -0.108741    1.056464   -0.084153   -0.868465   -0.280948    0.199149
    4.278235   -0.156219    1.039733   -0.073128   -0.862350   -0.329270    0.202773
    4.333085   -0.203295    1.020330   -0.061916   -0.853779   -0.378350    0.205989
    4.387934   -0.249829    0.998216   -0.050540   -0.842601   -0.428109    0.208760
    4.442783   -0.295676    0.973357   -0.039024   -0.828663   -0.478454    0.211046
    4.497632   -0.340679    0.945722   -0.027398   -0.811804   -0.529273    0.212803
    4.552481   -0.384673    0.915290   -0.015691   -0.791854   -0.580431    0.213985
    4.607330   -0.427484    0.882046   -0.003936   -0.768644   -0.631772    0.214544
    4.662180   -0.468929    0.845986    0.007832   -0.742000   -0.683111    0.214426
    4.717029   -0.508815    0.807114    0.019573   -0.711749   -0.734235    0.213576
    4.771878   -0.546938    0.765450    0.031246   -0.677722   -0.784898    0.211936
    4.826727   -0.583088    0.721026    0.042807   -0.639758   -0.834815    0.209446
    4.881576   -0.617044    0.673891    0.054206   -0.597711   -0.883665    0.206045
    4.936425   -0.648579    0.624115    0.065392   -0.551453   -0.931085    0.201671
    4.991275   -0.677458    0.571786    0.076310   -0.500886   -0.976669    0.196265
    5.046124   -0.703445    0.517018    0.086902   -0.445945   -1.019968    0.189770
    5.100973   -0.726298    0.459948    0.097106   -0.386613   -1.060489    0.182132
    5.155822   -0.745776    0.400745    0.106860   -0.322932   -1.097701    0.173306
    5.210671   -0.761645    0.339603    0.116095   -0.255007   -1.131040    0.163258
    5.265521   -0.773676    0.276753    0.124746   -0.183029   -1.159916    0.151964
    5.320370   -0.781654    0.212455    0.132743   -0.107274   -1.183723    0.139421
    5.375219   -0.785382    0.147004    0.140017   -0.028121   -1.201860    0.125642
    5.430068   -0.784685    0.080727    0.146503    0.053946   -1.213744    0.110663
    5.484917   -0.779421    0.013983    0.152136    0.138334   -1.218836    0.094549
    5.539766   -0.769481   -0.052844    0.156856    0.224341   -1.216661    0.077390
    5.594616   -0.754796   -0.119343    0.160609    0.311169   -1.206838    0.059304
    5.649465   -0.735347   -0.185087    0.163348    0.397933   -1.189099    0.040441
    5.704314   -0.711162   -0.249638    0.165034    0.483687   -1.163315    0.020972
    5.759163   -0.682324   -0.312554    0.165641    0.567449   -1.129513    0.001094
    5.814012   -0.648968   -0.373401    0.165150    0.648234   -1.087883   -0.018979
    5.868861   -0.611286   -0.431757    0.163559    0.725086   -1.038781   -0.039025
    5.923711   -0.569516   -0.487226    0.160874    0.797118   -0.982723   -0.058816
    5.978560   -0.523946   -0.539444    0.157116    0.863538   -0.920366   -0.078131
    6.033409   -0.474902   -0.588088    0.152316    0.923679   -0.852489   -0.096761
    6.088258   -0.422744   -0.632876    0.146517    0.977018   -0.779955   -0.114516
    6.143107   -0.367856   -0.673579    0.139773    1.023186   -0.703687   -0.131232
    6.197956   -0.310637   -0.710018    0.132143    1.061973   -0.624627   -0.146773
    6.252806   -0.251495   -0.742066    0.123695    1.093317   -0.543706   -0.161033
    6.307655   -0.190837   -0.769644    0.114503    1.117296   -0.461818   -0.173940
    6.362504   -0.129061   -0.792724    0.104640    1.134110   -0.379796   -0.185448
    6.417353   -0.066553   -0.811318    0.094185    1.144056   -0.298393   -0.195542
    6.472202   -0.003679   -0.825481    0.083215    1.147513   -0.218274   -0.204230
    6.527051    0.059217   -0.835297    0.071807    1.144915   -0.140010   -0.211539
    6.581901    0.121814   -0.840882    0.060034    1.136732   -0.064076   -0.217515
    6.636750    0.183821   -0.842376    0.047969    1.123456    0.009141   -0.222217
    6.691599    0.244972   -0.839935    0.035679    1.105581    0.079343   -0.225711
    6.746448    0.305027   -0.833731    0.023230    1.083593    0.146307   -0.228071
    6.801297    0.363773   -0.823947    0.010680    1.057961    0.209880   -0.229375
    6.856146    0.421025   -0.810771   -0.001915    1.029132    0.269965   -0.229700
    6.910996    0.476617   -0.794397   -0.014502    0.997523    0.326518   -0.229125
    6.965845    0.530408   -0.775017   -0.027034    0.963519    0.379535   -0.227725
    7.020694    0.582276   -0.752827   -0.039469    0.927477    0.429046   -0.225573
    7.075543    0.632119   -0.728015   -0.051767    0.889718    0.475108   -0.222738
    7.130392    0.679850   -0.700770   -0.063892    0.850533    0.517797   -0.219285
    7.185242    0.725400   -0.671273   -0.075812    0.810184    0.557207   -0.215275
    7.240091    0.768709   -0.639703   -0.087498    0.768903    0.593440   -0.210764
    7.294940    0.809734   -0.606230   -0.098924    0.726898    0.626607   -0.205804
    7.349789    0.848439   -0.571019   -0.110067    0.684353    0.656823   -0.200443
    7.404638    0.884799   -0.534229   -0.120906    0.641427    0.684204   -0.194724
    7.459487    0.918798   -0.496013   -0.131422    0.598264    0.708867   -0.188686
    7.514337    0.950426   -0.456515   -0.141599    0.554987    0.730928   -0.182365
    7.569186    0.979679   -0.415877   -0.151423    0.511704    0.750497   -0.175795
    7.624035    1.006561   -0.374231   -0.160879    0.468511    0.767685   -0.169004
    7.678884    1.031077   -0.331705   -0.169958    0.425488    0.782595   -0.162019
    7.733733    1.053240   -0.288421   -0.178650    0.382707    0.795328   -0.154865
    7.788582    1.073065   -0.244497   -0.186944    0.340230    0.805979   -0.147562
    7.843432    1.090569   -0.200043   -0.194834    0.298109    0.814637   -0.140130
    7.898281    1.105774   -0.155167   -0.202314    0.256390    0.821387   -0.132586
    7.953130    1.118703   -0.109972   -0.209377    0.215113    0.826311   -0.124947
    8.007979    1.129381   -0.064554   -0.216019    0.174311    0.829481   -0.117227
    8.062828    1.137834   -0.019010   -0.222236    0.134014    0.830969   -0.109438
    8.117677    1.144091    0.026572   -0.228023    0.094247    0.830840   -0.101591
    8.172527    1.148183    0.072104   -0.233379    0.055032    0.829154   -0.093698
    8.227376    1.150139    0.117501   -0.238301    0.016388    0.825968   -0.085767
    8.282225    1.149991    0.162685   -0.242787   -0.021669    0.821334   -0.077808
    8.337074    1.147773    0.207575   -0.246836   -0.059124    0.815301   -0.069827
    8.391923    1.143517    0.252097   -0.250447   -0.095964    0.807912   -0.061832
    8.446772    1.137257    0.296177   -0.253619   -0.132177    0.799208   -0.053828
    8.501622    1.129029    0.339745   -0.256352   -0.167752    0.789226   -0.045823
    8.556471    1.118867    0.382732   -0.258645   -0.202680    0.778002   -0.037821
    8.611320    1.106807    0.425069   -0.260501   -0.236950    0.765565   -0.029828
    8.666169    1.092886    0.466691   -0.261918   -0.270553    0.751943   -0.021847
    8.721018    1.077140    0.507534   -0.262898   -0.303479    0.737162   -0.013884
    8.775868    1.059607    0.547536   -0.263441   -0.335718    0.721244   -0.005943
    8.830717    1.040325    0.586633   -0.263550   -0.367259    0.704209    0.001972
    8.885566    1.019333    0.624766   -0.263225   -0.398091    0.686075    0.009858
    8.940415    0.996669    0.661875   -0.262469   -0.428203    0.666857    0.017710
    8.995264    0.972373    0.697900   -0.261283   -0.457581    0.646570    0.025524
    9.050113    0.946486    0.732783   -0.259670   -0.486212    0.625223    0.033297
    9.104963    0.919050    0.766466   -0.257632   -0.514079    0.602827    0.041025
    9.159812    0.890107    0.798893   -0.255171   -0.541167    0.579389    0.048703
    9.214661    0.859700    0.830005   -0.252290   -0.567456    0.554916    0.056327
    9.269510    0.827873    0.859747   -0.248993   -0.592926    0.529412    0.063893
    9.324359    0.794672    0.888062   -0.245282   -0.617555    0.502880    0.071396
    9.379208    0.760144    0.914894   -0.241162   -0.641319    0.475323    0.078830
    9.434058    0.724337    0.940186   -0.236636   -0.664189    0.446742    0.086192
    9.488907    0.687300    0.963882   -0.231708   -0.686137    0.417135    0.093474
    9.543756    0.649086    0.985926   -0.226384   -0.707131    0.386504    0.100670
    9.598605    0.609747    1.006262   -0.220667   -0.727134    0.354845    0.107774
    9.653454    0.569340    1.024833   -0.214563   -0.746108    0.322157    0.114778
    9.708303    0.527920    1.041583   -0.208078   -0.764010    0.288438    0.121674
    9.763153    0.485549    1.056455   -0.201217   -0.780795    0.253686    0.128453
    9.818002    0.442290    1.069393   -0.193989   -0.796413    0.217898    0.135106
    9.872851    0.398207    1.080340   -0.186399   -0.810808    0.181074    0.141621
    9.927700    0.353369    1.089238   -0.178456   -0.823921    0.143213    0.147988
    9.982549    0.307848    1.096031   -0.170168   -0.835688    0.104315    0.154193
   10.037398    0.261721    1.100662   -0.161544   -0.846038    0.064383    0.160222
   10.092248    0.215067    1.103075   -0.152595   -0.854897    0.023423    0.166060
   10.147097    0.167969    1.103213   -0.143332   -0.862181   -0.018557    0.171690
   10.201946    0.120517    1.101021   -0.133765   -0.867804   -0.061547    0.177094
   10.256795    0.072805    1.096443   -0.123909   -0.871669   -0.105531    0.182251
   10.311644    0.024931    1.089426   -0.113778   -0.873675   -0.150486    0.187138
   10.366494   -0.023000    1.079918   -0.103386   -0.873711   -0.196386    0.191732
   10.421343   -0.070876    1.067866   -0.092751   -0.871659   -0.243195    0.196006
   10.476192   -0.118579    1.053224   -0.081891   -0.867396   -0.290869    0.199930
   10.531041   -0.165985    1.035944   -0.070826   -0.860785   -0.339353    0.203473
   10.585890   -0.212960    1.015984   -0.059578   -0.851687   -0.388580    0.206600
   10.640739   -0.259365    0.993305   -0.048170   -0.839952   -0.438469    0.209274
   10.695589   -0.305051    0.967874   -0.036630   -0.825424   -0.488922    0.211454
   10.750438   -0.349859    0.939663   -0.024984   -0.807940   -0.539822    0.213096
   10.805287   -0.393623    0.908651   -0.013264   -0.787331   -0.591032    0.214154
   10.860136   -0.436168    0.874825   -0.001503   -0.763425   -0.642388    0.214577
   10.914985   -0.477306    0.838183    0.010262   -0.736050   -0.693702    0.214312
