    0.292664	    0.956215	0.000000e+00	0.000000e+00	
    0.292664	    0.956215	0.000000e+00	0.000000e+00	
    0.292664	    0.956215	0.000000e+00	0.000000e+00	
    0.292664	    0.956215	0.000000e+00	0.000000e+00	
    0.292664	    0.956215	0.000000e+00	0.000000e+00	
    0.292664	    0.956215	0.000000e+00	0.000000e+00	
    0.292664	    0.956215	0.000000e+00	0.000000e+00	
    0.292664	    0.956215	0.000000e+00	0.000000e+00	
    0.292664	    0.956215	0.000000e+00	0.000000e+00	
    0.292664	    0.956215	0.000000e+00	0.000000e+00	
    0.292664	    0.956215	0.000000e+00	0.000000e+00	
    0.292664	    0.956215	0.000000e+00	0.000000e+00	
    0.292664	    0.956215	0.000000e+00	0.000000e+00	
    0.292664	    0.956215	0.000000e+00	0.000000e+00	
    0.292664	    0.956215	0.000000e+00	0.000000e+00	
    0.292664	    0.956215	0.000000e+00	0.000000e+00	
    0.292664	    0.956215	0.000000e+00	0.000000e+00	
    0.292664	    0.956215	0.000000e+00	0.000000e+00	
    0.292664	    0.956215	0.000000e+00	0.000000e+00	
    0.292664	    0.956215	0.000000e+00	0.000000e+00	
    0.292664	    0.956215	0.000000e+00	0.000000e+00	


    0.292664	    0.956215	0.000000e+00	0.000000e+00	
    0.292664	    0.956215	0.000000e+00	0.000000e+00	
    0.292664	    0.956215	0.000000e+00	0.000000e+00	
    0.292664	    0.956215	0.000000e+00	0.000000e+00	
    0.292664	    0.956215	0.000000e+00	0.000000e+00	
    0.292664	    0.956215	0.000000e+00	0.000000e+00	
    0.292664	    0.956215	0.000000e+00	0.000000e+00	
    0.292664	    0.956215	0.000000e+00	0.000000e+00	
    0.292664	    0.956215	0.000000e+00	0.000000e+00	
    0.292664	    0.956215	0.000000e+00	0.000000e+00	
    0.292664	    0.956215	0.000000e+00	0.000000e+00	
    0.292664	    0.956215	0.000000e+00	0.000000e+00	
    0.292664	    0.956215	0.000000e+00	0.000000e+00	
    0.292664	    0.956215	0.000000e+00	0.000000e+00	
    0.292664	    0.956215	0.000000e+00	0.000000e+00	
    0.292664	    0.956215	0.000000e+00	0.000000e+00	
    0.292664	    0.956215	0.000000e+00	0.000000e+00	
    0.292664	    0.956215	0.000000e+00	0.000000e+00	
    0.292664	    0.956215	0.000000e+00	0.000000e+00	
    0.292664	    0.956215	0.000000e+00	0.000000e+00	
    0.292664	    0.956215	0.000000e+00	0.000000e+00	


    0.040128	    0.988263	0.000000e+00	1.110223e-16	
    0.040128	    0.988263	0.000000e+00	1.055885e-16	
    0.040128	    0.988263	0.000000e+00	8.981893e-17	
    0.040128	    0.988263	0.000000e+00	6.525727e-17	
    0.040128	    0.988263	0.000000e+00	3.430778e-17	
    0.040128	    0.988263	0.000000e+00	6.798155e-33	
    0.040128	    0.988263	0.000000e+00	-3.430778e-17	
    0.040128	    0.988263	0.000000e+00	-6.525727e-17	
    0.040128	    0.988263	0.000000e+00	-8.981893e-17	
    0.040128	    0.988263	0.000000e+00	-1.055885e-16	
    0.040128	    0.988263	0.000000e+00	-1.110223e-16	
    0.040128	    0.988263	0.000000e+00	-1.055885e-16	
    0.040128	    0.988263	0.000000e+00	-8.981893e-17	
    0.040128	    0.988263	0.000000e+00	-6.525727e-17	
    0.040128	    0.988263	0.000000e+00	-3.430778e-17	
    0.040128	    0.988263	0.000000e+00	-2.039447e-32	
    0.040128	    0.988263	0.000000e+00	3.430778e-17	
    0.040128	    0.988263	0.000000e+00	6.525727e-17	
    0.040128	    0.988263	0.000000e+00	8.981893e-17	
    0.040128	    0.988263	0.000000e+00	1.055885e-16	
    0.040128	    0.988263	0.000000e+00	1.110223e-16	


    0.040128	    0.988263	0.000000e+00	1.110223e-16	
    0.040128	    0.988263	0.000000e+00	1.055885e-16	
    0.040128	    0.988263	0.000000e+00	8.981893e-17	
    0.040128	    0.988263	0.000000e+00	6.525727e-17	
    0.040128	    0.988263	0.000000e+00	3.430778e-17	
    0.040128	    0.988263	0.000000e+00	6.798155e-33	
    0.040128	    0.988263	0.000000e+00	-3.430778e-17	
    0.040128	    0.988263	0.000000e+00	-6.525727e-17	
    0.040128	    0.988263	0.000000e+00	-8.981893e-17	
    0.040128	    0.988263	0.000000e+00	-1.055885e-16	
    0.040128	    0.988263	0.000000e+00	-1.110223e-16	
    0.040128	    0.988263	0.000000e+00	-1.055885e-16	
    0.040128	    0.988263	0.000000e+00	-8.981893e-17	
    0.040128	    0.988263	0.000000e+00	-6.525727e-17	
    0.040128	    0.988263	0.000000e+00	-3.430778e-17	
    0.040128	    0.988263	0.000000e+00	-2.039447e-32	
    0.040128	    0.988263	0.000000e+00	3.430778e-17	
    0.040128	    0.988263	0.000000e+00	6.525727e-17	
    0.040128	    0.988263	0.000000e+00	8.981893e-17	
    0.040128	    0.988263	0.000000e+00	1.055885e-16	
    0.040128	    0.988263	0.000000e+00	1.110223e-16	


   -0.214860	    0.958031	8.326673e-17	-3.330669e-16	
   -0.214860	    0.958031	7.919136e-17	-3.167655e-16	
   -0.214860	    0.958031	6.736420e-17	-2.694568e-16	
   -0.214860	    0.958031	4.894295e-17	-1.957718e-16	
   -0.214860	    0.958031	2.573083e-17	-1.029233e-16	
   -0.214860	    0.958031	5.098617e-33	-2.039447e-32	
   -0.214860	    0.958031	-2.573083e-17	1.029233e-16	
   -0.214860	    0.958031	-4.894295e-17	1.957718e-16	
   -0.214860	    0.958031	-6.736420e-17	2.694568e-16	
   -0.214860	    0.958031	-7.919136e-17	3.167655e-16	
   -0.214860	    0.958031	-8.326673e-17	3.330669e-16	
   -0.214860	    0.958031	-7.919136e-17	3.167655e-16	
   -0.214860	    0.958031	-6.736420e-17	2.694568e-16	
   -0.214860	    0.958031	-4.894295e-17	1.957718e-16	
   -0.214860	    0.958031	-2.573083e-17	1.029233e-16	
   -0.214860	    0.958031	-1.529585e-32	6.118340e-32	
   -0.214860	    0.958031	2.573083e-17	-1.029233e-16	
   -0.214860	    0.958031	4.894295e-17	-1.957718e-16	
   -0.214860	    0.958031	6.736420e-17	-2.694568e-16	
   -0.214860	    0.958031	7.919136e-17	-3.167655e-16	
   -0.214860	    0.958031	8.326673e-17	-3.330669e-16	


   -0.214860	    0.958031	8.326673e-17	-3.330669e-16	
   -0.214860	    0.958031	7.919136e-17	-3.167655e-16	
   -0.214860	    0.958031	6.736420e-17	-2.694568e-16	
   -0.214860	    0.958031	4.894295e-17	-1.957718e-16	
   -0.214860	    0.958031	2.573083e-17	-1.029233e-16	
   -0.214860	    0.958031	5.098617e-33	-2.039447e-32	
   -0.214860	    0.958031	-2.573083e-17	1.029233e-16	
   -0.214860	    0.958031	-4.894295e-17	1.957718e-16	
   -0.214860	    0.958031	-6.736420e-17	2.694568e-16	
   -0.214860	    0.958031	-7.919136e-17	3.167655e-16	
   -0.214860	    0.958031	-8.326673e-17	3.330669e-16	
   -0.214860	    0.958031	-7.919136e-17	3.167655e-16	
   -0.214860	    0.958031	-6.736420e-17	2.694568e-16	
   -0.214860	    0.958031	-4.894295e-17	1.957718e-16	
   -0.214860	    0.958031	-2.573083e-17	1.029233e-16	
   -0.214860	    0.958031	-1.529585e-32	6.118340e-32	
   -0.214860	    0.958031	2.573083e-17	-1.029233e-16	
   -0.214860	    0.958031	4.894295e-17	-1.957718e-16	
   -0.214860	    0.958031	6.736420e-17	-2.694568e-16	
   -0.214860	    0.958031	7.919136e-17	-3.167655e-16	
   -0.214860	    0.958031	8.326673e-17	-3.330669e-16	


   -0.455969	    0.866116	5.362718e-17	-3.402699e-16	
   -0.455969	    0.866116	1.785776e-17	-3.288396e-16	
   -0.455969	    0.866116	-1.965971e-17	-2.852202e-16	
   -0.455969	    0.866116	-5.525274e-17	-2.136814e-16	
   -0.455969	    0.866116	-8.543726e-17	-1.212260e-16	
   -0.455969	    0.866116	-1.072586e-16	-1.690415e-17	
   -0.455969	    0.866116	-1.185807e-16	8.907239e-17	
   -0.455969	    0.866116	-1.182953e-16	1.863299e-16	
   -0.455969	    0.866116	-1.064303e-16	2.653481e-16	
   -0.455969	    0.866116	-8.414720e-17	3.183923e-16	
   -0.455969	    0.866116	-5.362718e-17	3.402699e-16	
   -0.455969	    0.866116	-1.785776e-17	3.288396e-16	
   -0.455969	    0.866116	1.965971e-17	2.852202e-16	
   -0.455969	    0.866116	5.525274e-17	2.136814e-16	
   -0.455969	    0.866116	8.543726e-17	1.212260e-16	
   -0.455969	    0.866116	1.072586e-16	1.690415e-17	
   -0.455969	    0.866116	1.185807e-16	-8.907239e-17	
   -0.455969	    0.866116	1.182953e-16	-1.863299e-16	
   -0.455969	    0.866116	1.064303e-16	-2.653481e-16	
   -0.455969	    0.866116	8.414720e-17	-3.183923e-16	
   -0.455969	    0.866116	5.362718e-17	-3.402699e-16	


   -0.455969	    0.866116	5.362718e-17	-3.402699e-16	
   -0.455969	    0.866116	1.785776e-17	-3.288396e-16	
   -0.455969	    0.866116	-1.965971e-17	-2.852202e-16	
   -0.455969	    0.866116	-5.525274e-17	-2.136814e-16	
   -0.455969	    0.866116	-8.543726e-17	-1.212260e-16	
   -0.455969	    0.866116	-1.072586e-16	-1.690415e-17	
   -0.455969	    0.866116	-1.185807e-16	8.907239e-17	
   -0.455969	    0.866116	-1.182953e-16	1.863299e-16	
   -0.455969	    0.866116	-1.064303e-16	2.653481e-16	
   -0.455969	    0.866116	-8.414720e-17	3.183923e-16	
   -0.455969	    0.866116	-5.362718e-17	3.402699e-16	
   -0.455969	    0.866116	-1.785776e-17	3.288396e-16	
   -0.455969	    0.866116	1.965971e-17	2.852202e-16	
   -0.455969	    0.866116	5.525274e-17	2.136814e-16	
   -0.455969	    0.866116	8.543726e-17	1.212260e-16	
   -0.455969	    0.866116	1.072586e-16	1.690415e-17	
   -0.455969	    0.866116	1.185807e-16	-8.907239e-17	
   -0.455969	    0.866116	1.182953e-16	-1.863299e-16	
   -0.455969	    0.866116	1.064303e-16	-2.653481e-16	
   -0.455969	    0.866116	8.414720e-17	-3.183923e-16	
   -0.455969	    0.866116	5.362718e-17	-3.402699e-16	


   -0.667445	    0.717928	5.384021e-17	-3.609827e-16	
   -0.667445	    0.717928	2.658882e-17	-3.469864e-16	
   -0.667445	    0.717928	-3.265259e-18	-2.990247e-16	
   -0.667445	    0.717928	-3.279971e-17	-2.217924e-16	
   -0.667445	    0.717928	-5.912351e-17	-1.228495e-16	
   -0.667445	    0.717928	-7.965988e-17	-1.188119e-17	
   -0.667445	    0.717928	-9.239858e-17	1.002501e-16	
   -0.667445	    0.717928	-9.609267e-17	2.025682e-16	
   -0.667445	    0.717928	-9.038054e-17	2.850575e-16	
   -0.667445	    0.717928	-7.582133e-17	3.396434e-16	
   -0.667445	    0.717928	-5.384021e-17	3.609827e-16	
   -0.667445	    0.717928	-2.658882e-17	3.469864e-16	
   -0.667445	    0.717928	3.265259e-18	2.990247e-16	
   -0.667445	    0.717928	3.279971e-17	2.217924e-16	
   -0.667445	    0.717928	5.912351e-17	1.228495e-16	
   -0.667445	    0.717928	7.965988e-17	1.188119e-17	
   -0.667445	    0.717928	9.239858e-17	-1.002501e-16	
   -0.667445	    0.717928	9.609267e-17	-2.025682e-16	
   -0.667445	    0.717928	9.038054e-17	-2.850575e-16	
   -0.667445	    0.717928	7.582133e-17	-3.396434e-16	
   -0.667445	    0.717928	5.384021e-17	-3.609827e-16	


   -0.667445	    0.717928	5.384021e-17	-3.609827e-16	
   -0.667445	    0.717928	2.658882e-17	-3.469864e-16	
   -0.667445	    0.717928	-3.265259e-18	-2.990247e-16	
   -0.667445	    0.717928	-3.279971e-17	-2.217924e-16	
   -0.667445	    0.717928	-5.912351e-17	-1.228495e-16	
   -0.667445	    0.717928	-7.965988e-17	-1.188119e-17	
   -0.667445	    0.717928	-9.239858e-17	1.002501e-16	
   -0.667445	    0.717928	-9.609267e-17	2.025682e-16	
   -0.667445	    0.717928	-9.038054e-17	2.850575e-16	
   -0.667445	    0.717928	-7.582133e-17	3.396434e-16	
   -0.667445	    0.717928	-5.384021e-17	3.609827e-16	
   -0.667445	    0.717928	-2.658882e-17	3.469864e-16	
   -0.667445	    0.717928	3.265259e-18	2.990247e-16	
   -0.667445	    0.717928	3.279971e-17	2.217924e-16	
   -0.667445	    0.717928	5.912351e-17	1.228495e-16	
   -0.667445	    0.717928	7.965988e-17	1.188119e-17	
   -0.667445	    0.717928	9.239858e-17	-1.002501e-16	
   -0.667445	    0.717928	9.609267e-17	-2.025682e-16	
   -0.667445	    0.717928	9.038054e-17	-2.850575e-16	
   -0.667445	    0.717928	7.582133e-17	-3.396434e-16	
   -0.667445	    0.717928	5.384021e-17	-3.609827e-16	


   -0.835774	    0.523284	8.964276e-17	-4.473066e-16	
   -0.835774	    0.523284	6.272189e-17	-4.299296e-16	
   -0.835774	    0.523284	2.966136e-17	-3.704682e-16	
   -0.835774	    0.523284	-6.302623e-18	-2.747428e-16	
   -0.835774	    0.523284	-4.164967e-17	-1.521236e-16	
   -0.835774	    0.523284	-7.291975e-17	-1.461353e-17	
   -0.835774	    0.523284	-9.705194e-17	1.243270e-16	
   -0.835774	    0.523284	-1.116840e-16	2.510976e-16	
   -0.835774	    0.523284	-1.153837e-16	3.532890e-16	
   -0.835774	    0.523284	-1.077888e-16	4.208980e-16	
   -0.835774	    0.523284	-8.964276e-17	4.473066e-16	
   -0.835774	    0.523284	-6.272189e-17	4.299296e-16	
   -0.835774	    0.523284	-2.966136e-17	3.704682e-16	
   -0.835774	    0.523284	6.302623e-18	2.747428e-16	
   -0.835774	    0.523284	4.164967e-17	1.521236e-16	
   -0.835774	    0.523284	7.291975e-17	1.461353e-17	
   -0.835774	    0.523284	9.705194e-17	-1.243270e-16	
   -0.835774	    0.523284	1.116840e-16	-2.510976e-16	
   -0.835774	    0.523284	1.153837e-16	-3.532890e-16	
   -0.835774	    0.523284	1.077888e-16	-4.208980e-16	
   -0.835774	    0.523284	8.964276e-17	-4.473066e-16	


   -0.835774	    0.523284	8.964276e-17	-4.473066e-16	
   -0.835774	    0.523284	6.272189e-17	-4.299296e-16	
   -0.835774	    0.523284	2.966136e-17	-3.704682e-16	
   -0.835774	    0.523284	-6.302623e-18	-2.747428e-16	
   -0.835774	    0.523284	-4.164967e-17	-1.521236e-16	
   -0.835774	    0.523284	-7.291975e-17	-1.461353e-17	
   -0.835774	    0.523284	-9.705194e-17	1.243270e-16	
   -0.835774	    0.523284	-1.116840e-16	2.510976e-16	
   -0.835774	    0.523284	-1.153837e-16	3.532890e-16	
   -0.835774	    0.523284	-1.077888e-16	4.208980e-16	
   -0.835774	    0.523284	-8.964276e-17	4.473066e-16	
   -0.835774	    0.523284	-6.272189e-17	4.299296e-16	
   -0.835774	    0.523284	-2.966136e-17	3.704682e-16	
   -0.835774	    0.523284	6.302623e-18	2.747428e-16	
   -0.835774	    0.523284	4.164967e-17	1.521236e-16	
   -0.835774	    0.523284	7.291975e-17	1.461353e-17	
   -0.835774	    0.523284	9.705194e-17	-1.243270e-16	
   -0.835774	    0.523284	1.116840e-16	-2.510976e-16	
   -0.835774	    0.523284	1.153837e-16	-3.532890e-16	
   -0.835774	    0.523284	1.077888e-16	-4.208980e-16	
   -0.835774	    0.523284	8.964276e-17	-4.473066e-16	


   -0.951025	    0.295331	2.225610e-16	-4.818335e-16	
   -0.951025	    0.295331	1.762677e-16	-4.746024e-16	
   -0.951025	    0.295331	1.127202e-16	-4.209140e-16	
   -0.951025	    0.295331	3.813874e-17	-3.260236e-16	
   -0.951025	    0.295331	-4.017595e-17	-1.992197e-16	
   -0.951025	    0.295331	-1.145579e-16	-5.291482e-17	
   -0.951025	    0.295331	-1.777262e-16	9.856974e-17	
   -0.951025	    0.295331	-2.234974e-16	2.404056e-16	
   -0.951025	    0.295331	-2.473911e-16	3.587089e-16	
   -0.951025	    0.295331	-2.470684e-16	4.418993e-16	
   -0.951025	    0.295331	-2.225610e-16	4.818335e-16	
   -0.951025	    0.295331	-1.762677e-16	4.746024e-16	
   -0.951025	    0.295331	-1.127202e-16	4.209140e-16	
   -0.951025	    0.295331	-3.813874e-17	3.260236e-16	
   -0.951025	    0.295331	4.017595e-17	1.992197e-16	
   -0.951025	    0.295331	1.145579e-16	5.291482e-17	
   -0.951025	    0.295331	1.777262e-16	-9.856974e-17	
   -0.951025	    0.295331	2.234974e-16	-2.404056e-16	
   -0.951025	    0.295331	2.473911e-16	-3.587089e-16	
   -0.951025	    0.295331	2.470684e-16	-4.418993e-16	
   -0.951025	    0.295331	2.225610e-16	-4.818335e-16	


   -0.951025	    0.295331	2.225610e-16	-4.818335e-16	
   -0.951025	    0.295331	1.762677e-16	-4.746024e-16	
   -0.951025	    0.295331	1.127202e-16	-4.209140e-16	
   -0.951025	    0.295331	3.813874e-17	-3.260236e-16	
   -0.951025	    0.295331	-4.017595e-17	-1.992197e-16	
   -0.951025	    0.295331	-1.145579e-16	-5.291482e-17	
   -0.951025	    0.295331	-1.777262e-16	9.856974e-17	
   -0.951025	    0.295331	-2.234974e-16	2.404056e-16	
   -0.951025	    0.295331	-2.473911e-16	3.587089e-16	
   -0.951025	    0.295331	-2.470684e-16	4.418993e-16	
   -0.951025	    0.295331	-2.225610e-16	4.818335e-16	
   -0.951025	    0.295331	-1.762677e-16	4.746024e-16	
   -0.951025	    0.295331	-1.127202e-16	4.209140e-16	
   -0.951025	    0.295331	-3.813874e-17	3.260236e-16	
   -0.951025	    0.295331	4.017595e-17	1.992197e-16	
   -0.951025	    0.295331	1.145579e-16	5.291482e-17	
   -0.951025	    0.295331	1.777262e-16	-9.856974e-17	
   -0.951025	    0.295331	2.234974e-16	-2.404056e-16	
   -0.951025	    0.295331	2.473911e-16	-3.587089e-16	
   -0.951025	    0.295331	2.470684e-16	-4.418993e-16	
   -0.951025	    0.295331	2.225610e-16	-4.818335e-16	


   -1.007604	    0.049067	3.941427e-16	-5.468507e-16	
   -1.007604	    0.049067	3.297276e-16	-5.526094e-16	
   -1.007604	    0.049067	2.330364e-16	-5.042748e-16	
   -1.007604	    0.049067	1.135340e-16	-4.065782e-16	
   -1.007604	    0.049067	-1.708187e-17	-2.690830e-16	
   -1.007604	    0.049067	-1.460257e-16	-1.052480e-16	
   -1.007604	    0.049067	-2.606755e-16	6.888936e-17	
   -1.007604	    0.049067	-3.498085e-16	2.362834e-16	
   -1.007604	    0.049067	-4.046999e-16	3.805483e-16	
   -1.007604	    0.049067	-4.199764e-16	4.875625e-16	
   -1.007604	    0.049067	-3.941427e-16	5.468507e-16	
   -1.007604	    0.049067	-3.297276e-16	5.526094e-16	
   -1.007604	    0.049067	-2.330364e-16	5.042748e-16	
   -1.007604	    0.049067	-1.135340e-16	4.065782e-16	
   -1.007604	    0.049067	1.708187e-17	2.690830e-16	
   -1.007604	    0.049067	1.460257e-16	1.052480e-16	
   -1.007604	    0.049067	2.606755e-16	-6.888936e-17	
   -1.007604	    0.049067	3.498085e-16	-2.362834e-16	
   -1.007604	    0.049067	4.046999e-16	-3.805483e-16	
   -1.007604	    0.049067	4.199764e-16	-4.875625e-16	
   -1.007604	    0.049067	3.941427e-16	-5.468507e-16	


   -1.007604	    0.049067	3.941427e-16	-5.468507e-16	
   -1.007604	    0.049067	3.297276e-16	-5.526094e-16	
   -1.007604	    0.049067	2.330364e-16	-5.042748e-16	
   -1.007604	    0.049067	1.135340e-16	-4.065782e-16	
   -1.007604	    0.049067	-1.708187e-17	-2.690830e-16	
   -1.007604	    0.049067	-1.460257e-16	-1.052480e-16	
   -1.007604	    0.049067	-2.606755e-16	6.888936e-17	
   -1.007604	    0.049067	-3.498085e-16	2.362834e-16	
   -1.007604	    0.049067	-4.046999e-16	3.805483e-16	
   -1.007604	    0.049067	-4.199764e-16	4.875625e-16	
   -1.007604	    0.049067	-3.941427e-16	5.468507e-16	
   -1.007604	    0.049067	-3.297276e-16	5.526094e-16	
   -1.007604	    0.049067	-2.330364e-16	5.042748e-16	
   -1.007604	    0.049067	-1.135340e-16	4.065782e-16	
   -1.007604	    0.049067	1.708187e-17	2.690830e-16	
   -1.007604	    0.049067	1.460257e-16	1.052480e-16	
   -1.007604	    0.049067	2.606755e-16	-6.888936e-17	
   -1.007604	    0.049067	3.498085e-16	-2.362834e-16	
   -1.007604	    0.049067	4.046999e-16	-3.805483e-16	
   -1.007604	    0.049067	4.199764e-16	-4.875625e-16	
   -1.007604	    0.049067	3.941427e-16	-5.468507e-16	


   -1.004338	   -0.200210	1.491078e-16	1.583578e-16	
   -1.004338	   -0.200210	3.334312e-16	-2.982102e-17	
   -1.004338	   -0.200210	4.851160e-16	-2.150808e-16	
   -1.004338	   -0.200210	5.893143e-16	-3.792869e-16	
   -1.004338	   -0.200210	6.358264e-16	-5.063659e-16	
   -1.004338	   -0.200210	6.200994e-16	-5.838781e-16	
   -1.004338	   -0.200210	5.436727e-16	-6.042364e-16	
   -1.004338	   -0.200210	4.140276e-16	-5.654477e-16	
   -1.004338	   -0.200210	2.438545e-16	-4.713091e-16	
   -1.004338	   -0.200210	4.981128e-17	-3.310355e-16	
   -1.004338	   -0.200210	-1.491078e-16	-1.583578e-16	
   -1.004338	   -0.200210	-3.334312e-16	2.982102e-17	
   -1.004338	   -0.200210	-4.851160e-16	2.150808e-16	
   -1.004338	   -0.200210	-5.893143e-16	3.792869e-16	
   -1.004338	   -0.200210	-6.358264e-16	5.063659e-16	
   -1.004338	   -0.200210	-6.200994e-16	5.838781e-16	
   -1.004338	   -0.200210	-5.436727e-16	6.042364e-16	
   -1.004338	   -0.200210	-4.140276e-16	5.654477e-16	
   -1.004338	   -0.200210	-2.438545e-16	4.713091e-16	
   -1.004338	   -0.200210	-4.981128e-17	3.310355e-16	
   -1.004338	   -0.200210	1.491078e-16	1.583578e-16	


   -1.004338	   -0.200210	1.491078e-16	1.583578e-16	
   -1.004338	   -0.200210	3.334312e-16	-2.982102e-17	
   -1.004338	   -0.200210	4.851160e-16	-2.150808e-16	
   -1.004338	   -0.200210	5.893143e-16	-3.792869e-16	
   -1.004338	   -0.200210	6.358264e-16	-5.063659e-16	
   -1.004338	   -0.200210	6.200994e-16	-5.838781e-16	
   -1.004338	   -0.200210	5.436727e-16	-6.042364e-16	
   -1.004338	   -0.200210	4.140276e-16	-5.654477e-16	
   -1.004338	   -0.200210	2.438545e-16	-4.713091e-16	
   -1.004338	   -0.200210	4.981128e-17	-3.310355e-16	
   -1.004338	   -0.200210	-1.491078e-16	-1.583578e-16	
   -1.004338	   -0.200210	-3.334312e-16	2.982102e-17	
   -1.004338	   -0.200210	-4.851160e-16	2.150808e-16	
   -1.004338	   -0.200210	-5.893143e-16	3.792869e-16	
   -1.004338	   -0.200210	-6.358264e-16	5.063659e-16	
   -1.004338	   -0.200210	-6.200994e-16	5.838781e-16	
   -1.004338	   -0.200210	-5.436727e-16	6.042364e-16	
   -1.004338	   -0.200210	-4.140276e-16	5.654477e-16	
   -1.004338	   -0.200210	-2.438545e-16	4.713091e-16	
   -1.004338	   -0.200210	-4.981128e-17	3.310355e-16	
   -1.004338	   -0.200210	1.491078e-16	1.583578e-16	


   -0.943998	   -0.438197	1.454061e-16	2.421325e-16	
   -0.943998	   -0.438197	4.212707e-16	6.034501e-17	
   -0.943998	   -0.438197	6.558985e-16	-1.273495e-16	
   -0.943998	   -0.438197	8.263223e-16	-3.025782e-16	
   -0.943998	   -0.438197	9.158599e-16	-4.481884e-16	
   -0.943998	   -0.438197	9.157468e-16	-5.499268e-16	
   -0.943998	   -0.438197	8.259940e-16	-5.978345e-16	
   -0.943998	   -0.438197	6.553872e-16	-5.872221e-16	
   -0.943998	   -0.438197	4.206264e-16	-5.191282e-16	
   -0.943998	   -0.438197	1.446919e-16	-4.002185e-16	
   -0.943998	   -0.438197	-1.454061e-16	-2.421325e-16	
   -0.943998	   -0.438197	-4.212707e-16	-6.034501e-17	
   -0.943998	   -0.438197	-6.558985e-16	1.273495e-16	
   -0.943998	   -0.438197	-8.263223e-16	3.025782e-16	
   -0.943998	   -0.438197	-9.158599e-16	4.481884e-16	
   -0.943998	   -0.438197	-9.157468e-16	5.499268e-16	
   -0.943998	   -0.438197	-8.259940e-16	5.978345e-16	
   -0.943998	   -0.438197	-6.553872e-16	5.872221e-16	
   -0.943998	   -0.438197	-4.206264e-16	5.191282e-16	
   -0.943998	   -0.438197	-1.446919e-16	4.002185e-16	
   -0.943998	   -0.438197	1.454061e-16	2.421325e-16	


   -0.943998	   -0.438197	1.454061e-16	2.421325e-16	
   -0.943998	   -0.438197	4.212707e-16	6.034501e-17	
   -0.943998	   -0.438197	6.558985e-16	-1.273495e-16	
   -0.943998	   -0.438197	8.263223e-16	-3.025782e-16	
   -0.943998	   -0.438197	9.158599e-16	-4.481884e-16	
   -0.943998	   -0.438197	9.157468e-16	-5.499268e-16	
   -0.943998	   -0.438197	8.259940e-16	-5.978345e-16	
   -0.943998	   -0.438197	6.553872e-16	-5.872221e-16	
   -0.943998	   -0.438197	4.206264e-16	-5.191282e-16	
   -0.943998	   -0.438197	1.446919e-16	-4.002185e-16	
   -0.943998	   -0.438197	-1.454061e-16	-2.421325e-16	
   -0.943998	   -0.438197	-4.212707e-16	-6.034501e-17	
   -0.943998	   -0.438197	-6.558985e-16	1.273495e-16	
   -0.943998	   -0.438197	-8.263223e-16	3.025782e-16	
   -0.943998	   -0.438197	-9.158599e-16	4.481884e-16	
   -0.943998	   -0.438197	-9.157468e-16	5.499268e-16	
   -0.943998	   -0.438197	-8.259940e-16	5.978345e-16	
   -0.943998	   -0.438197	-6.553872e-16	5.872221e-16	
   -0.943998	   -0.438197	-4.206264e-16	5.191282e-16	
   -0.943998	   -0.438197	-1.446919e-16	4.002185e-16	
   -0.943998	   -0.438197	1.454061e-16	2.421325e-16	


   -0.832499	   -0.652519	1.098311e-16	3.338875e-16	
   -0.832499	   -0.652519	4.822641e-16	1.932670e-16	
   -0.832499	   -0.652519	8.074897e-16	3.372831e-17	
   -0.832499	   -0.652519	1.053673e-15	-1.291120e-16	
   -0.832499	   -0.652519	1.196715e-15	-2.793139e-16	
   -0.832499	   -0.652519	1.222614e-15	-4.021746e-16	
   -0.832499	   -0.652519	1.128835e-15	-4.856677e-16	
   -0.832499	   -0.652519	9.245583e-16	-5.216202e-16	
   -0.832499	   -0.652519	6.297792e-16	-5.065129e-16	
   -0.832499	   -0.652519	2.733529e-16	-4.418246e-16	
   -0.832499	   -0.652519	-1.098311e-16	-3.338875e-16	
   -0.832499	   -0.652519	-4.822641e-16	-1.932670e-16	
   -0.832499	   -0.652519	-8.074897e-16	-3.372831e-17	
   -0.832499	   -0.652519	-1.053673e-15	1.291120e-16	
   -0.832499	   -0.652519	-1.196715e-15	2.793139e-16	
   -0.832499	   -0.652519	-1.222614e-15	4.021746e-16	
   -0.832499	   -0.652519	-1.128835e-15	4.856677e-16	
   -0.832499	   -0.652519	-9.245583e-16	5.216202e-16	
   -0.832499	   -0.652519	-6.297792e-16	5.065129e-16	
   -0.832499	   -0.652519	-2.733529e-16	4.418246e-16	
   -0.832499	   -0.652519	1.098311e-16	3.338875e-16	


   -0.832499	   -0.652519	1.098311e-16	3.338875e-16	
   -0.832499	   -0.652519	4.822641e-16	1.932670e-16	
   -0.832499	   -0.652519	8.074897e-16	3.372831e-17	
   -0.832499	   -0.652519	1.053673e-15	-1.291120e-16	
   -0.832499	   -0.652519	1.196715e-15	-2.793139e-16	
   -0.832499	   -0.652519	1.222614e-15	-4.021746e-16	
   -0.832499	   -0.652519	1.128835e-15	-4.856677e-16	
   -0.832499	   -0.652519	9.245583e-16	-5.216202e-16	
   -0.832499	   -0.652519	6.297792e-16	-5.065129e-16	
   -0.832499	   -0.652519	2.733529e-16	-4.418246e-16	
   -0.832499	   -0.652519	-1.098311e-16	-3.338875e-16	
   -0.832499	   -0.652519	-4.822641e-16	-1.932670e-16	
   -0.832499	   -0.652519	-8.074897e-16	-3.372831e-17	
   -0.832499	   -0.652519	-1.053673e-15	1.291120e-16	
   -0.832499	   -0.652519	-1.196715e-15	2.793139e-16	
   -0.832499	   -0.652519	-1.222614e-15	4.021746e-16	
   -0.832499	   -0.652519	-1.128835e-15	4.856677e-16	
   -0.832499	   -0.652519	-9.245583e-16	5.216202e-16	
   -0.832499	   -0.652519	-6.297792e-16	5.065129e-16	
   -0.832499	   -0.652519	-2.733529e-16	4.418246e-16	
   -0.832499	   -0.652519	1.098311e-16	3.338875e-16	


   -0.677985	   -0.833212	4.941169e-17	4.245254e-16	
   -0.677985	   -0.833212	5.172543e-16	3.490127e-16	
   -0.677985	   -0.833212	9.344644e-16	2.393362e-16	
   -0.677985	   -0.833212	1.260203e-15	1.062318e-16	
   -0.677985	   -0.833212	1.462584e-15	-3.727136e-17	
   -0.677985	   -0.833212	1.521796e-15	-1.771261e-16	
   -0.677985	   -0.833212	1.432045e-15	-2.996425e-16	
   -0.677985	   -0.833212	1.202116e-15	-3.928278e-16	
   -0.677985	   -0.833212	8.545146e-16	-4.475604e-16	
   -0.677985	   -0.833212	4.232677e-16	-4.584827e-16	
   -0.677985	   -0.833212	-4.941169e-17	-4.245254e-16	
   -0.677985	   -0.833212	-5.172543e-16	-3.490127e-16	
   -0.677985	   -0.833212	-9.344644e-16	-2.393362e-16	
   -0.677985	   -0.833212	-1.260203e-15	-1.062318e-16	
   -0.677985	   -0.833212	-1.462584e-15	3.727136e-17	
   -0.677985	   -0.833212	-1.521796e-15	1.771261e-16	
   -0.677985	   -0.833212	-1.432045e-15	2.996425e-16	
   -0.677985	   -0.833212	-1.202116e-15	3.928278e-16	
   -0.677985	   -0.833212	-8.545146e-16	4.475604e-16	
   -0.677985	   -0.833212	-4.232677e-16	4.584827e-16	
   -0.677985	   -0.833212	4.941169e-17	4.245254e-16	


   -0.677985	   -0.833212	4.941169e-17	4.245254e-16	
   -0.677985	   -0.833212	5.172543e-16	3.490127e-16	
   -0.677985	   -0.833212	9.344644e-16	2.393362e-16	
   -0.677985	   -0.833212	1.260203e-15	1.062318e-16	
   -0.677985	   -0.833212	1.462584e-15	-3.727136e-17	
   -0.677985	   -0.833212	1.521796e-15	-1.771261e-16	
   -0.677985	   -0.833212	1.432045e-15	-2.996425e-16	
   -0.677985	   -0.833212	1.202116e-15	-3.928278e-16	
   -0.677985	   -0.833212	8.545146e-16	-4.475604e-16	
   -0.677985	   -0.833212	4.232677e-16	-4.584827e-16	
   -0.677985	   -0.833212	-4.941169e-17	-4.245254e-16	
   -0.677985	   -0.833212	-5.172543e-16	-3.490127e-16	
   -0.677985	   -0.833212	-9.344644e-16	-2.393362e-16	
   -0.677985	   -0.833212	-1.260203e-15	-1.062318e-16	
   -0.677985	   -0.833212	-1.462584e-15	3.727136e-17	
   -0.677985	   -0.833212	-1.521796e-15	1.771261e-16	
   -0.677985	   -0.833212	-1.432045e-15	2.996425e-16	
   -0.677985	   -0.833212	-1.202116e-15	3.928278e-16	
   -0.677985	   -0.833212	-8.545146e-16	4.475604e-16	
   -0.677985	   -0.833212	-4.232677e-16	4.584827e-16	
   -0.677985	   -0.833212	4.941169e-17	4.245254e-16	


   -0.490003	   -0.972850	-3.835769e-17	5.080975e-16	
   -0.490003	   -0.972850	5.452631e-16	5.271468e-16	
   -0.490003	   -0.972850	1.075510e-15	4.945954e-16	
   -0.490003	   -0.972850	1.500478e-15	4.136295e-16	
   -0.490003	   -0.972850	1.778569e-15	2.921747e-16	
   -0.490003	   -0.972850	1.882561e-15	1.421198e-16	
   -0.490003	   -0.972850	1.802275e-15	-2.184680e-17	
   -0.490003	   -0.972850	1.545570e-15	-1.836749e-16	
   -0.490003	   -0.972850	1.137574e-15	-3.275236e-16	
   -0.490003	   -0.972850	6.182238e-16	-4.393120e-16	
   -0.490003	   -0.972850	3.835769e-17	-5.080975e-16	
   -0.490003	   -0.972850	-5.452631e-16	-5.271468e-16	
   -0.490003	   -0.972850	-1.075510e-15	-4.945954e-16	
   -0.490003	   -0.972850	-1.500478e-15	-4.136295e-16	
   -0.490003	   -0.972850	-1.778569e-15	-2.921747e-16	
   -0.490003	   -0.972850	-1.882561e-15	-1.421198e-16	
   -0.490003	   -0.972850	-1.802275e-15	2.184680e-17	
   -0.490003	   -0.972850	-1.545570e-15	1.836749e-16	
   -0.490003	   -0.972850	-1.137574e-15	3.275236e-16	
   -0.490003	   -0.972850	-6.182238e-16	4.393120e-16	
   -0.490003	   -0.972850	-3.835769e-17	5.080975e-16	


   -0.490003	   -0.972850	-3.835769e-17	5.080975e-16	
   -0.490003	   -0.972850	5.452631e-16	5.271468e-16	
   -0.490003	   -0.972850	1.075510e-15	4.945954e-16	
   -0.490003	   -0.972850	1.500478e-15	4.136295e-16	
   -0.490003	   -0.972850	1.778569e-15	2.921747e-16	
   -0.490003	   -0.972850	1.882561e-15	1.421198e-16	
   -0.490003	   -0.972850	1.802275e-15	-2.184680e-17	
   -0.490003	   -0.972850	1.545570e-15	-1.836749e-16	
   -0.490003	   -0.972850	1.137574e-15	-3.275236e-16	
   -0.490003	   -0.972850	6.182238e-16	-4.393120e-16	
   -0.490003	   -0.972850	3.835769e-17	-5.080975e-16	
   -0.490003	   -0.972850	-5.452631e-16	-5.271468e-16	
   -0.490003	   -0.972850	-1.075510e-15	-4.945954e-16	
   -0.490003	   -0.972850	-1.500478e-15	-4.136295e-16	
   -0.490003	   -0.972850	-1.778569e-15	-2.921747e-16	
   -0.490003	   -0.972850	-1.882561e-15	-1.421198e-16	
   -0.490003	   -0.972850	-1.802275e-15	2.184680e-17	
   -0.490003	   -0.972850	-1.545570e-15	1.836749e-16	
   -0.490003	   -0.972850	-1.137574e-15	3.275236e-16	
   -0.490003	   -0.972850	-6.182238e-16	4.393120e-16	
   -0.490003	   -0.972850	-3.835769e-17	5.080975e-16	


   -0.278784	   -1.066497	-1.453154e-16	5.265569e-16	
   -0.278784	   -1.066497	5.332455e-16	6.860871e-16	
   -0.278784	   -1.066497	1.159609e-15	7.784582e-16	
   -0.278784	   -1.066497	1.672461e-15	7.946284e-16	
   -0.278784	   -1.066497	2.021602e-15	7.330149e-16	
   -0.278784	   -1.066497	2.172854e-15	5.996488e-16	
   -0.278784	   -1.066497	2.111412e-15	4.075848e-16	
   -0.278784	   -1.066497	1.843290e-15	1.756236e-16	
   -0.278784	   -1.066497	1.394734e-15	-7.352881e-17	
   -0.278784	   -1.066497	8.096519e-16	-3.154837e-16	
   -0.278784	   -1.066497	1.453154e-16	-5.265569e-16	
   -0.278784	   -1.066497	-5.332455e-16	-6.860871e-16	
   -0.278784	   -1.066497	-1.159609e-15	-7.784582e-16	
   -0.278784	   -1.066497	-1.672461e-15	-7.946284e-16	
   -0.278784	   -1.066497	-2.021602e-15	-7.330149e-16	
   -0.278784	   -1.066497	-2.172854e-15	-5.996488e-16	
   -0.278784	   -1.066497	-2.111412e-15	-4.075848e-16	
   -0.278784	   -1.066497	-1.843290e-15	-1.756236e-16	
   -0.278784	   -1.066497	-1.394734e-15	7.352881e-17	
   -0.278784	   -1.066497	-8.096519e-16	3.154837e-16	
   -0.278784	   -1.066497	-1.453154e-16	5.265569e-16	


   -0.278784	   -1.066497	-1.453154e-16	5.265569e-16	
   -0.278784	   -1.066497	5.332455e-16	6.860871e-16	
   -0.278784	   -1.066497	1.159609e-15	7.784582e-16	
   -0.278784	   -1.066497	1.672461e-15	7.946284e-16	
   -0.278784	   -1.066497	2.021602e-15	7.330149e-16	
   -0.278784	   -1.066497	2.172854e-15	5.996488e-16	
   -0.278784	   -1.066497	2.111412e-15	4.075848e-16	
   -0.278784	   -1.066497	1.843290e-15	1.756236e-16	
   -0.278784	   -1.066497	1.394734e-15	-7.352881e-17	
   -0.278784	   -1.066497	8.096519e-16	-3.154837e-16	
   -0.278784	   -1.066497	1.453154e-16	-5.265569e-16	
   -0.278784	   -1.066497	-5.332455e-16	-6.860871e-16	
   -0.278784	   -1.066497	-1.159609e-15	-7.784582e-16	
   -0.278784	   -1.066497	-1.672461e-15	-7.946284e-16	
   -0.278784	   -1.066497	-2.021602e-15	-7.330149e-16	
   -0.278784	   -1.066497	-2.172854e-15	-5.996488e-16	
   -0.278784	   -1.066497	-2.111412e-15	-4.075848e-16	
   -0.278784	   -1.066497	-1.843290e-15	-1.756236e-16	
   -0.278784	   -1.066497	-1.394734e-15	7.352881e-17	
   -0.278784	   -1.066497	-8.096519e-16	3.154837e-16	
   -0.278784	   -1.066497	-1.453154e-16	5.265569e-16	


   -0.054791	   -1.111463	-2.262017e-16	4.711282e-16	
   -0.054791	   -1.111463	5.297190e-16	8.056925e-16	
   -0.054791	   -1.111463	1.233787e-15	1.061390e-15	
   -0.054791	   -1.111463	1.817084e-15	1.213191e-15	
   -0.054791	   -1.111463	2.222511e-15	1.246237e-15	
   -0.054791	   -1.111463	2.410384e-15	1.157292e-15	
   -0.054791	   -1.111463	2.362312e-15	9.550637e-16	
   -0.054791	   -1.111463	2.083000e-15	6.593469e-16	
   -0.054791	   -1.111463	1.599789e-15	2.990886e-16	
   -0.054791	   -1.111463	9.599803e-16	-9.044658e-17	
   -0.054791	   -1.111463	2.262017e-16	-4.711282e-16	
   -0.054791	   -1.111463	-5.297190e-16	-8.056925e-16	
   -0.054791	   -1.111463	-1.233787e-15	-1.061390e-15	
   -0.054791	   -1.111463	-1.817084e-15	-1.213191e-15	
   -0.054791	   -1.111463	-2.222511e-15	-1.246237e-15	
   -0.054791	   -1.111463	-2.410384e-15	-1.157292e-15	
   -0.054791	   -1.111463	-2.362312e-15	-9.550637e-16	
   -0.054791	   -1.111463	-2.083000e-15	-6.593469e-16	
   -0.054791	   -1.111463	-1.599789e-15	-2.990886e-16	
   -0.054791	   -1.111463	-9.599803e-16	9.044658e-17	
   -0.054791	   -1.111463	-2.262017e-16	4.711282e-16	


   -0.054791	   -1.111463	-2.262017e-16	4.711282e-16	
   -0.054791	   -1.111463	5.297190e-16	8.056925e-16	
   -0.054791	   -1.111463	1.233787e-15	1.061390e-15	
   -0.054791	   -1.111463	1.817084e-15	1.213191e-15	
   -0.054791	   -1.111463	2.222511e-15	1.246237e-15	
   -0.054791	   -1.111463	2.410384e-15	1.157292e-15	
   -0.054791	   -1.111463	2.362312e-15	9.550637e-16	
   -0.054791	   -1.111463	2.083000e-15	6.593469e-16	
   -0.054791	   -1.111463	1.599789e-15	2.990886e-16	
   -0.054791	   -1.111463	9.599803e-16	-9.044658e-17	
   -0.054791	   -1.111463	2.262017e-16	-4.711282e-16	
   -0.054791	   -1.111463	-5.297190e-16	-8.056925e-16	
   -0.054791	   -1.111463	-1.233787e-15	-1.061390e-15	
   -0.054791	   -1.111463	-1.817084e-15	-1.213191e-15	
   -0.054791	   -1.111463	-2.222511e-15	-1.246237e-15	
   -0.054791	   -1.111463	-2.410384e-15	-1.157292e-15	
   -0.054791	   -1.111463	-2.362312e-15	-9.550637e-16	
   -0.054791	   -1.111463	-2.083000e-15	-6.593469e-16	
   -0.054791	   -1.111463	-1.599789e-15	-2.990886e-16	
   -0.054791	   -1.111463	-9.599803e-16	9.044658e-17	
   -0.054791	   -1.111463	-2.262017e-16	4.711282e-16	


    0.171668	   -1.107098	-2.993133e-16	4.116238e-16	
    0.171668	   -1.107098	5.018880e-16	9.634207e-16	
    0.171668	   -1.107098	1.253961e-15	1.420911e-15	
    0.171668	   -1.107098	1.883288e-15	1.739313e-15	
    0.171668	   -1.107098	2.328265e-15	1.887459e-15	
    0.171668	   -1.107098	2.545335e-15	1.850847e-15	
    0.171668	   -1.107098	2.513251e-15	1.633061e-15	
    0.171668	   -1.107098	2.235151e-15	1.255420e-15	
    0.171668	   -1.107098	1.738260e-15	7.548900e-16	
    0.171668	   -1.107098	1.071216e-15	1.804657e-16	
    0.171668	   -1.107098	2.993133e-16	-4.116238e-16	
    0.171668	   -1.107098	-5.018880e-16	-9.634207e-16	
    0.171668	   -1.107098	-1.253961e-15	-1.420911e-15	
    0.171668	   -1.107098	-1.883288e-15	-1.739313e-15	
    0.171668	   -1.107098	-2.328265e-15	-1.887459e-15	
    0.171668	   -1.107098	-2.545335e-15	-1.850847e-15	
    0.171668	   -1.107098	-2.513251e-15	-1.633061e-15	
    0.171668	   -1.107098	-2.235151e-15	-1.255420e-15	
    0.171668	   -1.107098	-1.738260e-15	-7.548900e-16	
    0.171668	   -1.107098	-1.071216e-15	-1.804657e-16	
    0.171668	   -1.107098	-2.993133e-16	4.116238e-16	


    0.171668	   -1.107098	-2.993133e-16	4.116238e-16	
    0.171668	   -1.107098	5.018880e-16	9.634207e-16	
    0.171668	   -1.107098	1.253961e-15	1.420911e-15	
    0.171668	   -1.107098	1.883288e-15	1.739313e-15	
    0.171668	   -1.107098	2.328265e-15	1.887459e-15	
    0.171668	   -1.107098	2.545335e-15	1.850847e-15	
    0.171668	   -1.107098	2.513251e-15	1.633061e-15	
    0.171668	   -1.107098	2.235151e-15	1.255420e-15	
    0.171668	   -1.107098	1.738260e-15	7.548900e-16	
    0.171668	   -1.107098	1.071216e-15	1.804657e-16	
    0.171668	   -1.107098	2.993133e-16	-4.116238e-16	
    0.171668	   -1.107098	-5.018880e-16	-9.634207e-16	
    0.171668	   -1.107098	-1.253961e-15	-1.420911e-15	
    0.171668	   -1.107098	-1.883288e-15	-1.739313e-15	
    0.171668	   -1.107098	-2.328265e-15	-1.887459e-15	
    0.171668	   -1.107098	-2.545335e-15	-1.850847e-15	
    0.171668	   -1.107098	-2.513251e-15	-1.633061e-15	
    0.171668	   -1.107098	-2.235151e-15	-1.255420e-15	
    0.171668	   -1.107098	-1.738260e-15	-7.548900e-16	
    0.171668	   -1.107098	-1.071216e-15	-1.804657e-16	
    0.171668	   -1.107098	-2.993133e-16	4.116238e-16	


    0.390671	   -1.054576	-2.543106e-15	-2.643008e-15	
    0.390671	   -1.054576	-2.540091e-15	-2.396787e-15	
    0.390671	   -1.054576	-2.288434e-15	-1.915952e-15	
    0.390671	   -1.054576	-1.812770e-15	-1.247570e-15	
    0.390671	   -1.054576	-1.159658e-15	-4.570678e-16	
    0.390671	   -1.054576	-3.930320e-16	3.781759e-16	
    0.390671	   -1.054576	4.120673e-16	1.176401e-15	
    0.390671	   -1.054576	1.176830e-15	1.859472e-15	
    0.390671	   -1.054576	1.826397e-15	2.360525e-15	
    0.390671	   -1.054576	2.297184e-15	2.630513e-15	
    0.390671	   -1.054576	2.543106e-15	2.643008e-15	
    0.390671	   -1.054576	2.540091e-15	2.396787e-15	
    0.390671	   -1.054576	2.288434e-15	1.915952e-15	
    0.390671	   -1.054576	1.812770e-15	1.247570e-15	
    0.390671	   -1.054576	1.159658e-15	4.570678e-16	
    0.390671	   -1.054576	3.930320e-16	-3.781759e-16	
    0.390671	   -1.054576	-4.120673e-16	-1.176401e-15	
    0.390671	   -1.054576	-1.176830e-15	-1.859472e-15	
    0.390671	   -1.054576	-1.826397e-15	-2.360525e-15	
    0.390671	   -1.054576	-2.297184e-15	-2.630513e-15	
    0.390671	   -1.054576	-2.543106e-15	-2.643008e-15	


    0.390671	   -1.054576	-2.543106e-15	-2.643008e-15	
    0.390671	   -1.054576	-2.540091e-15	-2.396787e-15	
    0.390671	   -1.054576	-2.288434e-15	-1.915952e-15	
    0.390671	   -1.054576	-1.812770e-15	-1.247570e-15	
    0.390671	   -1.054576	-1.159658e-15	-4.570678e-16	
    0.390671	   -1.054576	-3.930320e-16	3.781759e-16	
    0.390671	   -1.054576	4.120673e-16	1.176401e-15	
    0.390671	   -1.054576	1.176830e-15	1.859472e-15	
    0.390671	   -1.054576	1.826397e-15	2.360525e-15	
    0.390671	   -1.054576	2.297184e-15	2.630513e-15	
    0.390671	   -1.054576	2.543106e-15	2.643008e-15	
    0.390671	   -1.054576	2.540091e-15	2.396787e-15	
    0.390671	   -1.054576	2.288434e-15	1.915952e-15	
    0.390671	   -1.054576	1.812770e-15	1.247570e-15	
    0.390671	   -1.054576	1.159658e-15	4.570678e-16	
    0.390671	   -1.054576	3.930320e-16	-3.781759e-16	
    0.390671	   -1.054576	-4.120673e-16	-1.176401e-15	
    0.390671	   -1.054576	-1.176830e-15	-1.859472e-15	
    0.390671	   -1.054576	-1.826397e-15	-2.360525e-15	
    0.390671	   -1.054576	-2.297184e-15	-2.630513e-15	
    0.390671	   -1.054576	-2.543106e-15	-2.643008e-15	


    0.592860	   -0.956711	-2.381316e-15	-3.473003e-15	
    0.592860	   -0.956711	-2.410082e-15	-3.203384e-15	
    0.592860	   -0.956711	-2.202933e-15	-2.620196e-15	
    0.592860	   -0.956711	-1.780144e-15	-1.780524e-15	
    0.592860	   -0.956711	-1.183103e-15	-7.665629e-16	
    0.592860	   -0.956711	-4.702518e-16	3.224352e-16	
    0.592860	   -0.956711	2.886312e-16	1.379871e-15	
    0.592860	   -0.956711	1.019261e-15	2.302235e-15	
    0.592860	   -0.956711	1.650118e-15	2.999241e-15	
    0.592860	   -0.956711	2.119451e-15	3.402660e-15	
    0.592860	   -0.956711	2.381316e-15	3.473003e-15	
    0.592860	   -0.956711	2.410082e-15	3.203384e-15	
    0.592860	   -0.956711	2.202933e-15	2.620196e-15	
    0.592860	   -0.956711	1.780144e-15	1.780524e-15	
    0.592860	   -0.956711	1.183103e-15	7.665629e-16	
    0.592860	   -0.956711	4.702518e-16	-3.224352e-16	
    0.592860	   -0.956711	-2.886312e-16	-1.379871e-15	
    0.592860	   -0.956711	-1.019261e-15	-2.302235e-15	
    0.592860	   -0.956711	-1.650118e-15	-2.999241e-15	
    0.592860	   -0.956711	-2.119451e-15	-3.402660e-15	
    0.592860	   -0.956711	-2.381316e-15	-3.473003e-15	


    0.592860	   -0.956711	-2.381316e-15	-3.473003e-15	
    0.592860	   -0.956711	-2.410082e-15	-3.203384e-15	
    0.592860	   -0.956711	-2.202933e-15	-2.620196e-15	
    0.592860	   -0.956711	-1.780144e-15	-1.780524e-15	
    0.592860	   -0.956711	-1.183103e-15	-7.665629e-16	
    0.592860	   -0.956711	-4.702518e-16	3.224352e-16	
    0.592860	   -0.956711	2.886312e-16	1.379871e-15	
    0.592860	   -0.956711	1.019261e-15	2.302235e-15	
    0.592860	   -0.956711	1.650118e-15	2.999241e-15	
    0.592860	   -0.956711	2.119451e-15	3.402660e-15	
    0.592860	   -0.956711	2.381316e-15	3.473003e-15	
    0.592860	   -0.956711	2.410082e-15	3.203384e-15	
    0.592860	   -0.956711	2.202933e-15	2.620196e-15	
    0.592860	   -0.956711	1.780144e-15	1.780524e-15	
    0.592860	   -0.956711	1.183103e-15	7.665629e-16	
    0.592860	   -0.956711	4.702518e-16	-3.224352e-16	
    0.592860	   -0.956711	-2.886312e-16	-1.379871e-15	
    0.592860	   -0.956711	-1.019261e-15	-2.302235e-15	
    0.592860	   -0.956711	-1.650118e-15	-2.999241e-15	
    0.592860	   -0.956711	-2.119451e-15	-3.402660e-15	
    0.592860	   -0.956711	-2.381316e-15	-3.473003e-15	


    0.769584	   -0.817832	-1.996697e-15	-4.368174e-15	
    0.769584	   -0.817832	-2.064880e-15	-4.078544e-15	
    0.769584	   -0.817832	-1.930938e-15	-3.389677e-15	
    0.769584	   -0.817832	-1.607983e-15	-2.369005e-15	
    0.769584	   -0.817832	-1.127627e-15	-1.116438e-15	
    0.769584	   -0.817832	-5.368907e-16	2.454133e-16	
    0.769584	   -0.817832	1.064000e-16	1.583242e-15	
    0.769584	   -0.817832	7.392754e-16	2.766092e-15	
    0.769584	   -0.817832	1.299785e-15	3.678178e-15	
    0.769584	   -0.817832	1.733063e-15	4.230218e-15	
    0.769584	   -0.817832	1.996697e-15	4.368174e-15	
    0.769584	   -0.817832	2.064880e-15	4.078544e-15	
    0.769584	   -0.817832	1.930938e-15	3.389677e-15	
    0.769584	   -0.817832	1.607983e-15	2.369005e-15	
    0.769584	   -0.817832	1.127627e-15	1.116438e-15	
    0.769584	   -0.817832	5.368907e-16	-2.454133e-16	
    0.769584	   -0.817832	-1.064000e-16	-1.583242e-15	
    0.769584	   -0.817832	-7.392754e-16	-2.766092e-15	
    0.769584	   -0.817832	-1.299785e-15	-3.678178e-15	
    0.769584	   -0.817832	-1.733063e-15	-4.230218e-15	
    0.769584	   -0.817832	-1.996697e-15	-4.368174e-15	


    0.769584	   -0.817832	-1.996697e-15	-4.368174e-15	
    0.769584	   -0.817832	-2.064880e-15	-4.078544e-15	
    0.769584	   -0.817832	-1.930938e-15	-3.389677e-15	
    0.769584	   -0.817832	-1.607983e-15	-2.369005e-15	
    0.769584	   -0.817832	-1.127627e-15	-1.116438e-15	
    0.769584	   -0.817832	-5.368907e-16	2.454133e-16	
    0.769584	   -0.817832	1.064000e-16	1.583242e-15	
    0.769584	   -0.817832	7.392754e-16	2.766092e-15	
    0.769584	   -0.817832	1.299785e-15	3.678178e-15	
    0.769584	   -0.817832	1.733063e-15	4.230218e-15	
    0.769584	   -0.817832	1.996697e-15	4.368174e-15	
    0.769584	   -0.817832	2.064880e-15	4.078544e-15	
    0.769584	   -0.817832	1.930938e-15	3.389677e-15	
    0.769584	   -0.817832	1.607983e-15	2.369005e-15	
    0.769584	   -0.817832	1.127627e-15	1.116438e-15	
    0.769584	   -0.817832	5.368907e-16	-2.454133e-16	
    0.769584	   -0.817832	-1.064000e-16	-1.583242e-15	
    0.769584	   -0.817832	-7.392754e-16	-2.766092e-15	
    0.769584	   -0.817832	-1.299785e-15	-3.678178e-15	
    0.769584	   -0.817832	-1.733063e-15	-4.230218e-15	
    0.769584	   -0.817832	-1.996697e-15	-4.368174e-15	


    0.912764	   -0.643949	-1.357677e-15	-5.308998e-15	
    0.912764	   -0.643949	-1.484404e-15	-4.999756e-15	
    0.912764	   -0.643949	-1.465828e-15	-4.201103e-15	
    0.912764	   -0.643949	-1.303767e-15	-2.991216e-15	
    0.912764	   -0.643949	-1.014083e-15	-1.488529e-15	
    0.912764	   -0.643949	-6.251342e-16	1.598663e-16	
    0.912764	   -0.643949	-1.749928e-16	1.792613e-15	
    0.912764	   -0.643949	2.922781e-16	3.249886e-15	
    0.912764	   -0.643949	7.309388e-16	4.389037e-15	
    0.912764	   -0.643949	1.098050e-15	5.098559e-15	
    0.912764	   -0.643949	1.357677e-15	5.308998e-15	
    0.912764	   -0.643949	1.484404e-15	4.999756e-15	
    0.912764	   -0.643949	1.465828e-15	4.201103e-15	
    0.912764	   -0.643949	1.303767e-15	2.991216e-15	
    0.912764	   -0.643949	1.014083e-15	1.488529e-15	
    0.912764	   -0.643949	6.251342e-16	-1.598663e-16	
    0.912764	   -0.643949	1.749928e-16	-1.792613e-15	
    0.912764	   -0.643949	-2.922781e-16	-3.249886e-15	
    0.912764	   -0.643949	-7.309388e-16	-4.389037e-15	
    0.912764	   -0.643949	-1.098050e-15	-5.098559e-15	
    0.912764	   -0.643949	-1.357677e-15	-5.308998e-15	


    0.912764	   -0.643949	-1.357677e-15	-5.308998e-15	
    0.912764	   -0.643949	-1.484404e-15	-4.999756e-15	
    0.912764	   -0.643949	-1.465828e-15	-4.201103e-15	
    0.912764	   -0.643949	-1.303767e-15	-2.991216e-15	
    0.912764	   -0.643949	-1.014083e-15	-1.488529e-15	
    0.912764	   -0.643949	-6.251342e-16	1.598663e-16	
    0.912764	   -0.643949	-1.749928e-16	1.792613e-15	
    0.912764	   -0.643949	2.922781e-16	3.249886e-15	
    0.912764	   -0.643949	7.309388e-16	4.389037e-15	
    0.912764	   -0.643949	1.098050e-15	5.098559e-15	
    0.912764	   -0.643949	1.357677e-15	5.308998e-15	
    0.912764	   -0.643949	1.484404e-15	4.999756e-15	
    0.912764	   -0.643949	1.465828e-15	4.201103e-15	
    0.912764	   -0.643949	1.303767e-15	2.991216e-15	
    0.912764	   -0.643949	1.014083e-15	1.488529e-15	
    0.912764	   -0.643949	6.251342e-16	-1.598663e-16	
    0.912764	   -0.643949	1.749928e-16	-1.792613e-15	
    0.912764	   -0.643949	-2.922781e-16	-3.249886e-15	
    0.912764	   -0.643949	-7.309388e-16	-4.389037e-15	
    0.912764	   -0.643949	-1.098050e-15	-5.098559e-15	
    0.912764	   -0.643949	-1.357677e-15	-5.308998e-15	


    1.015422	   -0.442536	-4.854470e-16	-6.102150e-15	
    1.015422	   -0.442536	-6.662372e-16	-5.787217e-15	
    1.015422	   -0.442536	-7.818114e-16	-4.905791e-15	
    1.015422	   -0.442536	-8.208564e-16	-3.544152e-15	
    1.015422	   -0.442536	-7.795504e-16	-1.835586e-15	
    1.015422	   -0.442536	-6.619365e-16	5.265932e-17	
    1.015422	   -0.442536	-4.795276e-16	1.935750e-15	
    1.015422	   -0.442536	-2.501793e-16	3.629356e-15	
    1.015422	   -0.442536	3.658392e-18	4.967696e-15	
    1.015422	   -0.442536	2.571379e-16	5.819762e-15	
    1.015422	   -0.442536	4.854470e-16	6.102150e-15	
    1.015422	   -0.442536	6.662372e-16	5.787217e-15	
    1.015422	   -0.442536	7.818114e-16	4.905791e-15	
    1.015422	   -0.442536	8.208564e-16	3.544152e-15	
    1.015422	   -0.442536	7.795504e-16	1.835586e-15	
    1.015422	   -0.442536	6.619365e-16	-5.265932e-17	
    1.015422	   -0.442536	4.795276e-16	-1.935750e-15	
    1.015422	   -0.442536	2.501793e-16	-3.629356e-15	
    1.015422	   -0.442536	-3.658392e-18	-4.967696e-15	
    1.015422	   -0.442536	-2.571379e-16	-5.819762e-15	
    1.015422	   -0.442536	-4.854470e-16	-6.102150e-15	


    1.015422	   -0.442536	-4.854470e-16	-6.102150e-15	
    1.015422	   -0.442536	-6.662372e-16	-5.787217e-15	
    1.015422	   -0.442536	-7.818114e-16	-4.905791e-15	
    1.015422	   -0.442536	-8.208564e-16	-3.544152e-15	
    1.015422	   -0.442536	-7.795504e-16	-1.835586e-15	
    1.015422	   -0.442536	-6.619365e-16	5.265932e-17	
    1.015422	   -0.442536	-4.795276e-16	1.935750e-15	
    1.015422	   -0.442536	-2.501793e-16	3.629356e-15	
    1.015422	   -0.442536	3.658392e-18	4.967696e-15	
    1.015422	   -0.442536	2.571379e-16	5.819762e-15	
    1.015422	   -0.442536	4.854470e-16	6.102150e-15	
    1.015422	   -0.442536	6.662372e-16	5.787217e-15	
    1.015422	   -0.442536	7.818114e-16	4.905791e-15	
    1.015422	   -0.442536	8.208564e-16	3.544152e-15	
    1.015422	   -0.442536	7.795504e-16	1.835586e-15	
    1.015422	   -0.442536	6.619365e-16	-5.265932e-17	
    1.015422	   -0.442536	4.795276e-16	-1.935750e-15	
    1.015422	   -0.442536	2.501793e-16	-3.629356e-15	
    1.015422	   -0.442536	-3.658392e-18	-4.967696e-15	
    1.015422	   -0.442536	-2.571379e-16	-5.819762e-15	
    1.015422	   -0.442536	-4.854470e-16	-6.102150e-15	


    1.072072	   -0.222033	7.064701e-16	-6.742003e-15	
    1.072072	   -0.222033	4.664998e-16	-6.433548e-15	
    1.072072	   -0.222033	1.808654e-16	-5.495333e-15	
    1.072072	   -0.222033	-1.224735e-16	-4.019196e-15	
    1.072072	   -0.222033	-4.138238e-16	-2.149633e-15	
    1.072072	   -0.222033	-6.646661e-16	-6.964795e-17	
    1.072072	   -0.222033	-8.504463e-16	2.017154e-15	
    1.072072	   -0.222033	-9.529789e-16	3.906504e-15	
    1.072072	   -0.222033	-9.622272e-16	5.413457e-15	
    1.072072	   -0.222033	-8.772861e-16	6.390504e-15	
    1.072072	   -0.222033	-7.064701e-16	6.742003e-15	
    1.072072	   -0.222033	-4.664998e-16	6.433548e-15	
    1.072072	   -0.222033	-1.808654e-16	5.495333e-15	
    1.072072	   -0.222033	1.224735e-16	4.019196e-15	
    1.072072	   -0.222033	4.138238e-16	2.149633e-15	
    1.072072	   -0.222033	6.646661e-16	6.964795e-17	
    1.072072	   -0.222033	8.504463e-16	-2.017154e-15	
    1.072072	   -0.222033	9.529789e-16	-3.906504e-15	
    1.072072	   -0.222033	9.622272e-16	-5.413457e-15	
    1.072072	   -0.222033	8.772861e-16	-6.390504e-15	
    1.072072	   -0.222033	7.064701e-16	-6.742003e-15	


    1.072072	   -0.222033	7.064701e-16	-6.742003e-15	
    1.072072	   -0.222033	4.664998e-16	-6.433548e-15	
    1.072072	   -0.222033	1.808654e-16	-5.495333e-15	
    1.072072	   -0.222033	-1.224735e-16	-4.019196e-15	
    1.072072	   -0.222033	-4.138238e-16	-2.149633e-15	
    1.072072	   -0.222033	-6.646661e-16	-6.964795e-17	
    1.072072	   -0.222033	-8.504463e-16	2.017154e-15	
    1.072072	   -0.222033	-9.529789e-16	3.906504e-15	
    1.072072	   -0.222033	-9.622272e-16	5.413457e-15	
    1.072072	   -0.222033	-8.772861e-16	6.390504e-15	
    1.072072	   -0.222033	-7.064701e-16	6.742003e-15	
    1.072072	   -0.222033	-4.664998e-16	6.433548e-15	
    1.072072	   -0.222033	-1.808654e-16	5.495333e-15	
    1.072072	   -0.222033	1.224735e-16	4.019196e-15	
    1.072072	   -0.222033	4.138238e-16	2.149633e-15	
    1.072072	   -0.222033	6.646661e-16	6.964795e-17	
    1.072072	   -0.222033	8.504463e-16	-2.017154e-15	
    1.072072	   -0.222033	9.529789e-16	-3.906504e-15	
    1.072072	   -0.222033	9.622272e-16	-5.413457e-15	
    1.072072	   -0.222033	8.772861e-16	-6.390504e-15	
    1.072072	   -0.222033	7.064701e-16	-6.742003e-15	


    1.078630	    0.007928	2.169530e-15	-7.115583e-15	
    1.078630	    0.007928	1.826148e-15	-6.839643e-15	
    1.078630	    0.007928	1.304010e-15	-5.894191e-15	
    1.078630	    0.007928	6.542262e-16	-4.371774e-15	
    1.078630	    0.007928	-5.959767e-17	-2.421418e-15	
    1.078630	    0.007928	-7.675877e-16	-2.340362e-16	
    1.078630	    0.007928	-1.400441e-15	1.976254e-15	
    1.078630	    0.007928	-1.896209e-15	3.993096e-15	
    1.078630	    0.007928	-2.206363e-15	5.619065e-15	
    1.078630	    0.007928	-2.300543e-15	6.695001e-15	
    1.078630	    0.007928	-2.169530e-15	7.115583e-15	
    1.078630	    0.007928	-1.826148e-15	6.839643e-15	
    1.078630	    0.007928	-1.304010e-15	5.894191e-15	
    1.078630	    0.007928	-6.542262e-16	4.371774e-15	
    1.078630	    0.007928	5.959767e-17	2.421418e-15	
    1.078630	    0.007928	7.675877e-16	2.340362e-16	
    1.078630	    0.007928	1.400441e-15	-1.976254e-15	
    1.078630	    0.007928	1.896209e-15	-3.993096e-15	
    1.078630	    0.007928	2.206363e-15	-5.619065e-15	
    1.078630	    0.007928	2.300543e-15	-6.695001e-15	
    1.078630	    0.007928	2.169530e-15	-7.115583e-15	


    1.078630	    0.007928	2.169530e-15	-7.115583e-15	
    1.078630	    0.007928	1.826148e-15	-6.839643e-15	
    1.078630	    0.007928	1.304010e-15	-5.894191e-15	
    1.078630	    0.007928	6.542262e-16	-4.371774e-15	
    1.078630	    0.007928	-5.959767e-17	-2.421418e-15	
    1.078630	    0.007928	-7.675877e-16	-2.340362e-16	
    1.078630	    0.007928	-1.400441e-15	1.976254e-15	
    1.078630	    0.007928	-1.896209e-15	3.993096e-15	
    1.078630	    0.007928	-2.206363e-15	5.619065e-15	
    1.078630	    0.007928	-2.300543e-15	6.695001e-15	
    1.078630	    0.007928	-2.169530e-15	7.115583e-15	
    1.078630	    0.007928	-1.826148e-15	6.839643e-15	
    1.078630	    0.007928	-1.304010e-15	5.894191e-15	
    1.078630	    0.007928	-6.542262e-16	4.371774e-15	
    1.078630	    0.007928	5.959767e-17	2.421418e-15	
    1.078630	    0.007928	7.675877e-16	2.340362e-16	
    1.078630	    0.007928	1.400441e-15	-1.976254e-15	
    1.078630	    0.007928	1.896209e-15	-3.993096e-15	
    1.078630	    0.007928	2.206363e-15	-5.619065e-15	
    1.078630	    0.007928	2.300543e-15	-6.695001e-15	
    1.078630	    0.007928	2.169530e-15	-7.115583e-15	


    1.032700	    0.236587	3.709858e-15	-7.138408e-15	
    1.032700	    0.236587	3.292060e-15	-6.911795e-15	
    1.032700	    0.236587	2.552013e-15	-6.008609e-15	
    1.032700	    0.236587	1.562157e-15	-4.517257e-15	
    1.032700	    0.236587	4.193866e-16	-2.583726e-15	
    1.032700	    0.236587	-7.644366e-16	-3.972806e-16	
    1.032700	    0.236587	-1.873432e-15	1.828053e-15	
    1.032700	    0.236587	-2.799042e-15	3.874444e-15	
    1.032700	    0.236587	-3.450663e-15	5.541577e-15	
    1.032700	    0.236587	-3.764508e-15	6.666263e-15	
    1.032700	    0.236587	-3.709858e-15	7.138408e-15	
    1.032700	    0.236587	-3.292060e-15	6.911795e-15	
    1.032700	    0.236587	-2.552013e-15	6.008609e-15	
    1.032700	    0.236587	-1.562157e-15	4.517257e-15	
    1.032700	    0.236587	-4.193866e-16	2.583726e-15	
    1.032700	    0.236587	7.644366e-16	3.972806e-16	
    1.032700	    0.236587	1.873432e-15	-1.828053e-15	
    1.032700	    0.236587	2.799042e-15	-3.874444e-15	
    1.032700	    0.236587	3.450663e-15	-5.541577e-15	
    1.032700	    0.236587	3.764508e-15	-6.666263e-15	
    1.032700	    0.236587	3.709858e-15	-7.138408e-15	


    1.032700	    0.236587	3.709858e-15	-7.138408e-15	
    1.032700	    0.236587	3.292060e-15	-6.911795e-15	
    1.032700	    0.236587	2.552013e-15	-6.008609e-15	
    1.032700	    0.236587	1.562157e-15	-4.517257e-15	
    1.032700	    0.236587	4.193866e-16	-2.583726e-15	
    1.032700	    0.236587	-7.644366e-16	-3.972806e-16	
    1.032700	    0.236587	-1.873432e-15	1.828053e-15	
    1.032700	    0.236587	-2.799042e-15	3.874444e-15	
    1.032700	    0.236587	-3.450663e-15	5.541577e-15	
    1.032700	    0.236587	-3.764508e-15	6.666263e-15	
    1.032700	    0.236587	-3.709858e-15	7.138408e-15	
    1.032700	    0.236587	-3.292060e-15	6.911795e-15	
    1.032700	    0.236587	-2.552013e-15	6.008609e-15	
    1.032700	    0.236587	-1.562157e-15	4.517257e-15	
    1.032700	    0.236587	-4.193866e-16	2.583726e-15	
    1.032700	    0.236587	7.644366e-16	3.972806e-16	
    1.032700	    0.236587	1.873432e-15	-1.828053e-15	
    1.032700	    0.236587	2.799042e-15	-3.874444e-15	
    1.032700	    0.236587	3.450663e-15	-5.541577e-15	
    1.032700	    0.236587	3.764508e-15	-6.666263e-15	
    1.032700	    0.236587	3.709858e-15	-7.138408e-15	


    0.933950	    0.452177	5.480726e-15	-6.724116e-15	
    0.933950	    0.452177	4.974791e-15	-6.588751e-15	
    0.933950	    0.452177	3.981889e-15	-5.808433e-15	
    0.933950	    0.452177	2.599212e-15	-4.459545e-15	
    0.933950	    0.452177	9.621059e-16	-2.674126e-15	
    0.933950	    0.452177	-7.691777e-16	-6.269452e-16	
    0.933950	    0.452177	-2.425169e-15	1.481606e-15	
    0.933950	    0.452177	-3.843768e-15	3.445127e-15	
    0.933950	    0.452177	-4.886112e-15	5.071415e-15	
    0.933950	    0.452177	-5.450169e-15	6.201277e-15	
    0.933950	    0.452177	-5.480726e-15	6.724116e-15	
    0.933950	    0.452177	-4.974791e-15	6.588751e-15	
    0.933950	    0.452177	-3.981889e-15	5.808433e-15	
    0.933950	    0.452177	-2.599212e-15	4.459545e-15	
    0.933950	    0.452177	-9.621059e-16	2.674126e-15	
    0.933950	    0.452177	7.691777e-16	6.269452e-16	
    0.933950	    0.452177	2.425169e-15	-1.481606e-15	
    0.933950	    0.452177	3.843768e-15	-3.445127e-15	
    0.933950	    0.452177	4.886112e-15	-5.071415e-15	
    0.933950	    0.452177	5.450169e-15	-6.201277e-15	
    0.933950	    0.452177	5.480726e-15	-6.724116e-15	


    0.933950	    0.452177	5.480726e-15	-6.724116e-15	
    0.933950	    0.452177	4.974791e-15	-6.588751e-15	
    0.933950	    0.452177	3.981889e-15	-5.808433e-15	
    0.933950	    0.452177	2.599212e-15	-4.459545e-15	
    0.933950	    0.452177	9.621059e-16	-2.674126e-15	
    0.933950	    0.452177	-7.691777e-16	-6.269452e-16	
    0.933950	    0.452177	-2.425169e-15	1.481606e-15	
    0.933950	    0.452177	-3.843768e-15	3.445127e-15	
    0.933950	    0.452177	-4.886112e-15	5.071415e-15	
    0.933950	    0.452177	-5.450169e-15	6.201277e-15	
    0.933950	    0.452177	-5.480726e-15	6.724116e-15	
    0.933950	    0.452177	-4.974791e-15	6.588751e-15	
    0.933950	    0.452177	-3.981889e-15	5.808433e-15	
    0.933950	    0.452177	-2.599212e-15	4.459545e-15	
    0.933950	    0.452177	-9.621059e-16	2.674126e-15	
    0.933950	    0.452177	7.691777e-16	6.269452e-16	
    0.933950	    0.452177	2.425169e-15	-1.481606e-15	
    0.933950	    0.452177	3.843768e-15	-3.445127e-15	
    0.933950	    0.452177	4.886112e-15	-5.071415e-15	
    0.933950	    0.452177	5.450169e-15	-6.201277e-15	
    0.933950	    0.452177	5.480726e-15	-6.724116e-15	


    0.784197	    0.642890	6.994663e-16	8.773718e-16	
    0.784197	    0.642890	2.903112e-15	-9.496725e-16	
    0.784197	    0.642890	4.822581e-15	-2.683756e-15	
    0.784197	    0.642890	6.269982e-15	-4.155135e-15	
    0.784197	    0.642890	7.103633e-15	-5.219781e-15	
    0.784197	    0.642890	7.241932e-15	-5.773478e-15	
    0.784197	    0.642890	6.671339e-15	-5.762026e-15	
    0.784197	    0.642890	5.447710e-15	-5.186548e-15	
    0.784197	    0.642890	3.690821e-15	-4.103374e-15	
    0.784197	    0.642890	1.572648e-15	-2.618533e-15	
    0.784197	    0.642890	-6.994663e-16	-8.773718e-16	
    0.784197	    0.642890	-2.903112e-15	9.496725e-16	
    0.784197	    0.642890	-4.822581e-15	2.683756e-15	
    0.784197	    0.642890	-6.269982e-15	4.155135e-15	
    0.784197	    0.642890	-7.103633e-15	5.219781e-15	
    0.784197	    0.642890	-7.241932e-15	5.773478e-15	
    0.784197	    0.642890	-6.671339e-15	5.762026e-15	
    0.784197	    0.642890	-5.447710e-15	5.186548e-15	
    0.784197	    0.642890	-3.690821e-15	4.103374e-15	
    0.784197	    0.642890	-1.572648e-15	2.618533e-15	
    0.784197	    0.642890	6.994663e-16	8.773718e-16	


    0.784197	    0.642890	6.994663e-16	8.773718e-16	
    0.784197	    0.642890	2.903112e-15	-9.496725e-16	
    0.784197	    0.642890	4.822581e-15	-2.683756e-15	
    0.784197	    0.642890	6.269982e-15	-4.155135e-15	
    0.784197	    0.642890	7.103633e-15	-5.219781e-15	
    0.784197	    0.642890	7.241932e-15	-5.773478e-15	
    0.784197	    0.642890	6.671339e-15	-5.762026e-15	
    0.784197	    0.642890	5.447710e-15	-5.186548e-15	
    0.784197	    0.642890	3.690821e-15	-4.103374e-15	
    0.784197	    0.642890	1.572648e-15	-2.618533e-15	
    0.784197	    0.642890	-6.994663e-16	-8.773718e-16	
    0.784197	    0.642890	-2.903112e-15	9.496725e-16	
    0.784197	    0.642890	-4.822581e-15	2.683756e-15	
    0.784197	    0.642890	-6.269982e-15	4.155135e-15	
    0.784197	    0.642890	-7.103633e-15	5.219781e-15	
    0.784197	    0.642890	-7.241932e-15	5.773478e-15	
    0.784197	    0.642890	-6.671339e-15	5.762026e-15	
    0.784197	    0.642890	-5.447710e-15	5.186548e-15	
    0.784197	    0.642890	-3.690821e-15	4.103374e-15	
    0.784197	    0.642890	-1.572648e-15	2.618533e-15	
    0.784197	    0.642890	6.994663e-16	8.773718e-16	


    0.588623	    0.795814	5.468826e-16	1.140561e-15	
    0.588623	    0.795814	3.260515e-15	-2.292442e-16	
    0.588623	    0.795814	5.654986e-15	-1.576609e-15	
    0.588623	    0.795814	7.495907e-15	-2.769645e-15	
    0.588623	    0.795814	8.603077e-15	-3.691568e-15	
    0.588623	    0.795814	8.868117e-15	-4.252135e-15	
    0.588623	    0.795814	8.265085e-15	-4.396473e-15	
    0.588623	    0.795814	6.853008e-15	-4.110454e-15	
    0.588623	    0.795814	4.770111e-15	-3.422075e-15	
    0.588623	    0.795814	2.220283e-15	-2.398720e-15	
    0.588623	    0.795814	-5.468826e-16	-1.140561e-15	
    0.588623	    0.795814	-3.260515e-15	2.292442e-16	
    0.588623	    0.795814	-5.654986e-15	1.576609e-15	
    0.588623	    0.795814	-7.495907e-15	2.769645e-15	
    0.588623	    0.795814	-8.603077e-15	3.691568e-15	
    0.588623	    0.795814	-8.868117e-15	4.252135e-15	
    0.588623	    0.795814	-8.265085e-15	4.396473e-15	
    0.588623	    0.795814	-6.853008e-15	4.110454e-15	
    0.588623	    0.795814	-4.770111e-15	3.422075e-15	
    0.588623	    0.795814	-2.220283e-15	2.398720e-15	
    0.588623	    0.795814	5.468826e-16	1.140561e-15	


    0.588623	    0.795814	5.468826e-16	1.140561e-15	
    0.588623	    0.795814	3.260515e-15	-2.292442e-16	
    0.588623	    0.795814	5.654986e-15	-1.576609e-15	
    0.588623	    0.795814	7.495907e-15	-2.769645e-15	
    0.588623	    0.795814	8.603077e-15	-3.691568e-15	
    0.588623	    0.795814	8.868117e-15	-4.252135e-15	
    0.588623	    0.795814	8.265085e-15	-4.396473e-15	
    0.588623	    0.795814	6.853008e-15	-4.110454e-15	
    0.588623	    0.795814	4.770111e-15	-3.422075e-15	
    0.588623	    0.795814	2.220283e-15	-2.398720e-15	
    0.588623	    0.795814	-5.468826e-16	-1.140561e-15	
    0.588623	    0.795814	-3.260515e-15	2.292442e-16	
    0.588623	    0.795814	-5.654986e-15	1.576609e-15	
    0.588623	    0.795814	-7.495907e-15	2.769645e-15	
    0.588623	    0.795814	-8.603077e-15	3.691568e-15	
    0.588623	    0.795814	-8.868117e-15	4.252135e-15	
    0.588623	    0.795814	-8.265085e-15	4.396473e-15	
    0.588623	    0.795814	-6.853008e-15	4.110454e-15	
    0.588623	    0.795814	-4.770111e-15	3.422075e-15	
    0.588623	    0.795814	-2.220283e-15	2.398720e-15	
    0.588623	    0.795814	5.468826e-16	1.140561e-15	


    0.356225	    0.898500	2.957090e-16	1.366724e-15	
    0.356225	    0.898500	3.407453e-15	6.234336e-16	
    0.356225	    0.898500	6.185651e-15	-1.808833e-16	
    0.356225	    0.898500	8.358355e-15	-9.674940e-16	
    0.356225	    0.898500	9.712885e-15	-1.659400e-15	
    0.356225	    0.898500	1.011665e-14	-2.188872e-15	
    0.356225	    0.898500	9.530127e-15	-2.504082e-15	
    0.356225	    0.898500	8.010728e-15	-2.574175e-15	
    0.356225	    0.898500	5.707184e-15	-2.392290e-15	
    0.356225	    0.898500	2.844981e-15	-1.976231e-15	
    0.356225	    0.898500	-2.957090e-16	-1.366724e-15	
    0.356225	    0.898500	-3.407453e-15	-6.234336e-16	
    0.356225	    0.898500	-6.185651e-15	1.808833e-16	
    0.356225	    0.898500	-8.358355e-15	9.674940e-16	
    0.356225	    0.898500	-9.712885e-15	1.659400e-15	
    0.356225	    0.898500	-1.011665e-14	2.188872e-15	
    0.356225	    0.898500	-9.530127e-15	2.504082e-15	
    0.356225	    0.898500	-8.010728e-15	2.574175e-15	
    0.356225	    0.898500	-5.707184e-15	2.392290e-15	
    0.356225	    0.898500	-2.844981e-15	1.976231e-15	
    0.356225	    0.898500	2.957090e-16	1.366724e-15	


    0.356225	    0.898500	2.957090e-16	1.366724e-15	
    0.356225	    0.898500	3.407453e-15	6.234336e-16	
    0.356225	    0.898500	6.185651e-15	-1.808833e-16	
    0.356225	    0.898500	8.358355e-15	-9.674940e-16	
    0.356225	    0.898500	9.712885e-15	-1.659400e-15	
    0.356225	    0.898500	1.011665e-14	-2.188872e-15	
    0.356225	    0.898500	9.530127e-15	-2.504082e-15	
    0.356225	    0.898500	8.010728e-15	-2.574175e-15	
    0.356225	    0.898500	5.707184e-15	-2.392290e-15	
    0.356225	    0.898500	2.844981e-15	-1.976231e-15	
    0.356225	    0.898500	-2.957090e-16	-1.366724e-15	
    0.356225	    0.898500	-3.407453e-15	-6.234336e-16	
    0.356225	    0.898500	-6.185651e-15	1.808833e-16	
    0.356225	    0.898500	-8.358355e-15	9.674940e-16	
    0.356225	    0.898500	-9.712885e-15	1.659400e-15	
    0.356225	    0.898500	-1.011665e-14	2.188872e-15	
    0.356225	    0.898500	-9.530127e-15	2.504082e-15	
    0.356225	    0.898500	-8.010728e-15	2.574175e-15	
    0.356225	    0.898500	-5.707184e-15	2.392290e-15	
    0.356225	    0.898500	-2.844981e-15	1.976231e-15	
    0.356225	    0.898500	2.957090e-16	1.366724e-15	


    0.099977	    0.940423	-5.171167e-17	1.536727e-15	
    0.099977	    0.940423	3.292528e-15	1.573965e-15	
    0.099977	    0.940423	6.314473e-15	1.457131e-15	
    0.099977	    0.940423	8.718313e-15	1.197664e-15	
    0.099977	    0.940423	1.026874e-14	8.209611e-16	
    0.099977	    0.940423	1.081400e-14	3.638967e-16	
    0.099977	    0.940423	1.030070e-14	-1.287884e-16	
    0.099977	    0.940423	8.779104e-15	-6.088669e-16	
    0.099977	    0.940423	6.398144e-15	-1.029345e-15	
    0.099977	    0.940423	3.390890e-15	-1.349064e-15	
    0.099977	    0.940423	5.171167e-17	-1.536727e-15	
    0.099977	    0.940423	-3.292528e-15	-1.573965e-15	
    0.099977	    0.940423	-6.314473e-15	-1.457131e-15	
    0.099977	    0.940423	-8.718313e-15	-1.197664e-15	
    0.099977	    0.940423	-1.026874e-14	-8.209611e-16	
    0.099977	    0.940423	-1.081400e-14	-3.638967e-16	
    0.099977	    0.940423	-1.030070e-14	1.287884e-16	
    0.099977	    0.940423	-8.779104e-15	6.088669e-16	
    0.099977	    0.940423	-6.398144e-15	1.029345e-15	
    0.099977	    0.940423	-3.390890e-15	1.349064e-15	
    0.099977	    0.940423	-5.171167e-17	1.536727e-15	


    0.099977	    0.940423	-5.171167e-17	1.536727e-15	
    0.099977	    0.940423	3.292528e-15	1.573965e-15	
    0.099977	    0.940423	6.314473e-15	1.457131e-15	
    0.099977	    0.940423	8.718313e-15	1.197664e-15	
    0.099977	    0.940423	1.026874e-14	8.209611e-16	
    0.099977	    0.940423	1.081400e-14	3.638967e-16	
    0.099977	    0.940423	1.030070e-14	-1.287884e-16	
    0.099977	    0.940423	8.779104e-15	-6.088669e-16	
    0.099977	    0.940423	6.398144e-15	-1.029345e-15	
    0.099977	    0.940423	3.390890e-15	-1.349064e-15	
    0.099977	    0.940423	5.171167e-17	-1.536727e-15	
    0.099977	    0.940423	-3.292528e-15	-1.573965e-15	
    0.099977	    0.940423	-6.314473e-15	-1.457131e-15	
    0.099977	    0.940423	-8.718313e-15	-1.197664e-15	
    0.099977	    0.940423	-1.026874e-14	-8.209611e-16	
    0.099977	    0.940423	-1.081400e-14	-3.638967e-16	
    0.099977	    0.940423	-1.030070e-14	1.287884e-16	
    0.099977	    0.940423	-8.779104e-15	6.088669e-16	
    0.099977	    0.940423	-6.398144e-15	1.029345e-15	
    0.099977	    0.940423	-3.390890e-15	1.349064e-15	
    0.099977	    0.940423	-5.171167e-17	1.536727e-15	


