    0.29266408     0.95621532    -0.00005867    -0.99337201     0.25120695     0.02135667     0.00000881    -0.00000759    -0.00000385     0.00000000     0.00000000     0.00000000     0.00000000     0.00000000     0.00000000     0.00000000     0.00000000     0.00000000     0.00000000     0.00000000     0.00000000     0.00000000     0.00000000     0.00000000     0.00000000     0.00000000     0.00000000 
    0.04012824     0.98826306     0.00517726    -1.03534242     0.00487081     0.02070082     0.00000809    -0.00000508    -0.00000472     0.00000000     0.00000000     0.00000000     0.00000000     0.00000000     0.00000000     0.00000000     0.00000000     0.00000000     0.00000000     0.00000000     0.00000000     0.00000000     0.00000000     0.00000000     0.00000000     0.00000000     0.00000000 
   -0.21486008     0.95803122     0.01008429    -1.01245693    -0.24859240     0.01870620     0.00000612    -0.00000287    -0.00000548     0.00000000     0.00000000     0.00000000     0.00000000     0.00000000     0.00000000     0.00000000     0.00000000     0.00000000     0.00000000     0.00000000     0.00000000     0.00000000     0.00000000     0.00000000     0.00000000     0.00000000     0.00000000 
   -0.45596882     0.86611603     0.01433982    -0.92365559    -0.48990140     0.01546870     0.00000299    -0.00000096    -0.00000571     0.00000000     0.00000000     0.00000000     0.00000000     0.00000000     0.00000000     0.00000000     0.00000000     0.00000000     0.00000000     0.00000000     0.00000000     0.00000000     0.00000000     0.00000000     0.00000000     0.00000000     0.00000000 
   -0.66744504     0.71792838     0.01766214    -0.77471547    -0.69995322     0.01122004     0.00000069     0.00000082    -0.00000614     0.00000000     0.00000000     0.00000000     0.00000000     0.00000000     0.00000000     0.00000000     0.00000000     0.00000000     0.00000000     0.00000000     0.00000000     0.00000000     0.00000000     0.00000000     0.00000000     0.00000000     0.00000000 
   -0.83577397     0.52328400     0.01984090    -0.57771606    -0.86274513     0.00629830    -0.00000052     0.00000363    -0.00000621     0.00000000     0.00000000     0.00000000     0.00000000     0.00000000     0.00000000     0.00000000     0.00000000     0.00000000     0.00000000     0.00000000     0.00000000     0.00000000     0.00000000     0.00000000     0.00000000     0.00000000     0.00000000 
   -0.95102476     0.29533114     0.02075762    -0.34910316    -0.96765692     0.00109660    -0.00000128     0.00001026    -0.00000821     0.00000000     0.00000000     0.00000000     0.00000000     0.00000000     0.00000000     0.00000000     0.00000000     0.00000000     0.00000000     0.00000000     0.00000000     0.00000000     0.00000000     0.00000000     0.00000000     0.00000000     0.00000000 
   -1.00760420     0.04906663     0.02039115    -0.10698751    -1.01042436    -0.00399948    -0.00000348     0.00002973    -0.00001322     0.00000000     0.00000000     0.00000000     0.00000000     0.00000000     0.00000000     0.00000000     0.00000000     0.00000000     0.00000000     0.00000000     0.00000000     0.00000000     0.00000000     0.00000000     0.00000000     0.00000000     0.00000000 
   -1.00433781    -0.20020990     0.01880967     0.13144642    -0.99270452    -0.00865978    -0.00002368     0.00009465    -0.00003231     0.00000000     0.00000000     0.00000000     0.00000000     0.00000000     0.00000000     0.00000000     0.00000000     0.00000000     0.00000000     0.00000000     0.00000000     0.00000000     0.00000000     0.00000000     0.00000000     0.00000000     0.00000000 
   -0.94399836    -0.43819685     0.01615058     0.35174966    -0.92065009    -0.01264700    -0.00005681     0.00011543    -0.00004329     0.00000000     0.00000000     0.00000000     0.00000000     0.00000000     0.00000000     0.00000000     0.00000000     0.00000000     0.00000000     0.00000000     0.00000000     0.00000000     0.00000000     0.00000000     0.00000000     0.00000000     0.00000000 
   -0.83249929    -0.65251883     0.01260463     0.54306818    -0.80328199    -0.01578949    -0.00007830     0.00009304    -0.00003453     0.00000000     0.00000000     0.00000000     0.00000000     0.00000000     0.00000000     0.00000000     0.00000000     0.00000000     0.00000000     0.00000000     0.00000000     0.00000000     0.00000000     0.00000000     0.00000000     0.00000000     0.00000000 
   -0.67798482    -0.83321160     0.00839786     0.69816711    -0.65081754    -0.01798330    -0.00011992     0.00009321    -0.00003501     0.00000000     0.00000000     0.00000000     0.00000000     0.00000000     0.00000000     0.00000000     0.00000000     0.00000000     0.00000000     0.00000000     0.00000000     0.00000000     0.00000000     0.00000000     0.00000000     0.00000000     0.00000000 
   -0.49000253    -0.97285046     0.00376673     0.81287439    -0.47346082    -0.01921606    -0.00003152     0.00001137    -0.00001007     0.00000000     0.00000000     0.00000000     0.00000000     0.00000000     0.00000000     0.00000000     0.00000000     0.00000000     0.00000000     0.00000000     0.00000000     0.00000000     0.00000000     0.00000000     0.00000000     0.00000000     0.00000000 
   -0.27878412    -1.06649664    -0.00104653     0.88556848    -0.28089902    -0.01948575    -0.00003171     0.00000422    -0.00000788     0.00000000     0.00000000     0.00000000     0.00000000     0.00000000     0.00000000     0.00000000     0.00000000     0.00000000     0.00000000     0.00000000     0.00000000     0.00000000     0.00000000     0.00000000     0.00000000     0.00000000     0.00000000 
   -0.05479050    -1.11146252    -0.00581513     0.91613660    -0.08175693    -0.01886825    -0.00003214    -0.00000155    -0.00000540     0.00000000     0.00000000     0.00000000     0.00000000     0.00000000     0.00000000     0.00000000     0.00000000     0.00000000     0.00000000     0.00000000     0.00000000     0.00000000     0.00000000     0.00000000     0.00000000     0.00000000     0.00000000 
    0.17166819    -1.10709828    -0.01032779     0.90574410     0.11619874    -0.01743462    -0.00005980    -0.00001394    -0.00000288     0.00000000     0.00000000     0.00000000     0.00000000     0.00000000     0.00000000     0.00000000     0.00000000     0.00000000     0.00000000     0.00000000     0.00000000     0.00000000     0.00000000     0.00000000     0.00000000     0.00000000     0.00000000 
    0.39067066    -1.05457582    -0.01439240     0.85634345     0.30600623    -0.01526756    -0.00010051    -0.00004143     0.00000645     0.00000000     0.00000000     0.00000000     0.00000000     0.00000000     0.00000000     0.00000000     0.00000000     0.00000000     0.00000000     0.00000000     0.00000000     0.00000000     0.00000000     0.00000000     0.00000000     0.00000000     0.00000000 
    0.59285974    -0.95671136    -0.01783673     0.77049922     0.48132667    -0.01245127    -0.00013124    -0.00008034     0.00001932     0.00000000     0.00000000     0.00000000     0.00000000     0.00000000     0.00000000     0.00000000     0.00000000     0.00000000     0.00000000     0.00000000     0.00000000     0.00000000     0.00000000     0.00000000     0.00000000     0.00000000     0.00000000 
    0.76958400    -0.81783181    -0.02051117     0.65132004     0.63626728    -0.00908139    -0.00123115    -0.00120478     0.00033090     0.00000000     0.00000000     0.00000000     0.00000000     0.00000000     0.00000000     0.00000000     0.00000000     0.00000000     0.00000000     0.00000000     0.00000000     0.00000000     0.00000000     0.00000000     0.00000000     0.00000000     0.00000000 
    0.91276400    -0.64394946    -0.02221846     0.50141422     0.76417552    -0.00497478    -0.00189158    -0.00279342     0.00077384     0.00000000     0.00000000     0.00000000     0.00000000     0.00000000     0.00000000     0.00000000     0.00000000     0.00000000     0.00000000     0.00000000     0.00000000     0.00000000     0.00000000     0.00000000     0.00000000     0.00000000     0.00000000 
    1.01542210    -0.44253560    -0.02276069     0.32557473     0.85929891    -0.00014393    -0.00126114    -0.00313700     0.00088658     0.00000000     0.00000000     0.00000000     0.00000000     0.00000000     0.00000000     0.00000000     0.00000000     0.00000000     0.00000000     0.00000000     0.00000000     0.00000000     0.00000000     0.00000000     0.00000000     0.00000000     0.00000000 
    1.07207178    -0.22203284    -0.02206106     0.13021878     0.91782397     0.00490913    -0.00056284    -0.00331476     0.00096647     0.00000000     0.00000000     0.00000000     0.00000000     0.00000000     0.00000000     0.00000000     0.00000000     0.00000000     0.00000000     0.00000000     0.00000000     0.00000000     0.00000000     0.00000000     0.00000000     0.00000000     0.00000000 
    1.07863027     0.00792848    -0.02009660    -0.07846134     0.93506119     0.00995357     0.00017255    -0.00335399     0.00098012     0.00000000     0.00000000     0.00000000     0.00000000     0.00000000     0.00000000     0.00000000     0.00000000     0.00000000     0.00000000     0.00000000     0.00000000     0.00000000     0.00000000     0.00000000     0.00000000     0.00000000     0.00000000 
    1.03270041     0.23658681    -0.01691351    -0.29295102     0.90663269     0.01469439     0.00091964    -0.00323860     0.00095034     0.00000000     0.00000000     0.00000000     0.00000000     0.00000000     0.00000000     0.00000000     0.00000000     0.00000000     0.00000000     0.00000000     0.00000000     0.00000000     0.00000000     0.00000000     0.00000000     0.00000000     0.00000000 
    0.93395007     0.45217674    -0.01262954    -0.50399581     0.82887839     0.01882571     0.00003826    -0.00007622     0.00001812     0.00000000     0.00000000     0.00000000     0.00000000     0.00000000     0.00000000     0.00000000     0.00000000     0.00000000     0.00000000     0.00000000     0.00000000     0.00000000     0.00000000     0.00000000     0.00000000     0.00000000     0.00000000 
    0.78419723     0.64289005    -0.00765309    -0.70176619     0.70234784     0.02117469     0.00000793    -0.00001421    -0.00000168     0.00000000     0.00000000     0.00000000     0.00000000     0.00000000     0.00000000     0.00000000     0.00000000     0.00000000     0.00000000     0.00000000     0.00000000     0.00000000     0.00000000     0.00000000     0.00000000     0.00000000     0.00000000 
    0.58862304     0.79581364    -0.00223234    -0.87141173     0.52400285     0.02238864     0.00026596    -0.00017593     0.00004444     0.00000000     0.00000000     0.00000000     0.00000000     0.00000000     0.00000000     0.00000000     0.00000000     0.00000000     0.00000000     0.00000000     0.00000000     0.00000000     0.00000000     0.00000000     0.00000000     0.00000000     0.00000000 
    0.35622491     0.89850018     0.00333562    -0.99657225     0.29808675     0.02227737     0.00009531    -0.00003637     0.00000550     0.00000000     0.00000000     0.00000000     0.00000000     0.00000000     0.00000000     0.00000000     0.00000000     0.00000000     0.00000000     0.00000000     0.00000000     0.00000000     0.00000000     0.00000000     0.00000000     0.00000000     0.00000000 
    0.09997682     0.94042334     0.00867532    -1.06116722     0.03562092     0.02056095     0.00079873    -0.00004266     0.00002884     0.00000000     0.00000000     0.00000000     0.00000000     0.00000000     0.00000000     0.00000000     0.00000000     0.00000000     0.00000000     0.00000000     0.00000000     0.00000000     0.00000000     0.00000000     0.00000000     0.00000000     0.00000000 
    0.09997682     0.94042334     0.00867532    -1.06036849     0.03557827     0.02058979     0.00000000     0.00000000     0.00000000     0.00000000     0.00000000     0.00000000     0.00000000     0.00000000     0.00000000     0.00000000     0.00000000     0.00000000     0.00000000     0.00000000     0.00000000     0.00000000     0.00000000     0.00000000     0.00000000     0.00000000     0.00000000 
   -0.16182676     0.91487807     0.01337273    -1.05069647    -0.24404570     0.01726012     0.00000237    -0.00000212    -0.00000167     0.00000000     0.00000000     0.00000000     0.00000000     0.00000000     0.00000000     0.00000000     0.00000000     0.00000000     0.00000000     0.00000000     0.00000000     0.00000000     0.00000000     0.00000000     0.00000000     0.00000000     0.00000000 
   -0.41131984     0.82059676     0.01706215    -0.96006892    -0.51765312     0.01245519     0.00022570     0.00005702     0.00014397     0.00000000     0.00000000     0.00000000     0.00000000     0.00000000     0.00000000     0.00000000     0.00000000     0.00000000     0.00000000     0.00000000     0.00000000     0.00000000     0.00000000     0.00000000     0.00000000     0.00000000     0.00000000 
   -0.62864682     0.66246698     0.01945682    -0.79143632    -0.75756583     0.00668760     0.00002349     0.00001558     0.00002942     0.00000000     0.00000000     0.00000000     0.00000000     0.00000000     0.00000000     0.00000000     0.00000000     0.00000000     0.00000000     0.00000000     0.00000000     0.00000000     0.00000000     0.00000000     0.00000000     0.00000000     0.00000000 
   -0.79627456     0.45199304     0.02032083    -0.55996872    -0.93863914     0.00025529     0.00046973     0.00026027     0.00088839     0.00000000     0.00000000     0.00000000     0.00000000     0.00000000     0.00000000     0.00000000     0.00000000     0.00000000     0.00000000     0.00000000     0.00000000     0.00000000     0.00000000     0.00000000     0.00000000     0.00000000     0.00000000 
   -0.90136322     0.20607218     0.01980707    -0.28894365    -1.04347904    -0.00525390     0.00005586     0.00005126     0.00015829     0.00000000     0.00000000     0.00000000     0.00000000     0.00000000     0.00000000     0.00000000     0.00000000     0.00000000     0.00000000     0.00000000     0.00000000     0.00000000     0.00000000     0.00000000     0.00000000     0.00000000     0.00000000 
   -0.93777622    -0.05566843     0.01782161    -0.00694359    -1.06680642    -0.01086749    -0.00000308    -0.00000289     0.00000685     0.00000000     0.00000000     0.00000000     0.00000000     0.00000000     0.00000000     0.00000000     0.00000000     0.00000000     0.00000000     0.00000000     0.00000000     0.00000000     0.00000000     0.00000000     0.00000000     0.00000000     0.00000000 
   -0.90597878    -0.31353431     0.01453973     0.26070702    -1.01360112    -0.01556246    -0.00000432    -0.00000350     0.00000476     0.00000000     0.00000000     0.00000000     0.00000000     0.00000000     0.00000000     0.00000000     0.00000000     0.00000000     0.00000000     0.00000000     0.00000000     0.00000000     0.00000000     0.00000000     0.00000000     0.00000000     0.00000000 
   -0.81206033    -0.55010410     0.01025996     0.49443855    -0.89654772    -0.01893618    -0.00000481    -0.00000457     0.00000283     0.00000000     0.00000000     0.00000000     0.00000000     0.00000000     0.00000000     0.00000000     0.00000000     0.00000000     0.00000000     0.00000000     0.00000000     0.00000000     0.00000000     0.00000000     0.00000000     0.00000000     0.00000000 
   -0.66604233    -0.75160750     0.00532028     0.68198310    -0.73187685    -0.02091533    -0.00000592    -0.00000595     0.00000075     0.00000000     0.00000000     0.00000000     0.00000000     0.00000000     0.00000000     0.00000000     0.00000000     0.00000000     0.00000000     0.00000000     0.00000000     0.00000000     0.00000000     0.00000000     0.00000000     0.00000000     0.00000000 
   -0.48013085    -0.90834961     0.00005945     0.81763908    -0.53598294    -0.02155724    -0.00000730    -0.00000645    -0.00000214     0.00000000     0.00000000     0.00000000     0.00000000     0.00000000     0.00000000     0.00000000     0.00000000     0.00000000     0.00000000     0.00000000     0.00000000     0.00000000     0.00000000     0.00000000     0.00000000     0.00000000     0.00000000 
