   -0.489299	    0.826686	-4.140925e-16	6.076928e-16	
   -0.489299	    0.826686	1.487795e-15	1.860119e-15	
   -0.489299	    0.826686	3.244046e-15	2.930463e-15	
   -0.489299	    0.826686	4.682747e-15	3.713954e-15	
   -0.489299	    0.826686	5.663069e-15	4.133897e-15	
   -0.489299	    0.826686	6.089050e-15	4.149185e-15	
   -0.489299	    0.826686	5.918992e-15	3.758322e-15	
   -0.489299	    0.826686	5.169542e-15	2.999568e-15	
   -0.489299	    0.826686	3.914061e-15	1.947196e-15	
   -0.489299	    0.826686	2.275445e-15	7.042184e-16	
   -0.489299	    0.826686	4.140925e-16	-6.076928e-16	
   -0.489299	    0.826686	-1.487795e-15	-1.860119e-15	
   -0.489299	    0.826686	-3.244046e-15	-2.930463e-15	
   -0.489299	    0.826686	-4.682747e-15	-3.713954e-15	
   -0.489299	    0.826686	-5.663069e-15	-4.133897e-15	
   -0.489299	    0.826686	-6.089050e-15	-4.149185e-15	
   -0.489299	    0.826686	-5.918992e-15	-3.758322e-15	
   -0.489299	    0.826686	-5.169542e-15	-2.999568e-15	
   -0.489299	    0.826686	-3.914061e-15	-1.947196e-15	
   -0.489299	    0.826686	-2.275445e-15	-7.042184e-16	
   -0.489299	    0.826686	-4.140925e-16	6.076928e-16	


   -0.489299	    0.826686	-4.140925e-16	6.076928e-16	
   -0.489299	    0.826686	1.487795e-15	1.860119e-15	
   -0.489299	    0.826686	3.244046e-15	2.930463e-15	
   -0.489299	    0.826686	4.682747e-15	3.713954e-15	
   -0.489299	    0.826686	5.663069e-15	4.133897e-15	
   -0.489299	    0.826686	6.089050e-15	4.149185e-15	
   -0.489299	    0.826686	5.918992e-15	3.758322e-15	
   -0.489299	    0.826686	5.169542e-15	2.999568e-15	
   -0.489299	    0.826686	3.914061e-15	1.947196e-15	
   -0.489299	    0.826686	2.275445e-15	7.042184e-16	
   -0.489299	    0.826686	4.140925e-16	-6.076928e-16	
   -0.489299	    0.826686	-1.487795e-15	-1.860119e-15	
   -0.489299	    0.826686	-3.244046e-15	-2.930463e-15	
   -0.489299	    0.826686	-4.682747e-15	-3.713954e-15	
   -0.489299	    0.826686	-5.663069e-15	-4.133897e-15	
   -0.489299	    0.826686	-6.089050e-15	-4.149185e-15	
   -0.489299	    0.826686	-5.918992e-15	-3.758322e-15	
   -0.489299	    0.826686	-5.169542e-15	-2.999568e-15	
   -0.489299	    0.826686	-3.914061e-15	-1.947196e-15	
   -0.489299	    0.826686	-2.275445e-15	-7.042184e-16	
   -0.489299	    0.826686	-4.140925e-16	6.076928e-16	


    0.222437	   -0.982197	-2.834356e-16	1.291808e-15	
    0.222437	   -0.982197	1.824077e-15	1.687948e-15	
    0.222437	   -0.982197	3.753037e-15	1.918860e-15	
    0.222437	   -0.982197	5.314623e-15	1.961941e-15	
    0.222437	   -0.982197	6.355977e-15	1.812973e-15	
    0.222437	   -0.982197	6.775164e-15	1.486539e-15	
    0.222437	   -0.982197	6.531150e-15	1.014592e-15	
    0.222437	   -0.982197	5.647822e-15	4.433300e-16	
    0.222437	   -0.982197	4.211646e-15	-1.713285e-16	
    0.222437	   -0.982197	2.363204e-15	-7.692162e-16	
    0.222437	   -0.982197	2.834356e-16	-1.291808e-15	
    0.222437	   -0.982197	-1.824077e-15	-1.687948e-15	
    0.222437	   -0.982197	-3.753037e-15	-1.918860e-15	
    0.222437	   -0.982197	-5.314623e-15	-1.961941e-15	
    0.222437	   -0.982197	-6.355977e-15	-1.812973e-15	
    0.222437	   -0.982197	-6.775164e-15	-1.486539e-15	
    0.222437	   -0.982197	-6.531150e-15	-1.014592e-15	
    0.222437	   -0.982197	-5.647822e-15	-4.433300e-16	
    0.222437	   -0.982197	-4.211646e-15	1.713285e-16	
    0.222437	   -0.982197	-2.363204e-15	7.692162e-16	
    0.222437	   -0.982197	-2.834356e-16	1.291808e-15	


    0.222437	   -0.982197	-2.834356e-16	1.291808e-15	
    0.222437	   -0.982197	1.824077e-15	1.687948e-15	
    0.222437	   -0.982197	3.753037e-15	1.918860e-15	
    0.222437	   -0.982197	5.314623e-15	1.961941e-15	
    0.222437	   -0.982197	6.355977e-15	1.812973e-15	
    0.222437	   -0.982197	6.775164e-15	1.486539e-15	
    0.222437	   -0.982197	6.531150e-15	1.014592e-15	
    0.222437	   -0.982197	5.647822e-15	4.433300e-16	
    0.222437	   -0.982197	4.211646e-15	-1.713285e-16	
    0.222437	   -0.982197	2.363204e-15	-7.692162e-16	
    0.222437	   -0.982197	2.834356e-16	-1.291808e-15	
    0.222437	   -0.982197	-1.824077e-15	-1.687948e-15	
    0.222437	   -0.982197	-3.753037e-15	-1.918860e-15	
    0.222437	   -0.982197	-5.314623e-15	-1.961941e-15	
    0.222437	   -0.982197	-6.355977e-15	-1.812973e-15	
    0.222437	   -0.982197	-6.775164e-15	-1.486539e-15	
    0.222437	   -0.982197	-6.531150e-15	-1.014592e-15	
    0.222437	   -0.982197	-5.647822e-15	-4.433300e-16	
    0.222437	   -0.982197	-4.211646e-15	1.713285e-16	
    0.222437	   -0.982197	-2.363204e-15	7.692162e-16	
    0.222437	   -0.982197	-2.834356e-16	1.291808e-15	


   -0.663687	   -0.748595	1.192253e-15	1.631889e-15	
   -0.663687	   -0.748595	3.105431e-15	1.116245e-16	
   -0.663687	   -0.748595	4.714629e-15	-1.419567e-15	
   -0.663687	   -0.748595	5.862325e-15	-2.811801e-15	
   -0.663687	   -0.748595	6.436176e-15	-3.928796e-15	
   -0.663687	   -0.748595	6.380010e-15	-4.661214e-15	
   -0.663687	   -0.748595	5.699324e-15	-4.937359e-15	
   -0.663687	   -0.748595	4.460748e-15	-4.730202e-15	
   -0.663687	   -0.748595	2.785523e-15	-4.060019e-15	
   -0.663687	   -0.748595	8.376318e-16	-2.992413e-15	
   -0.663687	   -0.748595	-1.192253e-15	-1.631889e-15	
   -0.663687	   -0.748595	-3.105431e-15	-1.116245e-16	
   -0.663687	   -0.748595	-4.714629e-15	1.419567e-15	
   -0.663687	   -0.748595	-5.862325e-15	2.811801e-15	
   -0.663687	   -0.748595	-6.436176e-15	3.928796e-15	
   -0.663687	   -0.748595	-6.380010e-15	4.661214e-15	
   -0.663687	   -0.748595	-5.699324e-15	4.937359e-15	
   -0.663687	   -0.748595	-4.460748e-15	4.730202e-15	
   -0.663687	   -0.748595	-2.785523e-15	4.060019e-15	
   -0.663687	   -0.748595	-8.376318e-16	2.992413e-15	
   -0.663687	   -0.748595	1.192253e-15	1.631889e-15	


   -0.663687	   -0.748595	1.192253e-15	1.631889e-15	
   -0.663687	   -0.748595	3.105431e-15	1.116245e-16	
   -0.663687	   -0.748595	4.714629e-15	-1.419567e-15	
   -0.663687	   -0.748595	5.862325e-15	-2.811801e-15	
   -0.663687	   -0.748595	6.436176e-15	-3.928796e-15	
   -0.663687	   -0.748595	6.380010e-15	-4.661214e-15	
   -0.663687	   -0.748595	5.699324e-15	-4.937359e-15	
   -0.663687	   -0.748595	4.460748e-15	-4.730202e-15	
   -0.663687	   -0.748595	2.785523e-15	-4.060019e-15	
   -0.663687	   -0.748595	8.376318e-16	-2.992413e-15	
   -0.663687	   -0.748595	-1.192253e-15	-1.631889e-15	
   -0.663687	   -0.748595	-3.105431e-15	-1.116245e-16	
   -0.663687	   -0.748595	-4.714629e-15	1.419567e-15	
   -0.663687	   -0.748595	-5.862325e-15	2.811801e-15	
   -0.663687	   -0.748595	-6.436176e-15	3.928796e-15	
   -0.663687	   -0.748595	-6.380010e-15	4.661214e-15	
   -0.663687	   -0.748595	-5.699324e-15	4.937359e-15	
   -0.663687	   -0.748595	-4.460748e-15	4.730202e-15	
   -0.663687	   -0.748595	-2.785523e-15	4.060019e-15	
   -0.663687	   -0.748595	-8.376318e-16	2.992413e-15	
   -0.663687	   -0.748595	1.192253e-15	1.631889e-15	


