
    0.000000   -0.686889   -0.726762    0.000054    0.713600   -0.693462    0.000043
    0.000000   -0.686889   -0.726762    0.000054    0.668233   -0.744598   -0.021573
    0.034972   -0.663106   -0.752354   -0.000700    0.691741   -0.718843   -0.021562
    0.069945   -0.638518   -0.777034   -0.001454    0.714213   -0.692439   -0.021525
    0.104917   -0.613163   -0.800779   -0.002206    0.735640   -0.665431   -0.021462
    0.139889   -0.587076   -0.823570   -0.002955    0.756014   -0.637860   -0.021375
    0.174861   -0.560296   -0.845388   -0.003700    0.775328   -0.609767   -0.021263
    0.209834   -0.532859   -0.866215   -0.004442    0.793578   -0.581194   -0.021127
    0.244806   -0.504802   -0.886034   -0.005178    0.810760   -0.552181   -0.020968
    0.279778   -0.476163   -0.904832   -0.005908    0.826873   -0.522767   -0.020785
    0.314751   -0.446979   -0.922595   -0.006631    0.841915   -0.492990   -0.020581
    0.349723   -0.417288   -0.939310   -0.007347    0.855888   -0.462889   -0.020355
    0.384695   -0.387127   -0.954968   -0.008055    0.868794   -0.432501   -0.020108
    0.419668   -0.356533   -0.969558   -0.008753    0.880634   -0.401860   -0.019841
    0.454640   -0.325543   -0.983073   -0.009442    0.891414   -0.371003   -0.019553
    0.489612   -0.294196   -0.995506   -0.010121    0.901137   -0.339964   -0.019246
    0.524584   -0.262526   -1.006850   -0.010788    0.909809   -0.308776   -0.018920
    0.559557   -0.230572   -1.017102   -0.011444    0.917436   -0.277471   -0.018577
    0.594529   -0.198368   -1.026257   -0.012087    0.924026   -0.246081   -0.018215
    0.629501   -0.165953   -1.034313   -0.012718    0.929586   -0.214638   -0.017837
    0.664474   -0.133361   -1.041269   -0.013335    0.934124   -0.183170   -0.017442
    0.699446   -0.100628   -1.047125   -0.013938    0.937650   -0.151708   -0.017031
    0.734418   -0.067789   -1.051881   -0.014526    0.940172   -0.120279   -0.016605
    0.769390   -0.034879   -1.055539   -0.015099    0.941701   -0.088911   -0.016164
    0.804363   -0.001934   -1.058101   -0.015656    0.942246   -0.057632   -0.015708
    0.839335    0.031014   -1.059571   -0.016197    0.941819   -0.026467   -0.015240
    0.874307    0.063930   -1.059954   -0.016722    0.940429    0.004559   -0.014758
    0.909280    0.096781   -1.059254   -0.017230    0.938089    0.035420   -0.014263
    0.944252    0.129534   -1.057478   -0.017720    0.934810    0.066092   -0.013757
    0.979224    0.162155   -1.054634   -0.018192    0.930604    0.096553   -0.013239
    1.014196    0.194614   -1.050728   -0.018645    0.925482    0.126778   -0.012710
    1.049169    0.226877   -1.045769   -0.019081    0.919458    0.156746   -0.012171
    1.084141    0.258914   -1.039767   -0.019497    0.912543    0.186435   -0.011622
    1.119113    0.290694   -1.032733   -0.019893    0.904749    0.215824   -0.011063
    1.154086    0.322187   -1.024676   -0.020270    0.896091    0.244891   -0.010496
    1.189058    0.353361   -1.015608   -0.020627    0.886579    0.273618   -0.009920
    1.224030    0.384188   -1.005542   -0.020964    0.876229    0.301983   -0.009336
    1.259003    0.414639   -0.994490   -0.021280    0.865052    0.329968   -0.008745
    1.293975    0.444684   -0.982467   -0.021576    0.853061    0.357553   -0.008147
    1.328947    0.474297   -0.969486   -0.021850    0.840271    0.384720   -0.007543
    1.363919    0.503448   -0.955563   -0.022103    0.826695    0.411450   -0.006933
    1.398892    0.532110   -0.940713   -0.022335    0.812346    0.437726   -0.006317
    1.433864    0.560258   -0.924952   -0.022545    0.797237    0.463531   -0.005696
    1.468836    0.587864   -0.908297   -0.022733    0.781383    0.488846   -0.005071
    1.503809    0.614903   -0.890766   -0.022900    0.764798    0.513654   -0.004442
    1.538781    0.641349   -0.872376   -0.023044    0.747494    0.537939   -0.003809
    1.573753    0.667178   -0.853146   -0.023166    0.729487    0.561684   -0.003173
    1.608725    0.692365   -0.833095   -0.023266    0.710791    0.584873   -0.002534
    1.643698    0.716886   -0.812244   -0.023343    0.691420    0.607490   -0.001894
    1.678670    0.740718   -0.790612   -0.023398    0.671388    0.629518   -0.001251
    1.713642    0.763838   -0.768220   -0.023431    0.650710    0.650942   -0.000608
    1.748615    0.786225   -0.745089   -0.023441    0.629401    0.671746    0.000037
    1.783587    0.807854   -0.721242   -0.023428    0.607476    0.691914    0.000681
    1.818559    0.828707   -0.696701   -0.023393    0.584950    0.711431    0.001326
    1.853531    0.848762   -0.671489   -0.023335    0.561838    0.730281    0.001970
    1.888504    0.867998   -0.645630   -0.023255    0.538156    0.748450    0.002612
    1.923476    0.886396   -0.619147   -0.023153    0.513919    0.765923    0.003253
    1.958448    0.903938   -0.592066   -0.023028    0.489145    0.782683    0.003892
    1.993421    0.920603   -0.564411   -0.022880    0.463849    0.798717    0.004529
    2.028393    0.936375   -0.536209   -0.022711    0.438047    0.814009    0.005162
    2.063365    0.951237   -0.507484   -0.022519    0.411758    0.828544    0.005792
    2.098338    0.965170   -0.478265   -0.022306    0.384998    0.842309    0.006418
    2.133310    0.978160   -0.448579   -0.022071    0.357785    0.855288    0.007040
    2.168282    0.990190   -0.418452   -0.021814    0.330136    0.867466    0.007656
    2.203254    1.001246   -0.387914   -0.021535    0.302072    0.878830    0.008267
    2.238227    1.011314   -0.356992   -0.021235    0.273609    0.889364    0.008872
    2.273199    1.020379   -0.325717   -0.020915    0.244769    0.899055    0.009470
    2.308171    1.028430   -0.294118   -0.020573    0.215570    0.907888    0.010061
    2.343144    1.035453   -0.262226   -0.020211    0.186034    0.915850    0.010645
    2.378116    1.041438   -0.230070   -0.019829    0.156180    0.922926    0.011221
    2.413088    1.046374   -0.197682   -0.019426    0.126031    0.929102    0.011787
    2.448060    1.050250   -0.165095   -0.019004    0.095609    0.934366    0.012345
    2.483033    1.053058   -0.132339   -0.018563    0.064937    0.938703    0.012893
    2.518005    1.054790   -0.099449   -0.018103    0.034037    0.942101    0.013430
    2.552977    1.055437   -0.066456   -0.017624    0.002934    0.944545    0.013957
    2.587950    1.054993   -0.033394   -0.017127   -0.028347    0.946025    0.014472
    2.622922    1.053452   -0.000298   -0.016612   -0.059781    0.946527    0.014975
    2.657894    1.050810    0.032799   -0.016079   -0.091342    0.946039    0.015465
    2.692867    1.047062    0.065861   -0.015530   -0.123001    0.944549    0.015942
    2.727839    1.042206    0.098853   -0.014964   -0.154733    0.942047    0.016405
    2.762811    1.036239    0.131740   -0.014383   -0.186507    0.938521    0.016854
    2.797783    1.029160    0.164486   -0.013786   -0.218295    0.933962    0.017288
    2.832756    1.020971    0.197053   -0.013174   -0.250065    0.928358    0.017705
    2.867728    1.011670    0.229407   -0.012547   -0.281788    0.921702    0.018107
    2.902700    1.001262    0.261509   -0.011907   -0.313429    0.913985    0.018491
    2.937673    0.989749    0.293323   -0.011254   -0.344957    0.905198    0.018858
    2.972645    0.977136    0.324810   -0.010589   -0.376337    0.895336    0.019206
    3.007617    0.963428    0.355934   -0.009911   -0.407535    0.884391    0.019536
    3.042589    0.948634    0.386656   -0.009222   -0.438513    0.872359    0.019846
    3.077562    0.932760    0.416938   -0.008523   -0.469236    0.859236    0.020136
    3.112534    0.915816    0.446742   -0.007814   -0.499665    0.845018    0.020405
    3.147506    0.897815    0.476030   -0.007096   -0.529763    0.829703    0.020652
    3.182479    0.878767    0.504763   -0.006370   -0.559488    0.813292    0.020877
    3.217451    0.858686    0.532902   -0.005636   -0.588801    0.795784    0.021080
    3.252423    0.837589    0.560411   -0.004896   -0.617661    0.777182    0.021259
    3.287395    0.815490    0.587249   -0.004150   -0.646024    0.757490    0.021414
    3.322368    0.792409    0.613380   -0.003398   -0.673848    0.736712    0.021545
    3.357340    0.768365    0.638766   -0.002643   -0.701090    0.714856    0.021650
    3.392312    0.743379    0.663368   -0.001884   -0.727705    0.691931    0.021730
    3.427285    0.717474    0.687150   -0.001123   -0.753647    0.667946    0.021783
    3.462257    0.690674    0.710075   -0.000361   -0.778872    0.642916    0.021810
    3.462257    0.690674    0.710075   -0.000361   -0.804449    0.617895    0.022779
    3.467253    0.686646    0.713153   -0.000247   -0.807992    0.614234    0.022781
    3.472249    0.682600    0.716213   -0.000133   -0.811520    0.610551    0.022782
    3.477245    0.678537    0.719254   -0.000020   -0.815034    0.606845    0.022782
    3.482241    0.674456    0.722276    0.000094   -0.818533    0.603117    0.022782
    3.487237    0.670358    0.725280    0.000208   -0.822017    0.599367    0.022781
    3.492233    0.666243    0.728265    0.000322   -0.825486    0.595594    0.022780
    3.497229    0.662110    0.731231    0.000436   -0.828940    0.591799    0.022778
    3.502225    0.657960    0.734178    0.000549   -0.832378    0.587982    0.022775
    3.507221    0.653793    0.737106    0.000663   -0.835801    0.584143    0.022772
    3.512217    0.649609    0.740015    0.000777   -0.839208    0.580282    0.022768
    3.517213    0.645407    0.742905    0.000891   -0.842599    0.576399    0.022764
    3.522209    0.641189    0.745775    0.001004   -0.845975    0.572493    0.022759
    3.527205    0.636954    0.748625    0.001118   -0.849334    0.568566    0.022753
    3.532202    0.632703    0.751456    0.001232   -0.852676    0.564616    0.022747
    3.537198    0.628434    0.754267    0.001345   -0.856003    0.560645    0.022740
    3.542194    0.624149    0.757058    0.001459   -0.859312    0.556652    0.022733
    3.547190    0.619848    0.759829    0.001573   -0.862605    0.552637    0.022725
    3.552186    0.615530    0.762580    0.001686   -0.865881    0.548600    0.022716
    3.557182    0.611196    0.765310    0.001800   -0.869140    0.544541    0.022707
    3.562178    0.606846    0.768021    0.001913   -0.872381    0.540460    0.022697
    3.567174    0.602479    0.770711    0.002026   -0.875605    0.536358    0.022686
    3.572170    0.598097    0.773380    0.002140   -0.878812    0.532234    0.022675
    3.577166    0.593698    0.776029    0.002253   -0.882000    0.528089    0.022664
    3.582162    0.589284    0.778657    0.002366   -0.885171    0.523922    0.022651
    3.587158    0.584853    0.781264    0.002479   -0.888324    0.519733    0.022638
    3.592154    0.580408    0.783850    0.002592   -0.891458    0.515523    0.022625
    3.597150    0.575946    0.786415    0.002705   -0.894574    0.511292    0.022610
    3.602146    0.571469    0.788959    0.002818   -0.897672    0.507039    0.022595
    3.607142    0.566976    0.791481    0.002931   -0.900750    0.502765    0.022580
    3.612138    0.562469    0.793982    0.003044   -0.903810    0.498470    0.022564
    3.617134    0.557946    0.796462    0.003157   -0.906851    0.494154    0.022547
    3.622130    0.553407    0.798920    0.003269   -0.909872    0.489816    0.022529
    3.627126    0.548854    0.801356    0.003382   -0.912875    0.485458    0.022511
    3.632122    0.544286    0.803771    0.003494   -0.915857    0.481078    0.022492
    3.637118    0.539703    0.806163    0.003606   -0.918820    0.476677    0.022473
    3.642114    0.535105    0.808534    0.003719   -0.921763    0.472256    0.022453
    3.647110    0.530492    0.810882    0.003831   -0.924686    0.467814    0.022432
    3.652107    0.525865    0.813208    0.003943   -0.927589    0.463351    0.022411
    3.657103    0.521224    0.815512    0.004055   -0.930471    0.458867    0.022389
    3.662099    0.516568    0.817793    0.004166   -0.933333    0.454363    0.022366
    3.667095    0.511898    0.820052    0.004278   -0.936174    0.449839    0.022343
    3.672091    0.507214    0.822288    0.004390   -0.938995    0.445294    0.022319
    3.677087    0.502516    0.824501    0.004501   -0.941794    0.440728    0.022294
    3.682083    0.497803    0.826692    0.004613   -0.944572    0.436142    0.022269
    3.687079    0.493077    0.828859    0.004724   -0.947329    0.431536    0.022243
    3.692075    0.488338    0.831003    0.004835   -0.950064    0.426910    0.022216
    3.697071    0.483584    0.833125    0.004946   -0.952778    0.422264    0.022189
    3.702067    0.478817    0.835223    0.005056   -0.955470    0.417598    0.022161
    3.707063    0.474037    0.837297    0.005167   -0.958139    0.412912    0.022132
    3.712059    0.469244    0.839349    0.005278   -0.960787    0.408206    0.022103
    3.717055    0.464437    0.841376    0.005388   -0.963412    0.403480    0.022073
    3.722051    0.459617    0.843380    0.005498   -0.966015    0.398735    0.022042
    3.727047    0.454784    0.845360    0.005608   -0.968595    0.393970    0.022011
    3.732043    0.449939    0.847317    0.005718   -0.971152    0.389186    0.021979
    3.737039    0.445081    0.849249    0.005828   -0.973686    0.384382    0.021946
    3.742035    0.440210    0.851157    0.005937   -0.976197    0.379560    0.021913
    3.747031    0.435326    0.853042    0.006047   -0.978684    0.374718    0.021879
    3.752027    0.430431    0.854902    0.006156   -0.981148    0.369856    0.021844
    3.757023    0.425523    0.856737    0.006265   -0.983589    0.364976    0.021809
    3.762019    0.420603    0.858548    0.006374   -0.986005    0.360077    0.021773
    3.767015    0.415671    0.860335    0.006483   -0.988398    0.355160    0.021736
    3.772012    0.410727    0.862097    0.006591   -0.990766    0.350223    0.021698
    3.777008    0.405771    0.863835    0.006699   -0.993110    0.345268    0.021660
    3.782004    0.400803    0.865547    0.006808   -0.995430    0.340295    0.021621
    3.787000    0.395824    0.867235    0.006915   -0.997725    0.335303    0.021582
    3.791996    0.390834    0.868897    0.007023   -0.999995    0.330293    0.021542
    3.796992    0.385832    0.870535    0.007131   -1.002240    0.325265    0.021501
    3.801988    0.380820    0.872148    0.007238   -1.004460    0.320219    0.021459
    3.806984    0.375796    0.873735    0.007345   -1.006655    0.315155    0.021417
    3.811980    0.370761    0.875297    0.007452   -1.008824    0.310073    0.021374
    3.816976    0.365716    0.876833    0.007559   -1.010967    0.304974    0.021330
    3.821972    0.360659    0.878344    0.007665   -1.013085    0.299857    0.021286
    3.826968    0.355593    0.879829    0.007771   -1.015176    0.294723    0.021241
    3.831964    0.350516    0.881289    0.007877   -1.017242    0.289571    0.021195
    3.836960    0.345429    0.882723    0.007983   -1.019281    0.284402    0.021149
    3.841956    0.340331    0.884130    0.008089   -1.021294    0.279216    0.021101
    3.846952    0.335224    0.885512    0.008194   -1.023280    0.274013    0.021053
    3.851948    0.330106    0.886868    0.008299   -1.025239    0.268794    0.021005
    3.856944    0.324979    0.888198    0.008404   -1.027172    0.263557    0.020956
    3.861940    0.319843    0.889502    0.008508   -1.029077    0.258305    0.020906
    3.866936    0.314697    0.890779    0.008613   -1.030955    0.253035    0.020855
    3.871932    0.309542    0.892030    0.008717   -1.032806    0.247750    0.020804
    3.876928    0.304377    0.893255    0.008821   -1.034629    0.242448    0.020752
    3.881924    0.299203    0.894453    0.008924   -1.036424    0.237131    0.020699
    3.886920    0.294021    0.895624    0.009027   -1.038192    0.231798    0.020645
    3.891917    0.288830    0.896769    0.009130   -1.039931    0.226449    0.020591
    3.896913    0.283630    0.897887    0.009233   -1.041642    0.221084    0.020536
    3.901909    0.278422    0.898978    0.009336   -1.043325    0.215704    0.020481
    3.906905    0.273205    0.900042    0.009438   -1.044980    0.210309    0.020424
    3.911901    0.267980    0.901079    0.009540   -1.046605    0.204899    0.020367
    3.916897    0.262747    0.902089    0.009641   -1.048202    0.199473    0.020310
    3.921893    0.257507    0.903072    0.009743   -1.049770    0.194033    0.020251
    3.926889    0.252258    0.904028    0.009844   -1.051308    0.188579    0.020192
    3.931885    0.247002    0.904957    0.009944   -1.052818    0.183110    0.020132
    3.936881    0.241738    0.905858    0.010045   -1.054298    0.177626    0.020072
    3.941877    0.236467    0.906732    0.010145   -1.055748    0.172128    0.020010
    3.946873    0.231189    0.907578    0.010245   -1.057169    0.166617    0.019948
    3.951869    0.225904    0.908396    0.010344   -1.058560    0.161091    0.019886
    3.956865    0.220612    0.909187    0.010444   -1.059920    0.155552    0.019822
    3.956865    0.220612    0.909187    0.010444   -1.059920    0.155552    0.019822

    0.000000    0.220612    0.909187    0.010444   -1.059920    0.155552    0.019822
    3.956865    0.220612    0.909187    0.010444   -1.059920    0.155552    0.019822
    3.976758    0.199475    0.912061    0.010835   -1.065038    0.133365    0.019563
    3.996651    0.178242    0.914492    0.011222   -1.069668    0.110975    0.019293
    4.016544    0.156921    0.916475    0.011603   -1.073801    0.088393    0.019011
    4.036436    0.135523    0.918008    0.011978   -1.077430    0.065631    0.018719
    4.056329    0.114058    0.919085    0.012347   -1.080545    0.042701    0.018415
    4.076222    0.092537    0.919705    0.012711   -1.083138    0.019615    0.018101
    4.096115    0.070969    0.919865    0.013068   -1.085202   -0.003612    0.017775
    4.116008    0.049365    0.919561    0.013418   -1.086730   -0.026969    0.017439
    4.135901    0.027736    0.918791    0.013761   -1.087714   -0.050441    0.017092
    4.155793    0.006093    0.917553    0.014098   -1.088148   -0.074014    0.016734
    4.175686   -0.015553    0.915846    0.014427   -1.088026   -0.097673    0.016366
    4.195579   -0.037191    0.913667    0.014749   -1.087341   -0.121404    0.015988
    4.215472   -0.058810    0.911015    0.015063   -1.086090   -0.145191    0.015599
    4.235365   -0.080398    0.907890    0.015369   -1.084266   -0.169018    0.015200
    4.255257   -0.101944    0.904291    0.015668   -1.081866   -0.192871    0.014792
    4.275150   -0.123437    0.900217    0.015958   -1.078885   -0.216732    0.014374
    4.295043   -0.144865    0.895668    0.016239   -1.075321   -0.240585    0.013946
    4.314936   -0.166215    0.890645    0.016513   -1.071171   -0.264413    0.013509
    4.334829   -0.187478    0.885148    0.016777   -1.066434   -0.288200    0.013063
    4.354722   -0.208640    0.879179    0.017032   -1.061106   -0.311928    0.012608
    4.374614   -0.229691    0.872739    0.017278   -1.055188   -0.335580    0.012145
    4.394507   -0.250618    0.865828    0.017515   -1.048680   -0.359138    0.011674
    4.414400   -0.271409    0.858451    0.017743   -1.041581   -0.382586    0.011194
    4.434293   -0.292054    0.850608    0.017961   -1.033893   -0.405904    0.010707
    4.454186   -0.312539    0.842303    0.018169   -1.025617   -0.429075    0.010213
    4.474079   -0.332855    0.833538    0.018367   -1.016757   -0.452082    0.009711
    4.493971   -0.352988    0.824317    0.018555   -1.007314   -0.474906    0.009203
    4.513864   -0.372928    0.814645    0.018733   -0.997294   -0.497531    0.008688
    4.533757   -0.392662    0.804524    0.018901   -0.986699   -0.519937    0.008167
    4.553650   -0.412180    0.793960    0.019058   -0.975536   -0.542107    0.007641
    4.573543   -0.431471    0.782958    0.019205   -0.963810   -0.564025    0.007109
    4.593435   -0.450522    0.771522    0.019341   -0.951528   -0.585672    0.006572
    4.613328   -0.469324    0.759658    0.019466   -0.938696   -0.607031    0.006031
    4.633221   -0.487865    0.747373    0.019581   -0.925324   -0.628086    0.005485
    4.653114   -0.506135    0.734672    0.019684   -0.911418   -0.648819    0.004936
    4.673007   -0.524123    0.721562    0.019777   -0.896988   -0.669214    0.004383
    4.692900   -0.541819    0.708049    0.019859   -0.882045   -0.689256    0.003828
    4.712792   -0.559213    0.694141    0.019929   -0.866598   -0.708928    0.003269
    4.732685   -0.576294    0.679846    0.019989   -0.850658   -0.728215    0.002709
    4.752578   -0.593053    0.665172    0.020037   -0.834238   -0.747102    0.002147
    4.772471   -0.609482    0.650125    0.020074   -0.817349   -0.765575    0.001584
    4.792364   -0.625569    0.634716    0.020100   -0.800003   -0.783620    0.001019
    4.812257   -0.641307    0.618951    0.020115   -0.782215   -0.801223    0.000455
    4.832149   -0.656687    0.602841    0.020118   -0.763998   -0.818370   -0.000110
    4.852042   -0.671701    0.586395    0.020110   -0.745366   -0.835051   -0.000674
    4.871935   -0.686340    0.569622    0.020091   -0.726334   -0.851252   -0.001238
    4.891828   -0.700596    0.552531    0.020061   -0.706916   -0.866962   -0.001800
    4.911721   -0.714462    0.535132    0.020020   -0.687129   -0.882171   -0.002360
    4.931614   -0.727931    0.517436    0.019967   -0.666988   -0.896869   -0.002919
    4.951506   -0.740997    0.499453    0.019904   -0.646510   -0.911046   -0.003474
    4.971399   -0.753651    0.481193    0.019829   -0.625710   -0.924693   -0.004027
    4.991292   -0.765889    0.462667    0.019743   -0.604605   -0.937802   -0.004577
    5.011185   -0.777704    0.443886    0.019647   -0.583213   -0.950366   -0.005123
    5.031078   -0.789090    0.424860    0.019540   -0.561550   -0.962377   -0.005665
    5.050970   -0.800044    0.405601    0.019422   -0.539634   -0.973830   -0.006202
    5.070863   -0.810559    0.386119    0.019293   -0.517482   -0.984720   -0.006734
    5.090756   -0.820631    0.366427    0.019154   -0.495112   -0.995040   -0.007262
    5.110649   -0.830256    0.346535    0.019004   -0.472541   -1.004788   -0.007783
    5.130542   -0.839430    0.326454    0.018844   -0.449787   -1.013960   -0.008299
    5.150435   -0.848150    0.306197    0.018674   -0.426868   -1.022552   -0.008809
    5.170327   -0.856412    0.285775    0.018494   -0.403800   -1.030563   -0.009312
    5.190220   -0.864214    0.265200    0.018303   -0.380602   -1.037992   -0.009808
    5.210113   -0.871554    0.244482    0.018104   -0.357291   -1.044837   -0.010297
    5.230006   -0.878429    0.223634    0.017894   -0.333884   -1.051099   -0.010778
    5.249899   -0.884837    0.202667    0.017675   -0.310399   -1.056777   -0.011252
    5.269792   -0.890778    0.181593    0.017446   -0.286853   -1.061873   -0.011718
    5.289684   -0.896249    0.160424    0.017209   -0.263261   -1.066388   -0.012175
    5.309577   -0.901252    0.139170    0.016962   -0.239642   -1.070325   -0.012624
    5.329470   -0.905784    0.117844    0.016706   -0.216011   -1.073686   -0.013065
    5.349363   -0.909846    0.096457    0.016442   -0.192384   -1.076475   -0.013496
    5.369256   -0.913438    0.075020    0.016170   -0.168777   -1.078696   -0.013918
    5.389149   -0.916561    0.053544    0.015889   -0.145206   -1.080352   -0.014331
    5.409041   -0.919215    0.032041    0.015599   -0.121685   -1.081449   -0.014735
    5.428934   -0.921403    0.010521    0.015302   -0.098231   -1.081991   -0.015128
    5.448827   -0.923124   -0.011003    0.014998   -0.074856   -1.081985   -0.015512
    5.468720   -0.924381   -0.032522    0.014685   -0.051576   -1.081437   -0.015886
    5.488613   -0.925177   -0.054025    0.014366   -0.028403   -1.080353   -0.016250
    5.508505   -0.925512   -0.075502    0.014039   -0.005352   -1.078740   -0.016604
    5.528398   -0.925391   -0.096940    0.013705    0.017564   -1.076605   -0.016948
    5.548291   -0.924814   -0.118332    0.013365    0.040334   -1.073956   -0.017281
    5.568184   -0.923787   -0.139665    0.013018    0.062945   -1.070801   -0.017603
    5.588077   -0.922311   -0.160931    0.012664    0.085384   -1.067147   -0.017916
    5.607970   -0.920391   -0.182119    0.012305    0.107642   -1.063004   -0.018217
    5.627862   -0.918030   -0.203220    0.011940    0.129706   -1.058380   -0.018508
    5.647755   -0.915232   -0.224224    0.011569    0.151566   -1.053283   -0.018788
    5.667648   -0.912001   -0.245122    0.011192    0.173213   -1.047723   -0.019058
    5.687541   -0.908342   -0.265905    0.010810    0.194636   -1.041709   -0.019317
    5.707434   -0.904259   -0.286564    0.010424    0.215827   -1.035251   -0.019565
    5.727327   -0.899757   -0.307091    0.010032    0.236776   -1.028357   -0.019803
    5.747219   -0.894840   -0.327476    0.009636    0.257475   -1.021038   -0.020030
    5.767112   -0.889515   -0.347711    0.009235    0.277916   -1.013304   -0.020246
    5.787005   -0.883785   -0.367788    0.008830    0.298091   -1.005164   -0.020451
    5.806898   -0.877657   -0.387699    0.008422    0.317994   -0.996628   -0.020646
    5.826791   -0.871135   -0.407437    0.008009    0.337617   -0.987706   -0.020831
    5.846684   -0.864226   -0.426993    0.007593    0.356953   -0.978408   -0.021005
    5.866576   -0.856936   -0.446361    0.007173    0.375998   -0.968745   -0.021168
    5.886469   -0.849269   -0.465533    0.006751    0.394745   -0.958726   -0.021321
    5.906362   -0.841232   -0.484502    0.006325    0.413188   -0.948361   -0.021464
    5.926255   -0.832832   -0.503262    0.005897    0.431324   -0.937661   -0.021596
    5.926255   -0.832832   -0.503262    0.005897    0.443981   -0.921391   -0.020172
    5.929097   -0.831567   -0.505878    0.005840    0.446547   -0.919836   -0.020190
    5.931938   -0.830294   -0.508490    0.005782    0.449106   -0.918273   -0.020208
    5.934780   -0.829014   -0.511097    0.005725    0.451660   -0.916704   -0.020226
    5.937622   -0.827727   -0.513700    0.005667    0.454207   -0.915129   -0.020243
    5.940464   -0.826433   -0.516299    0.005610    0.456748   -0.913547   -0.020261
    5.943306   -0.825131   -0.518892    0.005552    0.459283   -0.911958   -0.020278
    5.946148   -0.823822   -0.521482    0.005494    0.461812   -0.910362   -0.020295
    5.948989   -0.822506   -0.524067    0.005437    0.464335   -0.908760   -0.020311
    5.951831   -0.821183   -0.526647    0.005379    0.466851   -0.907151   -0.020328
    5.954673   -0.819853   -0.529223    0.005321    0.469362   -0.905536   -0.020344
    5.957515   -0.818515   -0.531794    0.005263    0.471866   -0.903914   -0.020360
    5.960357   -0.817171   -0.534360    0.005205    0.474364   -0.902286   -0.020376
    5.963199   -0.815819   -0.536922    0.005148    0.476855   -0.900652   -0.020392
    5.966040   -0.814461   -0.539479    0.005090    0.479341   -0.899011   -0.020408
    5.968882   -0.813095   -0.542032    0.005032    0.481820   -0.897363   -0.020423
    5.971724   -0.811722   -0.544579    0.004974    0.484293   -0.895709   -0.020438
    5.974566   -0.810342   -0.547122    0.004915    0.486760   -0.894049   -0.020454
    5.977408   -0.808956   -0.549661    0.004857    0.489220   -0.892383   -0.020468
    5.980250   -0.807562   -0.552194    0.004799    0.491674   -0.890710   -0.020483
    5.983091   -0.806161   -0.554723    0.004741    0.494122   -0.889031   -0.020498
    5.985933   -0.804753   -0.557247    0.004683    0.496564   -0.887345   -0.020512
    5.988775   -0.803339   -0.559767    0.004624    0.498999   -0.885654   -0.020526
    5.991617   -0.801917   -0.562281    0.004566    0.501428   -0.883956   -0.020540
    5.994459   -0.800489   -0.564791    0.004508    0.503850   -0.882252   -0.020554
    5.997301   -0.799054   -0.567296    0.004449    0.506266   -0.880542   -0.020567
    6.000142   -0.797611   -0.569796    0.004391    0.508676   -0.878826   -0.020580
    6.002984   -0.796162   -0.572291    0.004332    0.511079   -0.877104   -0.020594
    6.005826   -0.794707   -0.574781    0.004274    0.513476   -0.875376   -0.020606
    6.008668   -0.793244   -0.577266    0.004215    0.515867   -0.873641   -0.020619
    6.011510   -0.791775   -0.579746    0.004156    0.518251   -0.871901   -0.020632
    6.014352   -0.790298   -0.582221    0.004098    0.520629   -0.870155   -0.020644
    6.017193   -0.788816   -0.584692    0.004039    0.523000   -0.868402   -0.020656
    6.020035   -0.787326   -0.587157    0.003980    0.525365   -0.866644   -0.020669
    6.022877   -0.785830   -0.589618    0.003922    0.527723   -0.864880   -0.020680
    6.025719   -0.784326   -0.592073    0.003863    0.530075   -0.863110   -0.020692
    6.028561   -0.782817   -0.594523    0.003804    0.532420   -0.861334   -0.020704
    6.031403   -0.781300   -0.596968    0.003745    0.534759   -0.859553   -0.020715
    6.034244   -0.779777   -0.599409    0.003686    0.537091   -0.857765   -0.020726
    6.037086   -0.778248   -0.601844    0.003627    0.539417   -0.855972   -0.020737
    6.039928   -0.776712   -0.604274    0.003568    0.541737   -0.854173   -0.020748
    6.042770   -0.775169   -0.606698    0.003509    0.544049   -0.852368   -0.020758
    6.045612   -0.773619   -0.609118    0.003450    0.546356   -0.850558   -0.020768
    6.048454   -0.772063   -0.611533    0.003391    0.548655   -0.848742   -0.020779
    6.051295   -0.770501   -0.613942    0.003332    0.550948   -0.846920   -0.020789
    6.054137   -0.768932   -0.616346    0.003273    0.553235   -0.845093   -0.020798
    6.056979   -0.767357   -0.618745    0.003214    0.555515   -0.843260   -0.020808
    6.059821   -0.765775   -0.621139    0.003155    0.557788   -0.841421   -0.020818
    6.062663   -0.764186   -0.623528    0.003096    0.560055   -0.839577   -0.020827
    6.065505   -0.762592   -0.625911    0.003037    0.562315   -0.837727   -0.020836
    6.068346   -0.760990   -0.628289    0.002977    0.564569   -0.835872   -0.020845
    6.071188   -0.759383   -0.630662    0.002918    0.566816   -0.834012   -0.020853
    6.074030   -0.757769   -0.633029    0.002859    0.569056   -0.832146   -0.020862
    6.076872   -0.756148   -0.635391    0.002800    0.571290   -0.830274   -0.020870
    6.079714   -0.754522   -0.637748    0.002740    0.573517   -0.828397   -0.020879
    6.082556   -0.752889   -0.640100    0.002681    0.575737   -0.826515   -0.020886
    6.085397   -0.751249   -0.642446    0.002621    0.577951   -0.824628   -0.020894
    6.088239   -0.749604   -0.644787    0.002562    0.580158   -0.822735   -0.020902
    6.091081   -0.747952   -0.647122    0.002503    0.582358   -0.820836   -0.020909
    6.093923   -0.746294   -0.649452    0.002443    0.584552   -0.818933   -0.020917
    6.096765   -0.744630   -0.651777    0.002384    0.586739   -0.817024   -0.020924
    6.099607   -0.742959   -0.654096    0.002324    0.588919   -0.815110   -0.020931
    6.102448   -0.741282   -0.656409    0.002265    0.591093   -0.813191   -0.020937
    6.105290   -0.739600   -0.658718    0.002205    0.593259   -0.811267   -0.020944
    6.108132   -0.737911   -0.661020    0.002146    0.595419   -0.809338   -0.020950
    6.110974   -0.736215   -0.663318    0.002086    0.597573   -0.807403   -0.020956
    6.113816   -0.734514   -0.665609    0.002027    0.599719   -0.805464   -0.020962
    6.116658   -0.732807   -0.667896    0.001967    0.601859   -0.803519   -0.020968
    6.119499   -0.731093   -0.670176    0.001908    0.603992   -0.801569   -0.020974
    6.122341   -0.729374   -0.672451    0.001848    0.606119   -0.799614   -0.020979
    6.125183   -0.727648   -0.674721    0.001788    0.608238   -0.797655   -0.020985
    6.128025   -0.725917   -0.676985    0.001729    0.610351   -0.795690   -0.020990
    6.130867   -0.724179   -0.679243    0.001669    0.612457   -0.793720   -0.020995
    6.133709   -0.722436   -0.681496    0.001609    0.614556   -0.791746   -0.020999
    6.136550   -0.720686   -0.683743    0.001550    0.616648   -0.789766   -0.021004
    6.139392   -0.718931   -0.685985    0.001490    0.618734   -0.787782   -0.021008
    6.142234   -0.717170   -0.688221    0.001430    0.620813   -0.785793   -0.021013
    6.145076   -0.715403   -0.690451    0.001371    0.622885   -0.783799   -0.021017
    6.147918   -0.713630   -0.692676    0.001311    0.624950   -0.781800   -0.021021
    6.150760   -0.711851   -0.694895    0.001251    0.627008   -0.779796   -0.021024
    6.153601   -0.710066   -0.697108    0.001191    0.629060   -0.777788   -0.021028
    6.156443   -0.708275   -0.699315    0.001132    0.631104   -0.775775   -0.021031
    6.159285   -0.706479   -0.701517    0.001072    0.633142   -0.773757   -0.021034
    6.162127   -0.704677   -0.703713    0.001012    0.635173   -0.771735   -0.021037
    6.164969   -0.702869   -0.705903    0.000952    0.637197   -0.769708   -0.021040
    6.167811   -0.701055   -0.708088    0.000892    0.639214   -0.767676   -0.021043
    6.170652   -0.699236   -0.710267    0.000833    0.641225   -0.765640   -0.021045
    6.173494   -0.697411   -0.712440    0.000773    0.643228   -0.763599   -0.021048
    6.176336   -0.695580   -0.714607    0.000713    0.645225   -0.761553   -0.021050
    6.179178   -0.693743   -0.716768    0.000653    0.647215   -0.759504   -0.021052
    6.182020   -0.691901   -0.718923    0.000593    0.649197   -0.757449   -0.021053
    6.184862   -0.690054   -0.721073    0.000533    0.651173   -0.755390   -0.021055
    6.187703   -0.688200   -0.723217    0.000474    0.653142   -0.753327   -0.021056
    6.190545   -0.686341   -0.725355    0.000414    0.655104   -0.751259   -0.021058
    6.193387   -0.684477   -0.727487    0.000354    0.657060   -0.749187   -0.021059
    6.196229   -0.682607   -0.729613    0.000294    0.659008   -0.747110   -0.021060
    6.199071   -0.680731   -0.731733    0.000234    0.660949   -0.745029   -0.021061
    6.201913   -0.678850   -0.733847    0.000174    0.662884   -0.742944   -0.021061
    6.204754   -0.676964   -0.735956    0.000115    0.664811   -0.740854   -0.021062
    6.207596   -0.675072   -0.738058    0.000055    0.666732   -0.738760   -0.021062
    6.207596   -0.675072   -0.738058    0.000055    0.666732   -0.738760   -0.021062

    0.000000   -0.675072   -0.738058    0.000055    0.666732   -0.738760   -0.021062
    6.207596   -0.675072   -0.738058    0.000055    0.737950   -0.695467    0.082092
    6.245662   -0.646499   -0.763991    0.003179    0.763068   -0.666920    0.082030
    6.283728   -0.616992   -0.788820    0.006298    0.787036   -0.637463    0.081851
    6.321794   -0.586596   -0.812512    0.009409    0.809822   -0.607148    0.081553
    6.359860   -0.555355   -0.835033    0.012506    0.831394   -0.576025    0.081139
    6.397926   -0.523316   -0.856356    0.015585    0.851724   -0.544147    0.080610
    6.435992   -0.490527   -0.876451    0.018641    0.870786   -0.511568    0.079966
    6.474057   -0.457038   -0.895294    0.021671    0.888556   -0.478343    0.079210
    6.512123   -0.422897   -0.912861    0.024670    0.905013   -0.444527    0.078344
    6.550189   -0.388155   -0.929130    0.027634    0.920139   -0.410174    0.077368
    6.588255   -0.352862   -0.944082    0.030559    0.933919   -0.375342    0.076286
    6.626321   -0.317071   -0.957700    0.033441    0.946339   -0.340085    0.075100
    6.664387   -0.280833   -0.969969    0.036275    0.957389   -0.304462    0.073811
    6.702453   -0.244201   -0.980875    0.039059    0.967060   -0.268528    0.072424
    6.740519   -0.207227   -0.990409    0.041788    0.975348   -0.232338    0.070940
    6.778585   -0.169963   -0.998561    0.044458    0.982249   -0.195950    0.069362
    6.816650   -0.132464   -1.005325    0.047067    0.987763   -0.159418    0.067693
    6.854716   -0.094781   -1.010697    0.049611    0.991891   -0.122797    0.065937
    6.892782   -0.056967   -1.014674    0.052086    0.994638   -0.086142    0.064097
    6.930848   -0.019075   -1.017255    0.054490    0.996009   -0.049507    0.062175
    6.968914    0.018844   -1.018443    0.056819    0.996014   -0.012943    0.060176
    7.006980    0.056736   -1.018242    0.059070    0.994662    0.023497    0.058103
    7.045046    0.094552   -1.016657    0.061241    0.991966    0.059762    0.055958
    7.083112    0.132240   -1.013695    0.063329    0.987941    0.095802    0.053747
    7.121178    0.169749   -1.009367    0.065332    0.982603    0.131569    0.051473
    7.159243    0.207031   -1.003683    0.067247    0.975969    0.167014    0.049138
    7.197309    0.244035   -0.996656    0.069072    0.968059    0.202093    0.046748
    7.235375    0.280715   -0.988302    0.070806    0.958895    0.236758    0.044305
    7.273441    0.317022   -0.978637    0.072445    0.948500    0.270968    0.041813
    7.311507    0.352910   -0.967679    0.073988    0.936897    0.304679    0.039277
    7.349573    0.388335   -0.955448    0.075435    0.924111    0.337851    0.036700
    7.387639    0.423250   -0.941965    0.076782    0.910171    0.370444    0.034085
    7.425705    0.457613   -0.927254    0.078029    0.895103    0.402420    0.031437
    7.463771    0.491382   -0.911337    0.079175    0.878936    0.433742    0.028759
    7.501837    0.524515   -0.894241    0.080218    0.861701    0.464375    0.026055
    7.539902    0.556972   -0.875992    0.081158    0.843428    0.494286    0.023328
    7.577968    0.588714   -0.856619    0.081994    0.824149    0.523442    0.020582
    7.616034    0.619703   -0.836152    0.082725    0.803897    0.551813    0.017822
    7.654100    0.649904   -0.814619    0.083351    0.782704    0.579369    0.015049
    7.692166    0.679280   -0.792054    0.083871    0.760604    0.606083    0.012269
    7.730232    0.707799   -0.768488    0.084285    0.737632    0.631929    0.009484
    7.768298    0.735427   -0.743955    0.084593    0.713823    0.656881    0.006698
    7.806364    0.762133   -0.718490    0.084795    0.689211    0.680916    0.003914
    7.844430    0.787888   -0.692128    0.084891    0.663833    0.704012    0.001136
    7.882495    0.812663   -0.664905    0.084881    0.637724    0.726149   -0.001633
    7.920561    0.836430   -0.636857    0.084767    0.610921    0.747308   -0.004391
    7.958627    0.859165   -0.608023    0.084547    0.583460    0.767470   -0.007133
    7.996693    0.880842   -0.578441    0.084224    0.555377    0.786619   -0.009857
    8.034759    0.901439   -0.548150    0.083797    0.526711    0.804739   -0.012559
    8.072825    0.920935   -0.517188    0.083268    0.497496    0.821818   -0.015237
    8.110891    0.939308   -0.485597    0.082637    0.467772    0.837842   -0.017888
    8.148957    0.956541   -0.453415    0.081906    0.437573    0.852799   -0.020509
    8.187023    0.972616   -0.420685    0.081076    0.406938    0.866680   -0.023098
    8.225088    0.987517   -0.387447    0.080148    0.375903    0.879476   -0.025650
    8.263154    1.001229   -0.353743    0.079124    0.344505    0.891178   -0.028165
    8.301220    1.013740   -0.319614    0.078005    0.312782    0.901780   -0.030639
    8.339286    1.025038   -0.285103    0.076792    0.280768    0.911275   -0.033069
    8.377352    1.035113   -0.250251    0.075488    0.248501    0.919660   -0.035454
    8.415418    1.043954   -0.215102    0.074093    0.216018    0.926931   -0.037792
    8.453484    1.051556   -0.179697    0.072611    0.183354    0.933086   -0.040078
    8.491550    1.057912   -0.144078    0.071043    0.150545    0.938121   -0.042313
    8.529616    1.063016   -0.108290    0.069390    0.117628    0.942038   -0.044492
    8.567681    1.066866   -0.072374    0.067656    0.084637    0.944837   -0.046615
    8.605747    1.069459   -0.036372    0.065842    0.051608    0.946519   -0.048679
    8.643813    1.070795   -0.000328    0.063951    0.018576    0.947085   -0.050682
    8.681879    1.070874    0.035717    0.061985   -0.014425    0.946540   -0.052623
    8.719945    1.069698    0.071720    0.059946   -0.047359    0.944887   -0.054499
    8.758011    1.067269    0.107639    0.057836   -0.080193    0.942131   -0.056308
    8.796077    1.063594    0.143432    0.055660   -0.112892    0.938279   -0.058050
    8.834143    1.058677    0.179058    0.053418   -0.145423    0.933335   -0.059722
    8.872209    1.052525    0.214475    0.051114   -0.177752    0.927309   -0.061323
    8.910275    1.045147    0.249642    0.048750   -0.209847    0.920208   -0.062851
    8.948340    1.036553    0.284519    0.046330   -0.241675    0.912041   -0.064304
    8.986406    1.026752    0.319064    0.043855   -0.273202    0.902819   -0.065682
    9.024472    1.015758    0.353239    0.041330   -0.304397    0.892551   -0.066983
    9.062538    1.003582    0.387003    0.038757   -0.335229    0.881249   -0.068206
    9.100604    0.990241    0.420317    0.036139   -0.365665    0.868925   -0.069350
    9.138670    0.975749    0.453143    0.033478   -0.395674    0.855592   -0.070412
    9.176736    0.960123    0.485442    0.030779   -0.425226    0.841264   -0.071393
    9.214802    0.943382    0.517177    0.028044   -0.454289    0.825956   -0.072291
    9.252868    0.925544    0.548311    0.025276   -0.482834    0.809682   -0.073106
    9.290933    0.906630    0.578808    0.022479   -0.510831    0.792459   -0.073835
    9.328999    0.886661    0.608631    0.019656   -0.538250    0.774303   -0.074480
    9.367065    0.865660    0.637745    0.016810   -0.565063    0.755232   -0.075038
    9.405131    0.843650    0.666116    0.013945   -0.591240    0.735264   -0.075509
    9.443197    0.820656    0.693711    0.011063   -0.616753    0.714418   -0.075892
    9.481263    0.796704    0.720495    0.008168   -0.641575    0.692714   -0.076187
    9.519329    0.771821    0.746438    0.005264   -0.665677    0.670173   -0.076393
    9.557395    0.746034    0.771506    0.002353   -0.689033    0.646815   -0.076511
    9.595461    0.719373    0.795671   -0.000560   -0.711616    0.622664   -0.076538
    9.633526    0.691868    0.818901   -0.003473   -0.733399    0.597742   -0.076476
    9.671592    0.663549    0.841169   -0.006381   -0.754358    0.572072   -0.076324
    9.709658    0.634448    0.862445   -0.009282   -0.774466    0.545680   -0.076081
    9.747724    0.604598    0.882703   -0.012172   -0.793700    0.518590   -0.075748
    9.785790    0.574034    0.901918   -0.015048   -0.812034    0.490828   -0.075324
    9.823856    0.542789    0.920063   -0.017906   -0.829446    0.462423   -0.074811
    9.861922    0.510899    0.937115   -0.020742   -0.845912    0.433400   -0.074207
    9.899988    0.478400    0.953051   -0.023554   -0.861409    0.403790   -0.073513
    9.938054    0.445330    0.967849   -0.026338   -0.875917    0.373621   -0.072729
    9.976119    0.411728    0.981489   -0.029090   -0.889413    0.342923   -0.071856
    9.976119    0.411728    0.981489   -0.029090   -0.902398    0.275345    0.038437
    9.985769    0.403005    0.984107   -0.028718   -0.905659    0.267479    0.038669
    9.995418    0.394251    0.986650   -0.028344   -0.908858    0.259571    0.038898
   10.005067    0.385466    0.989117   -0.027967   -0.911995    0.251622    0.039124
   10.014716    0.376651    0.991506   -0.027589   -0.915069    0.243632    0.039348
   10.024365    0.367807    0.993818   -0.027208   -0.918080    0.235602    0.039570
   10.034014    0.358934    0.996052   -0.026825   -0.921028    0.227531    0.039789
   10.043663    0.350033    0.998209   -0.026440   -0.923911    0.219421    0.040006
   10.053312    0.341104    1.000287   -0.026053   -0.926729    0.211271    0.040220
   10.062961    0.332149    1.002286   -0.025664   -0.929482    0.203083    0.040431
   10.072610    0.323167    1.004206   -0.025273   -0.932169    0.194856    0.040640
   10.082259    0.314160    1.006046   -0.024880   -0.934790    0.186590    0.040846
   10.091908    0.305128    1.007806   -0.024485   -0.937343    0.178286    0.041050
   10.101557    0.296071    1.009487   -0.024087   -0.939829    0.169945    0.041251
   10.111206    0.286991    1.011086   -0.023688   -0.942247    0.161567    0.041449
   10.120855    0.277888    1.012604   -0.023288   -0.944595    0.153152    0.041644
   10.130504    0.268762    1.014041   -0.022885   -0.946875    0.144701    0.041837
   10.140154    0.259615    1.015397   -0.022480   -0.949084    0.136214    0.042026
   10.149803    0.250447    1.016670   -0.022074   -0.951224    0.127692    0.042213
   10.159452    0.241259    1.017861   -0.021666   -0.953292    0.119135    0.042397
   10.169101    0.232051    1.018969   -0.021256   -0.955288    0.110543    0.042578
   10.178750    0.222824    1.019994   -0.020844   -0.957213    0.101917    0.042756
   10.188399    0.213578    1.020936   -0.020431   -0.959064    0.093257    0.042931
   10.198048    0.204316    1.021794   -0.020015   -0.960843    0.084564    0.043104
   10.207697    0.195036    1.022567   -0.019599   -0.962547    0.075839    0.043273
   10.217346    0.185741    1.023257   -0.019180   -0.964177    0.067081    0.043439
   10.226995    0.176430    1.023862   -0.018760   -0.965732    0.058292    0.043602
   10.236644    0.167104    1.024382   -0.018339   -0.967211    0.049471    0.043761
   10.246293    0.157765    1.024816   -0.017916   -0.968615    0.040620    0.043918
   10.255942    0.148412    1.025166   -0.017491   -0.969941    0.031739    0.044071
   10.265591    0.139047    1.025429   -0.017065   -0.971190    0.022828    0.044221
   10.275240    0.129670    1.025606   -0.016638   -0.972361    0.013888    0.044368
   10.284889    0.120282    1.025697   -0.016209   -0.973454    0.004920    0.044512
   10.294539    0.110884    1.025701   -0.015779   -0.974468   -0.004076    0.044652
   10.304188    0.101477    1.025618   -0.015348   -0.975402   -0.013100    0.044789
   10.313837    0.092061    1.025448   -0.014915   -0.976256   -0.022150    0.044923
   10.323486    0.082637    1.025191   -0.014481   -0.977029   -0.031226    0.045053
   10.333135    0.073207    1.024845   -0.014045   -0.977721   -0.040328    0.045179
   10.342784    0.063770    1.024412   -0.013609   -0.978331   -0.049455    0.045303
   10.352433    0.054327    1.023891   -0.013171   -0.978859   -0.058606    0.045422
   10.362082    0.044880    1.023281   -0.012732   -0.979303   -0.067781    0.045538
   10.371731    0.035428    1.022583   -0.012292   -0.979664   -0.076979    0.045651
   10.381380    0.025974    1.021796   -0.011851   -0.979941   -0.086199    0.045760
   10.391029    0.016518    1.020919   -0.011409   -0.980133   -0.095440    0.045865
   10.400678    0.007060    1.019954   -0.010966   -0.980240   -0.104703    0.045966
   10.410327   -0.002399    1.018899   -0.010522   -0.980262   -0.113986    0.046064
   10.419976   -0.011857    1.017754   -0.010077   -0.980197   -0.123289    0.046158
   10.429625   -0.021314    1.016519   -0.009631   -0.980044   -0.132610    0.046249
   10.439274   -0.030770    1.015195   -0.009185   -0.979805   -0.141949    0.046335
   10.448924   -0.040223    1.013780   -0.008737   -0.979478   -0.151306    0.046418
   10.458573   -0.049672    1.012275   -0.008289   -0.979062   -0.160680    0.046497
   10.468222   -0.059116    1.010679   -0.007840   -0.978557   -0.170069    0.046572
   10.477871   -0.068556    1.008993   -0.007390   -0.977962   -0.179474    0.046642
   10.487520   -0.077989    1.007215   -0.006940   -0.977278   -0.188893    0.046709
   10.497169   -0.087415    1.005347   -0.006489   -0.976502   -0.198325    0.046772
   10.506818   -0.096833    1.003388   -0.006037   -0.975636   -0.207770    0.046831
   10.516467   -0.106243    1.001338   -0.005585   -0.974678   -0.217227    0.046886
   10.526116   -0.115642    0.999196   -0.005132   -0.973628   -0.226695    0.046937
   10.535765   -0.125032    0.996963   -0.004679   -0.972485   -0.236173    0.046983
   10.545414   -0.134409    0.994638   -0.004226   -0.971249   -0.245661    0.047026
   10.555063   -0.143775    0.992222   -0.003772   -0.969920   -0.255157    0.047064
   10.564712   -0.153127    0.989714   -0.003318   -0.968496   -0.264661    0.047098
   10.574361   -0.162464    0.987115   -0.002863   -0.966978   -0.274171    0.047128
   10.584010   -0.171787    0.984423   -0.002408   -0.965364   -0.283687    0.047153
   10.593660   -0.181094    0.981640   -0.001953   -0.963655   -0.293208    0.047174
   10.603309   -0.190384    0.978765   -0.001498   -0.961850   -0.302733    0.047191
   10.612958   -0.199655    0.975798   -0.001042   -0.959949   -0.312261    0.047203
   10.622607   -0.208908    0.972739   -0.000587   -0.957951   -0.321790    0.047211
   10.632256   -0.218142    0.969588   -0.000131   -0.955855   -0.331321    0.047215
   10.641905   -0.227354    0.966345    0.000324   -0.953662   -0.340852    0.047214
   10.651554   -0.236545    0.963010    0.000780   -0.951371   -0.350382    0.047208
   10.661203   -0.245714    0.959583    0.001235   -0.948980   -0.359911    0.047198
   10.670852   -0.254859    0.956064    0.001691   -0.946491   -0.369436    0.047184
   10.680501   -0.263979    0.952454    0.002146   -0.943903   -0.378957    0.047165
   10.690150   -0.273074    0.948751    0.002601   -0.941215   -0.388473    0.047141
   10.699799   -0.282142    0.944957    0.003056   -0.938427   -0.397983    0.047113
   10.709448   -0.291183    0.941071    0.003510   -0.935538   -0.407486    0.047080
   10.719097   -0.300196    0.937093    0.003964   -0.932548   -0.416980    0.047042
   10.728746   -0.309179    0.933024    0.004418   -0.929458   -0.426465    0.046999
   10.738395   -0.318133    0.928863    0.004871   -0.926265   -0.435940    0.046952
   10.748045   -0.327054    0.924611    0.005324   -0.922971   -0.445403    0.046900
   10.757694   -0.335944    0.920268    0.005776   -0.919575   -0.454854    0.046843
   10.767343   -0.344800    0.915833    0.006228   -0.916076   -0.464290    0.046781
   10.776992   -0.353622    0.911308    0.006679   -0.912475   -0.473712    0.046715
   10.786641   -0.362409    0.906692    0.007129   -0.908771   -0.483117    0.046643
   10.796290   -0.371159    0.901985    0.007579   -0.904963   -0.492505    0.046567
   10.805939   -0.379873    0.897187    0.008028   -0.901052   -0.501874    0.046486
   10.815588   -0.388548    0.892300    0.008476   -0.897037   -0.511223    0.046400
   10.825237   -0.397183    0.887322    0.008923   -0.892919   -0.520552    0.046308
   10.834886   -0.405779    0.882254    0.009370   -0.888696   -0.529858    0.046212
   10.844535   -0.414333    0.877097    0.009815   -0.884369   -0.539140    0.046111
   10.854184   -0.422845    0.871850    0.010260   -0.879937   -0.548398    0.046005
   10.863833   -0.431314    0.866514    0.010703   -0.875401   -0.557630    0.045893
   10.873482   -0.439739    0.861089    0.011145   -0.870760   -0.566835    0.045777
   10.883131   -0.448118    0.855575    0.011586   -0.866014   -0.576011    0.045655
   10.892780   -0.456451    0.849973    0.012026   -0.861163   -0.585157    0.045529
   10.902430   -0.464736    0.844283    0.012465   -0.856207   -0.594272    0.045397
   10.912079   -0.472973    0.838505    0.012902   -0.851146   -0.603354    0.045260
   10.921728   -0.481161    0.832639    0.013338   -0.845980   -0.612403    0.045118
   10.931377   -0.489299    0.826686    0.013773   -0.840709   -0.621416    0.044971
   10.931377   -0.489299    0.826686    0.013773   -0.840709   -0.621416    0.044971

    0.000000   -0.489299    0.826686    0.013773   -0.840709   -0.621416    0.044971
   10.931377   -0.489299    0.826686    0.013773   -0.840709   -0.621416    0.044971
   10.956077   -0.509893    0.811054    0.014879   -0.826735   -0.644319    0.044570
   10.980777   -0.530134    0.794859    0.015975   -0.812072   -0.666959    0.044135
   11.005477   -0.550004    0.778109    0.017059   -0.796721   -0.689314    0.043666
   11.030177   -0.569487    0.760809    0.018131   -0.780683   -0.711359    0.043161
   11.054877   -0.588564    0.742970    0.019191   -0.763962   -0.733071    0.042622
   11.079577   -0.607221    0.724599    0.020237   -0.746562   -0.754426    0.042049
   11.104277   -0.625439    0.705704    0.021268   -0.728487   -0.775398    0.041440
   11.128977   -0.643203    0.686297    0.022284   -0.709744   -0.795963    0.040797
   11.153677   -0.660495    0.666387    0.023283   -0.690338   -0.816097    0.040118
   11.178378   -0.677300    0.645986    0.024265   -0.670280   -0.835774    0.039406
   11.203078   -0.693602    0.625104    0.025229   -0.649576   -0.854969    0.038658
   11.227778   -0.709384    0.603754    0.026175   -0.628239   -0.873658    0.037876
   11.252478   -0.724632    0.581949    0.027100   -0.606278   -0.891815    0.037060
   11.277178   -0.739329    0.559703    0.028005   -0.583708   -0.909416    0.036211
   11.301878   -0.753462    0.537029    0.028889   -0.560541   -0.926435    0.035328
   11.326578   -0.767015    0.513942    0.029750   -0.536792   -0.942850    0.034412
   11.351278   -0.779975    0.490457    0.030588   -0.512479   -0.958636    0.033464
   11.375978   -0.792327    0.466591    0.031403   -0.487617   -0.973768    0.032483
   11.400678   -0.804059    0.442358    0.032193   -0.462226   -0.988225    0.031472
   11.425378   -0.815157    0.417778    0.032957   -0.436326   -1.001982    0.030430
   11.450078   -0.825610    0.392866    0.033696   -0.409937   -1.015020    0.029358
   11.474779   -0.835404    0.367642    0.034407   -0.383083   -1.027315    0.028257
   11.499479   -0.844530    0.342123    0.035091   -0.355785   -1.038848    0.027127
   11.524179   -0.852977    0.316329    0.035747   -0.328068   -1.049599    0.025971
   11.548879   -0.860734    0.290279    0.036374   -0.299959   -1.059548    0.024788
   11.573579   -0.867792    0.263994    0.036971   -0.271483   -1.068679    0.023580
   11.598279   -0.874142    0.237493    0.037539   -0.242668   -1.076974    0.022347
   11.622979   -0.879777    0.210798    0.038075   -0.213542   -1.084418    0.021091
   11.647679   -0.884689    0.183930    0.038580   -0.184136   -1.090996    0.019814
   11.672379   -0.888871    0.156910    0.039054   -0.154479   -1.096696    0.018516
   11.697079   -0.892318    0.129760    0.039495   -0.124602   -1.101504    0.017198
   11.721779   -0.895025    0.102503    0.039903   -0.094537   -1.105411    0.015862
   11.746479   -0.896987    0.075160    0.040278   -0.064316   -1.108407    0.014510
   11.771180   -0.898201    0.047755    0.040620   -0.033973   -1.110484    0.013143
   11.795880   -0.898665    0.020310    0.040928   -0.003540   -1.111637    0.011762
   11.820580   -0.898376   -0.007152    0.041201    0.026949   -1.111860    0.010368
   11.845280   -0.897333   -0.034609    0.041440    0.057459   -1.111150    0.008964
   11.869980   -0.895537   -0.062036    0.041644    0.087956   -1.109506    0.007551
   11.894680   -0.892989   -0.089411    0.041813    0.118407   -1.106928    0.006130
   11.919380   -0.889689   -0.116710    0.041946    0.148776   -1.103416    0.004703
   11.944080   -0.885640   -0.143912    0.042045    0.179029   -1.098975    0.003272
   11.968780   -0.880846   -0.170992    0.042108    0.209133   -1.093608    0.001838
   11.993480   -0.875310   -0.197929    0.042136    0.239052   -1.087323    0.000403
   12.018180   -0.869038   -0.224699    0.042128    0.268754   -1.080127   -0.001032
   12.042880   -0.862036   -0.251280    0.042085    0.298206   -1.072029   -0.002465
   12.067580   -0.854309   -0.277650    0.042006    0.327374   -1.063040   -0.003894
   12.092281   -0.845866   -0.303787    0.041892    0.356226   -1.053173   -0.005318
   12.116981   -0.836715   -0.329670    0.041744    0.384733   -1.042441   -0.006735
   12.141681   -0.826863   -0.355277    0.041560    0.412862   -1.030860   -0.008143
   12.166381   -0.816323   -0.380587    0.041341    0.440584   -1.018445   -0.009542
   12.191081   -0.805102   -0.405581    0.041089    0.467870   -1.005216   -0.010929
   12.215781   -0.793213   -0.430239    0.040802    0.494693   -0.991189   -0.012303
   12.240481   -0.780668   -0.454540    0.040481    0.521025   -0.976386   -0.013663
   12.265181   -0.767479   -0.478466    0.040127    0.546842   -0.960828   -0.015008
   12.289881   -0.753659   -0.501999    0.039740    0.572117   -0.944537   -0.016335
   12.314581   -0.739221   -0.525121    0.039320    0.596829   -0.927535   -0.017643
   12.339281   -0.724180   -0.547814    0.038868    0.620954   -0.909847   -0.018932
   12.363981   -0.708551   -0.570062    0.038385    0.644473   -0.891498   -0.020200
   12.388682   -0.692348   -0.591849    0.037870    0.667364   -0.872512   -0.021446
   12.413382   -0.675588   -0.613159    0.037326    0.689611   -0.852916   -0.022669
   12.438082   -0.658287   -0.633978    0.036751    0.711195   -0.832735   -0.023868
   12.462782   -0.640461   -0.654292    0.036147    0.732102   -0.811998   -0.025042
   12.487482   -0.622126   -0.674086    0.035514    0.752317   -0.790730   -0.026189
   12.512182   -0.603302   -0.693350    0.034853    0.771826   -0.768960   -0.027309
   12.536882   -0.584004   -0.712069    0.034165    0.790619   -0.746716   -0.028402
   12.561582   -0.564251   -0.730234    0.033450    0.808685   -0.724025   -0.029465
   12.586282   -0.544061   -0.747833    0.032710    0.826014   -0.700915   -0.030500
   12.610982   -0.523452   -0.764856    0.031944    0.842599   -0.677414   -0.031504
   12.635682   -0.502443   -0.781294    0.031154    0.858434   -0.653550   -0.032478
   12.660382   -0.481051   -0.797139    0.030340    0.873513   -0.629351   -0.033421
   12.685083   -0.459297   -0.812382    0.029503    0.887831   -0.604844   -0.034332
   12.709783   -0.437199   -0.827016    0.028644    0.901386   -0.580057   -0.035211
   12.734483   -0.414775   -0.841034    0.027764    0.914176   -0.555017   -0.036058
   12.759183   -0.392045   -0.854432    0.026863    0.926201   -0.529749   -0.036872
   12.783883   -0.369027   -0.867202    0.025943    0.937459   -0.504282   -0.037653
   12.808583   -0.345740   -0.879342    0.025003    0.947954   -0.478640   -0.038401
   12.833283   -0.322204   -0.890846    0.024046    0.957686   -0.452849   -0.039116
   12.857983   -0.298437   -0.901712    0.023071    0.966659   -0.426933   -0.039797
   12.882683   -0.274457   -0.911936    0.022080    0.974878   -0.400918   -0.040445
   12.907383   -0.250284   -0.921516    0.021073    0.982346   -0.374826   -0.041059
   12.932083   -0.225935   -0.930452    0.020052    0.989069   -0.348681   -0.041640
   12.956783   -0.201430   -0.938741    0.019017    0.995054   -0.322505   -0.042187
   12.981484   -0.176785   -0.946384    0.017968    1.000308   -0.296321   -0.042701
   13.006184   -0.152020   -0.953380    0.016908    1.004839   -0.270149   -0.043181
   13.030884   -0.127152   -0.959729    0.015835    1.008653   -0.244011   -0.043628
   13.055584   -0.102198   -0.965434    0.014753    1.011761   -0.217926   -0.044043
   13.080284   -0.077176   -0.970496    0.013660    1.014172   -0.191913   -0.044425
   13.104984   -0.052104   -0.974915    0.012558    1.015895   -0.165991   -0.044774
   13.129684   -0.026997   -0.978696    0.011448    1.016941   -0.140179   -0.045091
   13.154384   -0.001872   -0.981841    0.010331    1.017319   -0.114492   -0.045377
   13.179084    0.023254   -0.984354    0.009207    1.017042   -0.088949   -0.045631
   13.203784    0.048365   -0.986237    0.008077    1.016120   -0.063564   -0.045853
   13.228484    0.073445   -0.987495    0.006942    1.014565   -0.038353   -0.046045
   13.253184    0.098479   -0.988133    0.005803    1.012388   -0.013330   -0.046206
   13.277885    0.123452   -0.988155    0.004660    1.009601    0.011490   -0.046338
   13.302585    0.148349   -0.987567    0.003514    1.006216    0.036094   -0.046440
   13.327285    0.173154   -0.986374    0.002366    1.002247    0.060469   -0.046512
   13.351985    0.197855   -0.984582    0.001216    0.997704    0.084604   -0.046556
   13.376685    0.222437   -0.982197    0.000066    0.992601    0.108487   -0.046572
   13.376685    0.222437   -0.982197    0.000066    0.963402    0.218916   -0.000021
   13.429501    0.272993   -0.969299    0.000065    0.950588    0.269389   -0.000024
   13.482318    0.322804   -0.953753    0.000064    0.935174    0.319140   -0.000027
   13.535134    0.371733   -0.935602    0.000062    0.917199    0.368037   -0.000031
   13.587951    0.419647   -0.914893    0.000060    0.896707    0.415954   -0.000034
   13.640767    0.466412   -0.891683    0.000059    0.873747    0.462766   -0.000037
   13.693584    0.511901   -0.866032    0.000057    0.848377    0.508347   -0.000040
   13.746400    0.555987   -0.838008    0.000054    0.820659    0.552578   -0.000043
   13.799217    0.598549   -0.807687    0.000052    0.790659    0.595340   -0.000046
   13.852034    0.639468   -0.775149    0.000050    0.758451    0.636517   -0.000048
   13.904850    0.678629   -0.740480    0.000047    0.724116    0.675998   -0.000051
   13.957667    0.715923   -0.703773    0.000044    0.687736    0.713674   -0.000053
   14.010483    0.751242   -0.665126    0.000041    0.649402    0.749439   -0.000055
   14.063300    0.784488   -0.624643    0.000038    0.609210    0.783194   -0.000057
   14.116116    0.815564   -0.582432    0.000035    0.567260    0.814840   -0.000059
   14.168933    0.844380   -0.538607    0.000032    0.523657    0.844287   -0.000061
   14.221749    0.870853   -0.493288    0.000029    0.478513    0.871445   -0.000063
   14.274566    0.894902   -0.446596    0.000025    0.431942    0.896234   -0.000064
   14.327382    0.916457   -0.398659    0.000022    0.384065    0.918575   -0.000065
   14.380199    0.935451   -0.349608    0.000019    0.335005    0.938397   -0.000066
   14.433015    0.951826   -0.299579    0.000015    0.284891    0.955634   -0.000067
   14.485832    0.965529   -0.248708    0.000011    0.233857    0.970228   -0.000068
   14.538648    0.976515   -0.197138    0.000008    0.182037    0.982124   -0.000069
   14.591465    0.984747   -0.145012    0.000004    0.129571    0.991276   -0.000069
   14.644281    0.990193   -0.092475    0.000001    0.076603    0.997645   -0.000069
   14.697098    0.992832   -0.039677   -0.000003    0.023279    1.001198   -0.000069
   14.749914    0.992649    0.013234   -0.000007   -0.030254    1.001910   -0.000069
   14.802731    0.989635    0.066107   -0.000010   -0.083846    0.999764   -0.000068
   14.855547    0.983793    0.118792   -0.000014   -0.137343    0.994751   -0.000068
   14.908364    0.975132    0.171135   -0.000017   -0.190592    0.986869   -0.000067
   14.961180    0.963668    0.222987   -0.000021   -0.243439    0.976126   -0.000066
   15.013997    0.949426    0.274197   -0.000024   -0.295728    0.962536   -0.000064
   15.066814    0.932442    0.324613   -0.000028   -0.347305    0.946124   -0.000063
   15.119630    0.912755    0.374089   -0.000031   -0.398014    0.926921   -0.000061
   15.172447    0.890416    0.422478   -0.000034   -0.447702    0.904971   -0.000060
   15.225263    0.865483    0.469637   -0.000037   -0.496216    0.880322   -0.000058
   15.278080    0.838023    0.515423   -0.000040   -0.543406    0.853033   -0.000055
   15.330896    0.808108    0.559700   -0.000043   -0.589124    0.823173   -0.000053
   15.383713    0.775820    0.602333   -0.000046   -0.633225    0.790818   -0.000051
   15.436529    0.741249    0.643194   -0.000049   -0.675569    0.756053   -0.000048
   15.489346    0.704491    0.682157   -0.000051   -0.716017    0.718971   -0.000045
   15.542162    0.665650    0.719102   -0.000053   -0.754439    0.679676   -0.000042
   15.594979    0.624835    0.753916   -0.000055   -0.790708    0.638277   -0.000039
   15.647795    0.582165    0.786490   -0.000057   -0.824702    0.594891   -0.000036
   15.700612    0.537762    0.816723   -0.000059   -0.856308    0.549646   -0.000033
   15.753428    0.491754    0.844520   -0.000061   -0.885418    0.502672   -0.000029
   15.806245    0.444278    0.869794   -0.000062   -0.911933    0.454110   -0.000026
   15.859061    0.395472    0.892464   -0.000064   -0.935760    0.404106   -0.000022
   15.911878    0.345480    0.912458   -0.000065   -0.956817    0.352811   -0.000019
   15.964694    0.294450    0.929713   -0.000066   -0.975029    0.300382   -0.000015
   16.017511    0.242535    0.944172   -0.000066   -0.990332    0.246982   -0.000011
   16.070327    0.189891    0.955788   -0.000067   -1.002669    0.192774   -0.000007
   16.123144    0.136673    0.964524   -0.000067   -1.011995    0.137930   -0.000004
   16.175960    0.083044    0.970350   -0.000067   -1.018276    0.082622    0.000000
   16.228777    0.029164    0.973246   -0.000067   -1.021486    0.027023    0.000004
   16.281594   -0.024804    0.973202   -0.000067   -1.021610   -0.028690    0.000008
   16.334410   -0.078697    0.970217   -0.000066   -1.018646   -0.084340    0.000012
   16.387227   -0.132353    0.964297   -0.000065   -1.012601   -0.139751    0.000016
   16.440043   -0.185608    0.955462   -0.000065   -1.003493   -0.194745    0.000019
   16.492860   -0.238301    0.943736   -0.000063   -0.991349   -0.249149    0.000023
   16.545676   -0.290274    0.929157   -0.000062   -0.976211   -0.302790    0.000027
   16.598493   -0.341369    0.911768   -0.000061   -0.958126   -0.355497    0.000030
   16.651309   -0.391433    0.891624   -0.000059   -0.937156   -0.407104    0.000033
   16.704126   -0.440315    0.868787   -0.000057   -0.913370   -0.457449    0.000037
   16.756942   -0.487867    0.843327   -0.000055   -0.886847   -0.506374    0.000040
   16.809759   -0.533948    0.815324   -0.000053   -0.857675   -0.553726    0.000043
   16.862575   -0.578421    0.784866   -0.000051   -0.825953   -0.599361    0.000046
   16.915392   -0.621153    0.752045   -0.000048   -0.791786   -0.643137    0.000049
   16.968208   -0.662019    0.716964   -0.000045   -0.755287   -0.684922    0.000052
   17.021025   -0.700897    0.679732   -0.000043   -0.716578   -0.724592    0.000054
   17.073841   -0.737676    0.640463   -0.000040   -0.675785   -0.762028    0.000056
   17.126658   -0.772248    0.599278   -0.000037   -0.633044   -0.797121    0.000058
   17.179474   -0.804515    0.556303   -0.000034   -0.588493   -0.829772    0.000060
   17.232291   -0.834383    0.511671   -0.000030   -0.542278   -0.859889    0.000062
   17.285107   -0.861770    0.465517   -0.000027   -0.494546   -0.887389    0.000064
   17.337924   -0.886600    0.417981   -0.000024   -0.445452   -0.912198    0.000065
   17.390740   -0.908804    0.369207   -0.000020   -0.395150   -0.934253    0.000067
   17.443557   -0.928322    0.319342   -0.000017   -0.343799   -0.953500    0.000068
   17.496374   -0.945105    0.268536   -0.000013   -0.291559   -0.969893    0.000068
   17.549190   -0.959108    0.216940   -0.000009   -0.238593   -0.983398    0.000069
   17.602007   -0.970298    0.164708   -0.000006   -0.185062   -0.993987    0.000069
   17.654823   -0.978649    0.111994   -0.000002   -0.131129   -1.001645    0.000070
   17.707640   -0.984145    0.058953    0.000002   -0.076955   -1.006364    0.000070
   17.760456   -0.986777    0.005740    0.000005   -0.022702   -1.008145    0.000069
   17.813273   -0.986545   -0.047489    0.000009    0.031470   -1.007000    0.000069
   17.866089   -0.983457   -0.100581    0.000013    0.085403   -1.002947    0.000068
   17.918906   -0.977530   -0.153383    0.000016    0.138944   -0.996014    0.000068
   17.971722   -0.968789   -0.205743    0.000020    0.191938   -0.986236    0.000067
   18.024539   -0.957267   -0.257512    0.000023    0.244237   -0.973658    0.000065
   18.077355   -0.943005   -0.308545    0.000027    0.295695   -0.958330    0.000064
   18.130172   -0.926050   -0.358696    0.000030    0.346171   -0.940311    0.000063
   18.182988   -0.906457   -0.407826    0.000033    0.395527 