 0  0.00000e+00 0.00000e+00 0.00000e+00 0.00000e+00 0.00000e+00 0.00000e+00
 0  0.00000e+00 0.00000e+00 0.00000e+00 0.00000e+00 0.00000e+00 0.00000e+00

 1  0.00000e+00 0.00000e+00 0.00000e+00 0.00000e+00 0.00000e+00 0.00000e+00
 1  0.00000e+00 0.00000e+00 0.00000e+00 0.00000e+00 0.00000e+00 0.00000e+00

 2  0.00000e+00 0.00000e+00 0.00000e+00 0.00000e+00 0.00000e+00 0.00000e+00
 2  0.00000e+00 0.00000e+00 0.00000e+00 0.00000e+00 0.00000e+00 0.00000e+00

  0.00000e+00 0.00000e+00 0.00000e+00
  0.00000e+00 0.00000e+00 0.00000e+00

 0      0.0000000000	      0.0000000000	      0.0000000000	
 1      0.1233410885	      0.0000000000	      0.1233410885	
 2      0.0000000000	      0.0000000000	      0.0000000000	

FLeg = 0.1233410885
ToF_Leg (actual) = 7.6741437427
ToF_Leg (design) = 7.6741437427

F = 0.5140857191
ToF (actual) = 18.6055204527
ToF (max) 	 = 18.6055204558
r_p = 17310.2102368179
v_infm = -0.0580310849 -0.0573486829 -0.0211037817
v_infp = 0.0131422535 -0.0140486390 0.0820473255
|v_infm| = 0.0842724620
|v_infp| = 0.0842724552
