 0  9.80324e-30 1.35072e-30 5.37912e-33 8.69390e-30 3.14723e-30 7.10187e-34
 0  9.80324e-30 1.35072e-30 5.37912e-33 8.69390e-30 3.14723e-30 7.10187e-34

 1  4.45850e-29 6.62006e-30 5.53033e-32 5.99452e-30 3.68936e-29 3.75235e-32
 1  4.45850e-29 6.62006e-30 5.53033e-32 5.99452e-30 3.68936e-29 3.75235e-32

 2  3.72480e-29 1.75850e-29 1.22828e-32 1.69020e-29 3.92304e-29 7.76070e-32
 2  3.72480e-29 1.75850e-29 1.22828e-32 1.69020e-29 3.92304e-29 7.76070e-32

  5.42924e-29 5.43881e-31 9.04300e-33
  5.56652e-29 5.37605e-31 7.21286e-33

 0      0.1326162290	      0.0000000000	      0.1326162290	
 1      0.1300000013	      0.0000000000	      0.1300000013	
 2      0.0000000000	      0.0000000000	      0.0000000000	

FLeg = 0.2626162303
ToF_Leg (actual) = 4.7237805046
ToF_Leg (design) = 4.7237805054
