 0  3.33828e-33 1.18124e-31 3.26004e-36 6.16298e-32 1.66914e-32 2.30710e-35
 0  3.33828e-33 1.18124e-31 3.26004e-36 6.16298e-32 1.66914e-32 2.30710e-35

 1  5.19539e-30 2.27825e-30 3.98408e-33 8.41503e-30 5.45423e-31 1.81860e-33
 1  5.19539e-30 2.27825e-30 3.98408e-33 8.41503e-30 5.45423e-31 1.81860e-33

 2  9.80324e-30 1.35072e-30 5.37912e-33 8.69390e-30 3.14723e-30 7.10187e-34
 2  9.80324e-30 1.35072e-30 5.37912e-33 8.69390e-30 3.14723e-30 7.10187e-34

  1.11023e-29 5.70013e-32 1.93902e-35
  1.17752e-29 6.66600e-32 4.15634e-36

 0      0.0000000000	      0.0000000000	      0.0000000000	
 1      0.0206627992	      0.0000000000	      0.0206627992	
 2      0.0000000000	      0.0000000000	      0.0000000000	

FLeg = 0.0206627992
ToF_Leg (actual) = 2.2507311319
ToF_Leg (design) = 2.2507311325
