
    0.000000   -0.675072   -0.738058    0.000055    0.683996   -0.715598   -0.020902
    6.207596   -0.675072   -0.738058    0.000055    0.694811   -0.727787   -0.014875
    6.249347   -0.645485   -0.767794   -0.000566    0.722247   -0.696504   -0.014864
    6.291097   -0.614784   -0.796204   -0.001186    0.748208   -0.664288   -0.014828
    6.332848   -0.583030   -0.823251   -0.001804    0.772673   -0.631213   -0.014767
    6.374599   -0.550286   -0.848900   -0.002419    0.795624   -0.597352   -0.014681
    6.416349   -0.516615   -0.873120   -0.003030    0.817048   -0.562775   -0.014572
    6.458100   -0.482083   -0.895883   -0.003635    0.836934   -0.527553   -0.014439
    6.499850   -0.446752   -0.917164   -0.004235    0.855275   -0.491755   -0.014284
    6.541601   -0.410688   -0.936939   -0.004828    0.872066   -0.455450   -0.014107
    6.583351   -0.373955   -0.955188   -0.005413    0.887306   -0.418702   -0.013908
    6.625102   -0.336618   -0.971895   -0.005989    0.900995   -0.381579   -0.013688
    6.666853   -0.298742   -0.987046   -0.006555    0.913138   -0.344142   -0.013448
    6.708603   -0.260392   -1.000628   -0.007111    0.923741   -0.306455   -0.013189
    6.750354   -0.221630   -1.012633   -0.007656    0.932811   -0.268578   -0.012911
    6.792104   -0.182522   -1.023053   -0.008189    0.940358   -0.230569   -0.012616
    6.833855   -0.143130   -1.031885   -0.008709    0.946394   -0.192487   -0.012302
    6.875606   -0.103518   -1.039126   -0.009216    0.950932   -0.154385   -0.011973
    6.917356   -0.063747   -1.044776   -0.009709    0.953988   -0.116319   -0.011627
    6.959107   -0.023879   -1.048840   -0.010187    0.955579   -0.078340   -0.011266
    7.000857    0.016025   -1.051320   -0.010650    0.955721   -0.040499   -0.010891
    7.042608    0.055905   -1.052224   -0.011096    0.954434   -0.002846   -0.010501
    7.084358    0.095702   -1.051561   -0.011526    0.951739    0.034573   -0.010099
    7.126109    0.135357   -1.049341   -0.011939    0.947655    0.071710   -0.009684
    7.167860    0.174813   -1.045577   -0.012335    0.942205    0.108523   -0.009258
    7.209610    0.214013   -1.040284   -0.012712    0.935412    0.144967   -0.008820
    7.251361    0.252903   -1.033478   -0.013071    0.927300    0.181002   -0.008372
    7.293111    0.291426   -1.025177   -0.013411    0.917891    0.216586   -0.007914
    7.334862    0.329530   -1.015400   -0.013732    0.907212    0.251681   -0.007447
    7.376613    0.367162   -1.004168   -0.014033    0.895288    0.286248   -0.006972
    7.418363    0.404271   -0.991506   -0.014314    0.882144    0.320253   -0.006489
    7.460114    0.440805   -0.977435   -0.014575    0.867807    0.353659   -0.005999
    7.501864    0.476717   -0.961983   -0.014815    0.852303    0.386431   -0.005502
    7.543615    0.511958   -0.945177   -0.015034    0.835659    0.418538   -0.005000
    7.585366    0.546480   -0.927045   -0.015232    0.817903    0.449946   -0.004492
    7.627116    0.580239   -0.907616   -0.015409    0.799063    0.480624   -0.003980
    7.668867    0.613188   -0.886923   -0.015564    0.779167    0.510543   -0.003464
    7.710617    0.645286   -0.864996   -0.015698    0.758242    0.539673   -0.002944
    7.752368    0.676488   -0.841871   -0.015810    0.736318    0.567985   -0.002421
    7.794118    0.706756   -0.817581   -0.015900    0.713423    0.595451   -0.001896
    7.835869    0.736047   -0.792162   -0.015968    0.689588    0.622045   -0.001370
    7.877620    0.764324   -0.765652   -0.016015    0.664840    0.647740   -0.000842
    7.919370    0.791550   -0.738088   -0.016039    0.639211    0.672511   -0.000314
    7.961121    0.817687   -0.709509   -0.016041    0.612729    0.696333    0.000214
    8.002871    0.842702   -0.679957   -0.016021    0.585427    0.719181    0.000741
    8.044622    0.866560   -0.649471   -0.015979    0.557333    0.741031    0.001267
    8.086373    0.889229   -0.618094   -0.015915    0.528480    0.761861    0.001791
    8.128123    0.910679   -0.585869   -0.015829    0.498899    0.781648    0.002313
    8.169874    0.930878   -0.552840   -0.015722    0.468621    0.800370    0.002831
    8.211624    0.949800   -0.519052   -0.015593    0.437679    0.818005    0.003347
    8.253375    0.967416   -0.484551   -0.015443    0.406107    0.834532    0.003858
    8.295125    0.983702   -0.449384   -0.015271    0.373936    0.849931    0.004364
    8.336876    0.998632   -0.413597   -0.015078    0.341200    0.864182    0.004865
    8.378627    1.012185   -0.377240   -0.014865    0.307935    0.877265    0.005361
    8.420377    1.024338   -0.340361   -0.014631    0.274174    0.889161    0.005850
    8.462128    1.035073   -0.303010   -0.014377    0.239954    0.899851    0.006332
    8.503878    1.044369   -0.265239   -0.014102    0.205310    0.909318    0.006806
    8.545629    1.052211   -0.227099   -0.013808    0.170279    0.917544    0.007272
    8.587380    1.058583   -0.188641   -0.013495    0.134899    0.924512    0.007730
    8.629130    1.063471   -0.149919   -0.013163    0.099208    0.930206    0.008178
    8.670881    1.066863   -0.110985   -0.012812    0.063244    0.934610    0.008617
    8.712631    1.068748   -0.071896   -0.012444    0.027049    0.937709    0.009045
    8.754382    1.069119   -0.032704   -0.012057   -0.009338    0.939489    0.009462
    8.796132    1.067967    0.006534   -0.011654   -0.045874    0.939936    0.009867
    8.837883    1.065287    0.045763   -0.011233   -0.082518    0.939037    0.010261
    8.879634    1.061075    0.084926   -0.010797   -0.119224    0.936780    0.010641
    8.921384    1.055331    0.123966   -0.010345   -0.155949    0.933155    0.011008
    8.963135    1.048054    0.162826   -0.009878   -0.192648    0.928150    0.011361
    9.004885    1.039246    0.201449   -0.009397   -0.229272    0.921758    0.011699
    9.046636    1.028911    0.239775   -0.008901   -0.265775    0.913970    0.012022
    9.088387    1.017056    0.277747   -0.008393   -0.302107    0.904779    0.012329
    9.130137    1.003688    0.315305   -0.007872   -0.338219    0.894180    0.012619
    9.171888    0.988818    0.352392   -0.007340   -0.374060    0.882169    0.012893
    9.213638    0.972458    0.388948   -0.006796   -0.409576    0.868743    0.013149
    9.255389    0.954623    0.424913   -0.006242   -0.444714    0.853902    0.013387
    9.297140    0.935330    0.460230   -0.005678   -0.479421    0.837647    0.013606
    9.338890    0.914597    0.494838   -0.005106   -0.513641    0.819979    0.013805
    9.380641    0.892448    0.528679   -0.004526   -0.547316    0.800904    0.013985
    9.422391    0.868904    0.561695   -0.003939   -0.580389    0.780429    0.014144
    9.464142    0.843994    0.593827   -0.003345   -0.612801    0.758562    0.014281
    9.505892    0.817745    0.625017   -0.002746   -0.644494    0.735315    0.014398
    9.547643    0.790189    0.655207   -0.002143   -0.675406    0.710702    0.014491
    9.589394    0.761359    0.684342   -0.001537   -0.705476    0.684739    0.014563
    9.631144    0.731293    0.712366   -0.000928   -0.734642    0.657446    0.014611
    9.672895    0.700029    0.739222   -0.000317   -0.762843    0.628844    0.014635
    9.714645    0.667609    0.764857    0.000294   -0.790015    0.598960    0.014636
    9.756396    0.634077    0.789218    0.000905   -0.816096    0.567821    0.014612
    9.798147    0.599480    0.812254    0.001514   -0.841021    0.535459    0.014563
    9.839897    0.563868    0.833913    0.002120   -0.864729    0.501910    0.014489
    9.881648    0.527292    0.854148    0.002723   -0.887156    0.467213    0.014389
    9.923398    0.489808    0.872910    0.003322   -0.908240    0.431409    0.014264
    9.965149    0.451473    0.890156    0.003914   -0.927919    0.394546    0.014113
   10.006899    0.412346    0.905841    0.004500   -0.946133    0.356674    0.013935
   10.048650    0.372491    0.919926    0.005077   -0.962822    0.317847    0.013732
   10.090401    0.331971    0.932370    0.005646   -0.977929    0.278123    0.013502
   10.132151    0.290855    0.943137    0.006204   -0.991396    0.237564    0.013245
   10.173902    0.249212    0.952196    0.006752   -1.003171    0.196236    0.012963
   10.215652    0.207114    0.959514    0.007286   -1.013201    0.154210    0.012654
   10.257403    0.164634    0.965064    0.007808   -1.021438    0.111561    0.012320
   10.299154    0.121848    0.968822    0.008315   -1.027836    0.068365    0.011959
   10.340904    0.078834    0.970766    0.008806   -1.032352    0.024706    0.011574
   10.340904    0.078833    0.970766    0.008806   -1.000355    0.064080    0.011919
   10.346869    0.072865    0.971130    0.008877   -1.000845    0.057812    0.011862
   10.352833    0.066894    0.971456    0.008948   -1.001296    0.051539    0.011805
   10.358797    0.060920    0.971745    0.009018   -1.001709    0.045263    0.011747
   10.364762    0.054945    0.971996    0.009088   -1.002083    0.038983    0.011688
   10.370726    0.048967    0.972210    0.009157   -1.002419    0.032699    0.011629
   10.376690    0.042987    0.972386    0.009226   -1.002716    0.026412    0.011570
   10.382655    0.037006    0.972525    0.009295   -1.002975    0.020122    0.011510
   10.388619    0.031023    0.972626    0.009364   -1.003195    0.013829    0.011450
   10.394583    0.025039    0.972690    0.009432   -1.003377    0.007533    0.011389
   10.400548    0.019054    0.972716    0.009500   -1.003519    0.001235    0.011327
   10.406512    0.013068    0.972704    0.009567   -1.003623   -0.005065    0.011266
   10.412477    0.007082    0.972655    0.009634   -1.003689   -0.011367    0.011204
   10.418441    0.001096    0.972569    0.009701   -1.003715   -0.017671    0.011141
   10.424405   -0.004891    0.972445    0.009767   -1.003703   -0.023976    0.011078
   10.430370   -0.010877    0.972283    0.009833   -1.003652   -0.030283    0.011014
   10.436334   -0.016863    0.972083    0.009898   -1.003562   -0.036591    0.010950
   10.442298   -0.022848    0.971846    0.009963   -1.003433   -0.042899    0.010886
   10.448263   -0.028833    0.971572    0.010028   -1.003265   -0.049208    0.010821
   10.454227   -0.034816    0.971259    0.010092   -1.003058   -0.055517    0.010756
   10.460192   -0.040798    0.970909    0.010156   -1.002813   -0.061827    0.010690
   10.466156   -0.046778    0.970522    0.010220   -1.002528   -0.068136    0.010624
   10.472120   -0.052756    0.970097    0.010283   -1.002205   -0.074445    0.010557
   10.478085   -0.058733    0.969634    0.010346   -1.001842   -0.080753    0.010490
   10.484049   -0.064707    0.969133    0.010408   -1.001440   -0.087061    0.010422
   10.490013   -0.070679    0.968595    0.010470   -1.001000   -0.093367    0.010354
   10.495978   -0.076648    0.968019    0.010532   -1.000520   -0.099672    0.010286
   10.501942   -0.082614    0.967406    0.010593   -1.000001   -0.105976    0.010217
   10.507906   -0.088576    0.966755    0.010654   -0.999444   -0.112278    0.010148
   10.513871   -0.094536    0.966067    0.010714   -0.998847   -0.118578    0.010078
   10.519835   -0.100491    0.965341    0.010774   -0.998211   -0.124876    0.010008
   10.525800   -0.106443    0.964577    0.010833   -0.997536   -0.131171    0.009938
   10.531764   -0.112391    0.963776    0.010892   -0.996822   -0.137463    0.009867
   10.537728   -0.118334    0.962937    0.010951   -0.996068   -0.143753    0.009795
   10.543693   -0.124272    0.962061    0.011009   -0.995276   -0.150040    0.009724
   10.549657   -0.130206    0.961148    0.011067   -0.994445   -0.156323    0.009652
   10.555621   -0.136135    0.960197    0.011124   -0.993574   -0.162602    0.009579
   10.561586   -0.142058    0.959208    0.011181   -0.992665   -0.168878    0.009506
   10.567550   -0.147976    0.958182    0.011238   -0.991716   -0.175149    0.009433
   10.573515   -0.153888    0.957119    0.011294   -0.990728   -0.181417    0.009359
   10.579479   -0.159794    0.956018    0.011349   -0.989702   -0.187679    0.009285
   10.585443   -0.165694    0.954880    0.011405   -0.988636   -0.193937    0.009211
   10.591408   -0.171587    0.953705    0.011459   -0.987531   -0.200190    0.009136
   10.597372   -0.177474    0.952492    0.011514   -0.986387   -0.206437    0.009060
   10.603336   -0.183353    0.951242    0.011567   -0.985204   -0.212679    0.008985
   10.609301   -0.189226    0.949955    0.011621   -0.983981   -0.218916    0.008909
   10.615265   -0.195091    0.948631    0.011674   -0.982720   -0.225146    0.008832
   10.621230   -0.200948    0.947269    0.011726   -0.981420   -0.231370    0.008755
   10.627194   -0.206798    0.945871    0.011778   -0.980081   -0.237587    0.008678
   10.633158   -0.212639    0.944435    0.011830   -0.978703   -0.243798    0.008601
   10.639123   -0.218473    0.942963    0.011881   -0.977286   -0.250002    0.008523
   10.645087   -0.224297    0.941453    0.011931   -0.975830   -0.256199    0.008444
   10.651051   -0.230113    0.939907    0.011981   -0.974335   -0.262388    0.008366
   10.657016   -0.235920    0.938323    0.012031   -0.972801   -0.268570    0.008287
   10.662980   -0.241717    0.936703    0.012080   -0.971228   -0.274743    0.008207
   10.668944   -0.247505    0.935046    0.012129   -0.969617   -0.280909    0.008127
   10.674909   -0.253283    0.933352    0.012177   -0.967967   -0.287066    0.008047
   10.680873   -0.259052    0.931621    0.012225   -0.966277   -0.293215    0.007967
   10.686838   -0.264810    0.929854    0.012272   -0.964550   -0.299354    0.007886
   10.692802   -0.270557    0.928051    0.012319   -0.962783   -0.305485    0.007805
   10.698766   -0.276294    0.926210    0.012365   -0.960978   -0.311606    0.007724
   10.704731   -0.282021    0.924333    0.012411   -0.959134   -0.317718    0.007642
   10.710695   -0.287736    0.922420    0.012456   -0.957251   -0.323820    0.007560
   10.716659   -0.293439    0.920471    0.012501   -0.955330   -0.329912    0.007477
   10.722624   -0.299131    0.918485    0.012546   -0.953371   -0.335993    0.007394
   10.728588   -0.304812    0.916463    0.012589   -0.951372   -0.342064    0.007311
   10.734553   -0.310480    0.914405    0.012633   -0.949336   -0.348124    0.007228
   10.740517   -0.316136    0.912310    0.012676   -0.947261   -0.354174    0.007144
   10.746481   -0.321780    0.910180    0.012718   -0.945147   -0.360211    0.007060
   10.752446   -0.327410    0.908013    0.012760   -0.942996   -0.366238    0.006975
   10.758410   -0.333028    0.905811    0.012801   -0.940805   -0.372253    0.006890
   10.764374   -0.338633    0.903573    0.012842   -0.938577   -0.378255    0.006805
   10.770339   -0.344224    0.901299    0.012882   -0.936311   -0.384246    0.006720
   10.776303   -0.349802    0.898989    0.012922   -0.934006   -0.390224    0.006634
   10.782267   -0.355366    0.896644    0.012962   -0.931664   -0.396189    0.006548
   10.788232   -0.360915    0.894263    0.013000   -0.929283   -0.402141    0.006462
   10.794196   -0.366451    0.891847    0.013039   -0.926864   -0.408081    0.006375
   10.800161   -0.371972    0.889395    0.013076   -0.924408   -0.414006    0.006289
   10.806125   -0.377478    0.886908    0.013114   -0.921913   -0.419918    0.006201
   10.812089   -0.382969    0.884386    0.013150   -0.919381   -0.425817    0.006114
   10.818054   -0.388445    0.881829    0.013187   -0.916811   -0.431701    0.006026
   10.824018   -0.393905    0.879237    0.013222   -0.914204   -0.437570    0.005938
   10.829982   -0.399350    0.876609    0.013257   -0.911558   -0.443425    0.005850
   10.835947   -0.404779    0.873947    0.013292   -0.908876   -0.449265    0.005761
   10.841911   -0.410192    0.871250    0.013326   -0.906156   -0.455090    0.005672
   10.847876   -0.415588    0.868519    0.013360   -0.903398   -0.460900    0.005583
   10.853840   -0.420968    0.865752    0.013393   -0.900603   -0.466694    0.005494
   10.859804   -0.426331    0.862952    0.013425   -0.897771   -0.472472    0.005404
   10.865769   -0.431677    0.860116    0.013457   -0.894902   -0.478235    0.005314
   10.871733   -0.437006    0.857247    0.013489   -0.891995   -0.483980    0.005224
   10.877697   -0.442317    0.854343    0.013520   -0.889052   -0.489710    0.005134
   10.883662   -0.447611    0.851405    0.013550   -0.886072   -0.495422    0.005043
   10.889626   -0.452887    0.848433    0.013580   -0.883054   -0.501118    0.004952
   10.895590   -0.458145    0.845428    0.013609   -0.880000   -0.506796    0.004861
   10.901555   -0.463384    0.842388    0.013638   -0.876910   -0.512457    0.004770
   10.907519   -0.468605    0.839315    0.013666   -0.873782   -0.518100    0.004678
   10.913484   -0.473807    0.836208    0.013694   -0.870618   -0.523725    0.004586
   10.919448   -0.478990    0.833067    0.013721   -0.867418   -0.529332    0.004494
   10.925412   -0.484154    0.829894    0.013747   -0.864181   -0.534920    0.004402
   10.931377   -0.489299    0.826686    0.013773   -0.860909   -0.540490    0.004309
   10.931377   -0.489299    0.826686    0.013773   -0.860909   -0.540490    0.004309
