 0  0.00000e+00 0.00000e+00 0.00000e+00 0.00000e+00 0.00000e+00 0.00000e+00
 0  0.00000e+00 0.00000e+00 0.00000e+00 0.00000e+00 0.00000e+00 0.00000e+00

 1  0.00000e+00 0.00000e+00 0.00000e+00 0.00000e+00 1.23260e-32 4.81482e-35
 1  0.00000e+00 0.00000e+00 0.00000e+00 5.21767e-61 1.23260e-32 4.81482e-35

 2  0.00000e+00 1.23260e-32 1.20371e-35 4.93038e-32 0.00000e+00 0.00000e+00
 2  0.00000e+00 1.23260e-32 1.20371e-35 4.93038e-32 0.00000e+00 0.00000e+00

  0.00000e+00 1.23380e-32 0.00000e+00
  4.93038e-32 0.00000e+00 0.00000e+00

 0      0.0694374528	      0.0000000000	      0.0694374528	
 1      0.0465216413	      0.0000000000	      0.0465216413	
 2      0.0000000000	      0.0000000000	      0.0000000000	

F_Leg = 0.1159590941
DV_Leg = 3.4383002986 (km/s)
ToF_Leg (actual) = 3.9568650747
ToF_Leg (design) = 3.9568650752
