 0  0.00000e+00 1.23260e-32 1.20371e-35 4.93038e-32 0.00000e+00 0.00000e+00
 0  0.00000e+00 1.23260e-32 1.20371e-35 4.93038e-32 0.00000e+00 0.00000e+00

 1  1.23260e-32 1.23260e-32 3.00927e-36 3.08149e-33 1.23260e-32 0.00000e+00
 1  1.23260e-32 1.23260e-32 3.00927e-36 3.16374e-33 1.23100e-32 3.28239e-34

 2  2.05433e-32 3.08149e-32 4.79132e-35 1.23260e-32 3.08149e-32 3.17979e-34
 2  2.05433e-32 3.08149e-32 4.79132e-35 1.23260e-32 3.08149e-32 3.17979e-34

  2.05622e-32 2.34663e-37 3.08436e-32
  4.04667e-32 2.86728e-33 1.24869e-34

 0      0.0000000000	      0.0000000000	      0.0000000000	
 1      0.0560073365	      0.0000000000	      0.0560073365	
 2      0.0000000000	      0.0000000000	      0.0000000000	

F_Leg = 0.0560073365
DV_Leg = 1.6606721815 (km/s)
ToF_Leg (actual) = 2.2507311328
ToF_Leg (design) = 2.2507311325
