 0  1.76761e-32 7.05681e-32 1.24387e-33 4.11051e-31 4.17269e-31 2.85637e-31
 0  1.76761e-32 7.05681e-32 1.24387e-33 4.11051e-31 4.17269e-31 2.85637e-31

 1  2.72920e-28 7.37503e-30 2.54964e-31 1.12824e-29 2.22072e-28 8.37328e-32
 1  2.72920e-28 7.37503e-30 2.54964e-31 7.09631e-28 1.52016e-26 1.22065e-31

 2  9.62389e-28 6.28759e-27 5.78433e-31 1.25275e-27 2.93294e-26 8.98388e-31
 2  9.62389e-28 6.28759e-27 5.78433e-31 1.25275e-27 2.93294e-26 8.98388e-31

  7.13779e-27 1.12775e-28 3.00519e-34
  3.04965e-26 8.64734e-29 1.77829e-34

 0      0.0061543733	      0.0000000000	      0.0061543733	
 1      0.0507347832	      0.0000000000	      0.0507347832	
 2      0.0000000000	      0.0000000000	      0.0000000000	

F_Leg = 0.0568891565
DV_Leg = 1.6868190052 (km/s)
ToF_Leg (actual) = 4.7237805054
ToF_Leg (design) = 4.7237805054
