    0.292664	    0.956215	0.000000e+00	3.162278e-03	
    0.292664	    0.956215	9.771975e-04	3.007505e-03	
    0.292664	    0.956215	1.858740e-03	2.558336e-03	
    0.292664	    0.956215	2.558336e-03	1.858740e-03	
    0.292664	    0.956215	3.007505e-03	9.771975e-04	
    0.292664	    0.956215	3.162278e-03	1.936337e-19	
    0.292664	    0.956215	3.007505e-03	-9.771975e-04	
    0.292664	    0.956215	2.558336e-03	-1.858740e-03	
    0.292664	    0.956215	1.858740e-03	-2.558336e-03	
    0.292664	    0.956215	9.771975e-04	-3.007505e-03	
    0.292664	    0.956215	3.872673e-19	-3.162278e-03	
    0.292664	    0.956215	-9.771975e-04	-3.007505e-03	
    0.292664	    0.956215	-1.858740e-03	-2.558336e-03	
    0.292664	    0.956215	-2.558336e-03	-1.858740e-03	
    0.292664	    0.956215	-3.007505e-03	-9.771975e-04	
    0.292664	    0.956215	-3.162278e-03	-5.809010e-19	
    0.292664	    0.956215	-3.007505e-03	9.771975e-04	
    0.292664	    0.956215	-2.558336e-03	1.858740e-03	
    0.292664	    0.956215	-1.858740e-03	2.558336e-03	
    0.292664	    0.956215	-9.771975e-04	3.007505e-03	
    0.292664	    0.956215	-7.745346e-19	3.162278e-03	


    0.292664	    0.956215	0.000000e+00	3.162278e-03	
    0.292664	    0.956215	9.771975e-04	3.007505e-03	
    0.292664	    0.956215	1.858740e-03	2.558336e-03	
    0.292664	    0.956215	2.558336e-03	1.858740e-03	
    0.292664	    0.956215	3.007505e-03	9.771975e-04	
    0.292664	    0.956215	3.162278e-03	1.936337e-19	
    0.292664	    0.956215	3.007505e-03	-9.771975e-04	
    0.292664	    0.956215	2.558336e-03	-1.858740e-03	
    0.292664	    0.956215	1.858740e-03	-2.558336e-03	
    0.292664	    0.956215	9.771975e-04	-3.007505e-03	
    0.292664	    0.956215	3.872673e-19	-3.162278e-03	
    0.292664	    0.956215	-9.771975e-04	-3.007505e-03	
    0.292664	    0.956215	-1.858740e-03	-2.558336e-03	
    0.292664	    0.956215	-2.558336e-03	-1.858740e-03	
    0.292664	    0.956215	-3.007505e-03	-9.771975e-04	
    0.292664	    0.956215	-3.162278e-03	-5.809010e-19	
    0.292664	    0.956215	-3.007505e-03	9.771975e-04	
    0.292664	    0.956215	-2.558336e-03	1.858740e-03	
    0.292664	    0.956215	-1.858740e-03	2.558336e-03	
    0.292664	    0.956215	-9.771975e-04	3.007505e-03	
    0.292664	    0.956215	-7.745346e-19	3.162278e-03	


    0.040128	    0.988263	-7.069111e-04	-3.294060e-03	
    0.040128	    0.988263	-1.601530e-03	-2.933425e-03	
    0.040128	    0.988263	-2.339380e-03	-2.285647e-03	
    0.040128	    0.988263	-2.848235e-03	-1.414133e-03	
    0.040128	    0.988263	-3.078286e-03	-4.041941e-04	
    0.040128	    0.988263	-3.007012e-03	6.453101e-04	
    0.040128	    0.988263	-2.641390e-03	1.631647e-03	
    0.040128	    0.988263	-2.017212e-03	2.458267e-03	
    0.040128	    0.988263	-1.195574e-03	3.044254e-03	
    0.040128	    0.988263	-2.569053e-04	3.332249e-03	
    0.040128	    0.988263	7.069111e-04	3.294060e-03	
    0.040128	    0.988263	1.601530e-03	2.933425e-03	
    0.040128	    0.988263	2.339380e-03	2.285647e-03	
    0.040128	    0.988263	2.848235e-03	1.414133e-03	
    0.040128	    0.988263	3.078286e-03	4.041941e-04	
    0.040128	    0.988263	3.007012e-03	-6.453101e-04	
    0.040128	    0.988263	2.641390e-03	-1.631647e-03	
    0.040128	    0.988263	2.017212e-03	-2.458267e-03	
    0.040128	    0.988263	1.195574e-03	-3.044254e-03	
    0.040128	    0.988263	2.569053e-04	-3.332249e-03	
    0.040128	    0.988263	-7.069111e-04	-3.294060e-03	


    0.040128	    0.988263	-7.069111e-04	-3.294060e-03	
    0.040128	    0.988263	-1.601530e-03	-2.933425e-03	
    0.040128	    0.988263	-2.339380e-03	-2.285647e-03	
    0.040128	    0.988263	-2.848235e-03	-1.414133e-03	
    0.040128	    0.988263	-3.078286e-03	-4.041941e-04	
    0.040128	    0.988263	-3.007012e-03	6.453101e-04	
    0.040128	    0.988263	-2.641390e-03	1.631647e-03	
    0.040128	    0.988263	-2.017212e-03	2.458267e-03	
    0.040128	    0.988263	-1.195574e-03	3.044254e-03	
    0.040128	    0.988263	-2.569053e-04	3.332249e-03	
    0.040128	    0.988263	7.069111e-04	3.294060e-03	
    0.040128	    0.988263	1.601530e-03	2.933425e-03	
    0.040128	    0.988263	2.339380e-03	2.285647e-03	
    0.040128	    0.988263	2.848235e-03	1.414133e-03	
    0.040128	    0.988263	3.078286e-03	4.041941e-04	
    0.040128	    0.988263	3.007012e-03	-6.453101e-04	
    0.040128	    0.988263	2.641390e-03	-1.631647e-03	
    0.040128	    0.988263	2.017212e-03	-2.458267e-03	
    0.040128	    0.988263	1.195574e-03	-3.044254e-03	
    0.040128	    0.988263	2.569053e-04	-3.332249e-03	
    0.040128	    0.988263	-7.069111e-04	-3.294060e-03	


   -0.214860	    0.958031	-4.898243e-04	-3.975764e-03	
   -0.214860	    0.958031	-1.333906e-03	-3.674230e-03	
   -0.214860	    0.958031	-2.047416e-03	-3.013036e-03	
   -0.214860	    0.958031	-2.560511e-03	-2.056905e-03	
   -0.214860	    0.958031	-2.822964e-03	-8.994306e-04	
   -0.214860	    0.958031	-2.809087e-03	3.460867e-04	
   -0.214860	    0.958031	-2.520236e-03	1.557727e-03	
   -0.214860	    0.958031	-1.984687e-03	2.616885e-03	
   -0.214860	    0.958031	-1.254864e-03	3.419885e-03	
   -0.214860	    0.958031	-4.022049e-04	3.888123e-03	
   -0.214860	    0.958031	4.898243e-04	3.975764e-03	
   -0.214860	    0.958031	1.333906e-03	3.674230e-03	
   -0.214860	    0.958031	2.047416e-03	3.013036e-03	
   -0.214860	    0.958031	2.560511e-03	2.056905e-03	
   -0.214860	    0.958031	2.822964e-03	8.994306e-04	
   -0.214860	    0.958031	2.809087e-03	-3.460867e-04	
   -0.214860	    0.958031	2.520236e-03	-1.557727e-03	
   -0.214860	    0.958031	1.984687e-03	-2.616885e-03	
   -0.214860	    0.958031	1.254864e-03	-3.419885e-03	
   -0.214860	    0.958031	4.022049e-04	-3.888123e-03	
   -0.214860	    0.958031	-4.898243e-04	-3.975764e-03	


   -0.214860	    0.958031	-4.898243e-04	-3.975764e-03	
   -0.214860	    0.958031	-1.333906e-03	-3.674230e-03	
   -0.214860	    0.958031	-2.047416e-03	-3.013036e-03	
   -0.214860	    0.958031	-2.560511e-03	-2.056905e-03	
   -0.214860	    0.958031	-2.822964e-03	-8.994306e-04	
   -0.214860	    0.958031	-2.809087e-03	3.460867e-04	
   -0.214860	    0.958031	-2.520236e-03	1.557727e-03	
   -0.214860	    0.958031	-1.984687e-03	2.616885e-03	
   -0.214860	    0.958031	-1.254864e-03	3.419885e-03	
   -0.214860	    0.958031	-4.022049e-04	3.888123e-03	
   -0.214860	    0.958031	4.898243e-04	3.975764e-03	
   -0.214860	    0.958031	1.333906e-03	3.674230e-03	
   -0.214860	    0.958031	2.047416e-03	3.013036e-03	
   -0.214860	    0.958031	2.560511e-03	2.056905e-03	
   -0.214860	    0.958031	2.822964e-03	8.994306e-04	
   -0.214860	    0.958031	2.809087e-03	-3.460867e-04	
   -0.214860	    0.958031	2.520236e-03	-1.557727e-03	
   -0.214860	    0.958031	1.984687e-03	-2.616885e-03	
   -0.214860	    0.958031	1.254864e-03	-3.419885e-03	
   -0.214860	    0.958031	4.022049e-04	-3.888123e-03	
   -0.214860	    0.958031	-4.898243e-04	-3.975764e-03	


   -0.455969	    0.866116	-1.357031e-04	-5.099063e-03	
   -0.455969	    0.866116	-8.933259e-04	-4.829157e-03	
   -0.455969	    0.866116	-1.563504e-03	-4.086540e-03	
   -0.455969	    0.866116	-2.080635e-03	-2.943904e-03	
   -0.455969	    0.866116	-2.394099e-03	-1.513098e-03	
   -0.455969	    0.866116	-2.473212e-03	6.582043e-05	
   -0.455969	    0.866116	-2.310230e-03	1.638296e-03	
   -0.455969	    0.866116	-1.921106e-03	3.050404e-03	
   -0.455969	    0.866116	-1.343932e-03	4.163917e-03	
   -0.455969	    0.866116	-6.352033e-04	4.869837e-03	
   -0.455969	    0.866116	1.357031e-04	5.099063e-03	
   -0.455969	    0.866116	8.933259e-04	4.829157e-03	
   -0.455969	    0.866116	1.563504e-03	4.086540e-03	
   -0.455969	    0.866116	2.080635e-03	2.943904e-03	
   -0.455969	    0.866116	2.394099e-03	1.513098e-03	
   -0.455969	    0.866116	2.473212e-03	-6.582043e-05	
   -0.455969	    0.866116	2.310230e-03	-1.638296e-03	
   -0.455969	    0.866116	1.921106e-03	-3.050404e-03	
   -0.455969	    0.866116	1.343932e-03	-4.163917e-03	
   -0.455969	    0.866116	6.352033e-04	-4.869837e-03	
   -0.455969	    0.866116	-1.357031e-04	-5.099063e-03	


   -0.455969	    0.866116	-1.357031e-04	-5.099063e-03	
   -0.455969	    0.866116	-8.933259e-04	-4.829157e-03	
   -0.455969	    0.866116	-1.563504e-03	-4.086540e-03	
   -0.455969	    0.866116	-2.080635e-03	-2.943904e-03	
   -0.455969	    0.866116	-2.394099e-03	-1.513098e-03	
   -0.455969	    0.866116	-2.473212e-03	6.582043e-05	
   -0.455969	    0.866116	-2.310230e-03	1.638296e-03	
   -0.455969	    0.866116	-1.921106e-03	3.050404e-03	
   -0.455969	    0.866116	-1.343932e-03	4.163917e-03	
   -0.455969	    0.866116	-6.352033e-04	4.869837e-03	
   -0.455969	    0.866116	1.357031e-04	5.099063e-03	
   -0.455969	    0.866116	8.933259e-04	4.829157e-03	
   -0.455969	    0.866116	1.563504e-03	4.086540e-03	
   -0.455969	    0.866116	2.080635e-03	2.943904e-03	
   -0.455969	    0.866116	2.394099e-03	1.513098e-03	
   -0.455969	    0.866116	2.473212e-03	-6.582043e-05	
   -0.455969	    0.866116	2.310230e-03	-1.638296e-03	
   -0.455969	    0.866116	1.921106e-03	-3.050404e-03	
   -0.455969	    0.866116	1.343932e-03	-4.163917e-03	
   -0.455969	    0.866116	6.352033e-04	-4.869837e-03	
   -0.455969	    0.866116	-1.357031e-04	-5.099063e-03	


   -0.667445	    0.717928	5.514221e-04	-6.647568e-03	
   -0.667445	    0.717928	-1.134695e-04	-6.375127e-03	
   -0.667445	    0.717928	-7.672539e-04	-5.478645e-03	
   -0.667445	    0.717928	-1.345934e-03	-4.045875e-03	
   -0.667445	    0.717928	-1.792865e-03	-2.217066e-03	
   -0.667445	    0.717928	-2.064298e-03	-1.712354e-04	
   -0.667445	    0.717928	-2.133663e-03	1.891357e-03	
   -0.667445	    0.717928	-1.994170e-03	3.768810e-03	
   -0.667445	    0.717928	-1.659474e-03	5.277346e-03	
   -0.667445	    0.717928	-1.162337e-03	6.269298e-03	
   -0.667445	    0.717928	-5.514221e-04	6.647568e-03	
   -0.667445	    0.717928	1.134695e-04	6.375127e-03	
   -0.667445	    0.717928	7.672539e-04	5.478645e-03	
   -0.667445	    0.717928	1.345934e-03	4.045875e-03	
   -0.667445	    0.717928	1.792865e-03	2.217066e-03	
   -0.667445	    0.717928	2.064298e-03	1.712354e-04	
   -0.667445	    0.717928	2.133663e-03	-1.891357e-03	
   -0.667445	    0.717928	1.994170e-03	-3.768810e-03	
   -0.667445	    0.717928	1.659474e-03	-5.277346e-03	
   -0.667445	    0.717928	1.162337e-03	-6.269298e-03	
   -0.667445	    0.717928	5.514221e-04	-6.647568e-03	


   -0.667445	    0.717928	5.514221e-04	-6.647568e-03	
   -0.667445	    0.717928	-1.134695e-04	-6.375127e-03	
   -0.667445	    0.717928	-7.672539e-04	-5.478645e-03	
   -0.667445	    0.717928	-1.345934e-03	-4.045875e-03	
   -0.667445	    0.717928	-1.792865e-03	-2.217066e-03	
   -0.667445	    0.717928	-2.064298e-03	-1.712354e-04	
   -0.667445	    0.717928	-2.133663e-03	1.891357e-03	
   -0.667445	    0.717928	-1.994170e-03	3.768810e-03	
   -0.667445	    0.717928	-1.659474e-03	5.277346e-03	
   -0.667445	    0.717928	-1.162337e-03	6.269298e-03	
   -0.667445	    0.717928	-5.514221e-04	6.647568e-03	
   -0.667445	    0.717928	1.134695e-04	6.375127e-03	
   -0.667445	    0.717928	7.672539e-04	5.478645e-03	
   -0.667445	    0.717928	1.345934e-03	4.045875e-03	
   -0.667445	    0.717928	1.792865e-03	2.217066e-03	
   -0.667445	    0.717928	2.064298e-03	1.712354e-04	
   -0.667445	    0.717928	2.133663e-03	-1.891357e-03	
   -0.667445	    0.717928	1.994170e-03	-3.768810e-03	
   -0.667445	    0.717928	1.659474e-03	-5.277346e-03	
   -0.667445	    0.717928	1.162337e-03	-6.269298e-03	
   -0.667445	    0.717928	5.514221e-04	-6.647568e-03	


   -0.835774	    0.523284	1.813672e-03	-8.508468e-03	
   -0.835774	    0.523284	1.213755e-03	-8.200991e-03	
   -0.835774	    0.523284	4.950283e-04	-7.090743e-03	
   -0.835774	    0.523284	-2.721556e-04	-5.286405e-03	
   -0.835774	    0.523284	-1.012699e-03	-2.964596e-03	
   -0.835774	    0.523284	-1.654113e-03	-3.525920e-04	
   -0.835774	    0.523284	-2.133610e-03	2.293926e-03	
   -0.835774	    0.523284	-2.404255e-03	4.715899e-03	
   -0.835774	    0.523284	-2.439554e-03	6.676247e-03	
   -0.835774	    0.523284	-2.236053e-03	7.983077e-03	
   -0.835774	    0.523284	-1.813672e-03	8.508468e-03	
   -0.835774	    0.523284	-1.213755e-03	8.200991e-03	
   -0.835774	    0.523284	-4.950283e-04	7.090743e-03	
   -0.835774	    0.523284	2.721556e-04	5.286405e-03	
   -0.835774	    0.523284	1.012699e-03	2.964596e-03	
   -0.835774	    0.523284	1.654113e-03	3.525920e-04	
   -0.835774	    0.523284	2.133610e-03	-2.293926e-03	
   -0.835774	    0.523284	2.404255e-03	-4.715899e-03	
   -0.835774	    0.523284	2.439554e-03	-6.676247e-03	
   -0.835774	    0.523284	2.236053e-03	-7.983077e-03	
   -0.835774	    0.523284	1.813672e-03	-8.508468e-03	


   -0.835774	    0.523284	1.813672e-03	-8.508468e-03	
   -0.835774	    0.523284	1.213755e-03	-8.200991e-03	
   -0.835774	    0.523284	4.950283e-04	-7.090743e-03	
   -0.835774	    0.523284	-2.721556e-04	-5.286405e-03	
   -0.835774	    0.523284	-1.012699e-03	-2.964596e-03	
   -0.835774	    0.523284	-1.654113e-03	-3.525920e-04	
   -0.835774	    0.523284	-2.133610e-03	2.293926e-03	
   -0.835774	    0.523284	-2.404255e-03	4.715899e-03	
   -0.835774	    0.523284	-2.439554e-03	6.676247e-03	
   -0.835774	    0.523284	-2.236053e-03	7.983077e-03	
   -0.835774	    0.523284	-1.813672e-03	8.508468e-03	
   -0.835774	    0.523284	-1.213755e-03	8.200991e-03	
   -0.835774	    0.523284	-4.950283e-04	7.090743e-03	
   -0.835774	    0.523284	2.721556e-04	5.286405e-03	
   -0.835774	    0.523284	1.012699e-03	2.964596e-03	
   -0.835774	    0.523284	1.654113e-03	3.525920e-04	
   -0.835774	    0.523284	2.133610e-03	-2.293926e-03	
   -0.835774	    0.523284	2.404255e-03	-4.715899e-03	
   -0.835774	    0.523284	2.439554e-03	-6.676247e-03	
   -0.835774	    0.523284	2.236053e-03	-7.983077e-03	
   -0.835774	    0.523284	1.813672e-03	-8.508468e-03	


   -0.951025	    0.295331	3.876307e-03	-1.044461e-02	
   -0.951025	    0.295331	3.276950e-03	-1.008544e-02	
   -0.951025	    0.295331	2.356823e-03	-8.739040e-03	
   -0.951025	    0.295331	1.205993e-03	-6.537202e-03	
   -0.951025	    0.295331	-6.288831e-05	-3.695457e-03	
   -0.951025	    0.295331	-1.325613e-03	-4.919749e-04	
   -0.951025	    0.295331	-2.458578e-03	2.759665e-03	
   -0.951025	    0.295331	-3.350880e-03	5.741170e-03	
   -0.951025	    0.295331	-3.915174e-03	8.160689e-03	
   -0.951025	    0.295331	-4.096224e-03	9.781383e-03	
   -0.951025	    0.295331	-3.876307e-03	1.044461e-02	
   -0.951025	    0.295331	-3.276950e-03	1.008544e-02	
   -0.951025	    0.295331	-2.356823e-03	8.739040e-03	
   -0.951025	    0.295331	-1.205993e-03	6.537202e-03	
   -0.951025	    0.295331	6.288831e-05	3.695457e-03	
   -0.951025	    0.295331	1.325613e-03	4.919749e-04	
   -0.951025	    0.295331	2.458578e-03	-2.759665e-03	
   -0.951025	    0.295331	3.350880e-03	-5.741170e-03	
   -0.951025	    0.295331	3.915174e-03	-8.160689e-03	
   -0.951025	    0.295331	4.096224e-03	-9.781383e-03	
   -0.951025	    0.295331	3.876307e-03	-1.044461e-02	


   -0.951025	    0.295331	3.876307e-03	-1.044461e-02	
   -0.951025	    0.295331	3.276950e-03	-1.008544e-02	
   -0.951025	    0.295331	2.356823e-03	-8.739040e-03	
   -0.951025	    0.295331	1.205993e-03	-6.537202e-03	
   -0.951025	    0.295331	-6.288831e-05	-3.695457e-03	
   -0.951025	    0.295331	-1.325613e-03	-4.919749e-04	
   -0.951025	    0.295331	-2.458578e-03	2.759665e-03	
   -0.951025	    0.295331	-3.350880e-03	5.741170e-03	
   -0.951025	    0.295331	-3.915174e-03	8.160689e-03	
   -0.951025	    0.295331	-4.096224e-03	9.781383e-03	
   -0.951025	    0.295331	-3.876307e-03	1.044461e-02	
   -0.951025	    0.295331	-3.276950e-03	1.008544e-02	
   -0.951025	    0.295331	-2.356823e-03	8.739040e-03	
   -0.951025	    0.295331	-1.205993e-03	6.537202e-03	
   -0.951025	    0.295331	6.288831e-05	3.695457e-03	
   -0.951025	    0.295331	1.325613e-03	4.919749e-04	
   -0.951025	    0.295331	2.458578e-03	-2.759665e-03	
   -0.951025	    0.295331	3.350880e-03	-5.741170e-03	
   -0.951025	    0.295331	3.915174e-03	-8.160689e-03	
   -0.951025	    0.295331	4.096224e-03	-9.781383e-03	
   -0.951025	    0.295331	3.876307e-03	-1.044461e-02	


   -1.007604	    0.049067	6.867151e-03	-1.211372e-02	
   -1.007604	    0.049067	6.173049e-03	-1.172378e-02	
   -1.007604	    0.049067	4.874686e-03	-1.018624e-02	
   -1.007604	    0.049067	3.099154e-03	-7.651590e-03	
   -1.007604	    0.049067	1.020256e-03	-4.367952e-03	
   -1.007604	    0.049067	-1.158512e-03	-6.567491e-04	
   -1.007604	    0.049067	-3.223877e-03	3.118741e-03	
   -1.007604	    0.049067	-4.973666e-03	6.588948e-03	
   -1.007604	    0.049067	-6.236598e-03	9.414182e-03	
   -1.007604	    0.049067	-6.889049e-03	1.131789e-02	
   -1.007604	    0.049067	-6.867151e-03	1.211372e-02	
   -1.007604	    0.049067	-6.173049e-03	1.172378e-02	
   -1.007604	    0.049067	-4.874686e-03	1.018624e-02	
   -1.007604	    0.049067	-3.099154e-03	7.651590e-03	
   -1.007604	    0.049067	-1.020256e-03	4.367952e-03	
   -1.007604	    0.049067	1.158512e-03	6.567491e-04	
   -1.007604	    0.049067	3.223877e-03	-3.118741e-03	
   -1.007604	    0.049067	4.973666e-03	-6.588948e-03	
   -1.007604	    0.049067	6.236598e-03	-9.414182e-03	
   -1.007604	    0.049067	6.889049e-03	-1.131789e-02	
   -1.007604	    0.049067	6.867151e-03	-1.211372e-02	


   -1.007604	    0.049067	6.867151e-03	-1.211372e-02	
   -1.007604	    0.049067	6.173049e-03	-1.172378e-02	
   -1.007604	    0.049067	4.874686e-03	-1.018624e-02	
   -1.007604	    0.049067	3.099154e-03	-7.651590e-03	
   -1.007604	    0.049067	1.020256e-03	-4.367952e-03	
   -1.007604	    0.049067	-1.158512e-03	-6.567491e-04	
   -1.007604	    0.049067	-3.223877e-03	3.118741e-03	
   -1.007604	    0.049067	-4.973666e-03	6.588948e-03	
   -1.007604	    0.049067	-6.236598e-03	9.414182e-03	
   -1.007604	    0.049067	-6.889049e-03	1.131789e-02	
   -1.007604	    0.049067	-6.867151e-03	1.211372e-02	
   -1.007604	    0.049067	-6.173049e-03	1.172378e-02	
   -1.007604	    0.049067	-4.874686e-03	1.018624e-02	
   -1.007604	    0.049067	-3.099154e-03	7.651590e-03	
   -1.007604	    0.049067	-1.020256e-03	4.367952e-03	
   -1.007604	    0.049067	1.158512e-03	6.567491e-04	
   -1.007604	    0.049067	3.223877e-03	-3.118741e-03	
   -1.007604	    0.049067	4.973666e-03	-6.588948e-03	
   -1.007604	    0.049067	6.236598e-03	-9.414182e-03	
   -1.007604	    0.049067	6.889049e-03	-1.131789e-02	
   -1.007604	    0.049067	6.867151e-03	-1.211372e-02	


   -1.004338	   -0.200210	1.076405e-02	-1.312722e-02	
   -1.004338	   -0.200210	9.883112e-03	-1.277509e-02	
   -1.004338	   -0.200210	8.034746e-03	-1.117244e-02	
   -1.004338	   -0.200210	5.399883e-03	-8.476163e-03	
   -1.004338	   -0.200210	2.236441e-03	-4.950175e-03	
   -1.004338	   -0.200210	-1.145919e-03	-9.396298e-04	
   -1.004338	   -0.200210	-4.416108e-03	3.162893e-03	
   -1.004338	   -0.200210	-7.254018e-03	6.955810e-03	
   -1.004338	   -0.200210	-9.381854e-03	1.006784e-02	
   -1.004338	   -0.200210	-1.059133e-02	1.219437e-02	
   -1.004338	   -0.200210	-1.076405e-02	1.312722e-02	
   -1.004338	   -0.200210	-9.883112e-03	1.277509e-02	
   -1.004338	   -0.200210	-8.034746e-03	1.117244e-02	
   -1.004338	   -0.200210	-5.399883e-03	8.476163e-03	
   -1.004338	   -0.200210	-2.236441e-03	4.950175e-03	
   -1.004338	   -0.200210	1.145919e-03	9.396298e-04	
   -1.004338	   -0.200210	4.416108e-03	-3.162893e-03	
   -1.004338	   -0.200210	7.254018e-03	-6.955810e-03	
   -1.004338	   -0.200210	9.381854e-03	-1.006784e-02	
   -1.004338	   -0.200210	1.059133e-02	-1.219437e-02	
   -1.004338	   -0.200210	1.076405e-02	-1.312722e-02	


   -1.004338	   -0.200210	1.076405e-02	-1.312722e-02	
   -1.004338	   -0.200210	9.883112e-03	-1.277509e-02	
   -1.004338	   -0.200210	8.034746e-03	-1.117244e-02	
   -1.004338	   -0.200210	5.399883e-03	-8.476163e-03	
   -1.004338	   -0.200210	2.236441e-03	-4.950175e-03	
   -1.004338	   -0.200210	-1.145919e-03	-9.396298e-04	
   -1.004338	   -0.200210	-4.416108e-03	3.162893e-03	
   -1.004338	   -0.200210	-7.254018e-03	6.955810e-03	
   -1.004338	   -0.200210	-9.381854e-03	1.006784e-02	
   -1.004338	   -0.200210	-1.059133e-02	1.219437e-02	
   -1.004338	   -0.200210	-1.076405e-02	1.312722e-02	
   -1.004338	   -0.200210	-9.883112e-03	1.277509e-02	
   -1.004338	   -0.200210	-8.034746e-03	1.117244e-02	
   -1.004338	   -0.200210	-5.399883e-03	8.476163e-03	
   -1.004338	   -0.200210	-2.236441e-03	4.950175e-03	
   -1.004338	   -0.200210	1.145919e-03	9.396298e-04	
   -1.004338	   -0.200210	4.416108e-03	-3.162893e-03	
   -1.004338	   -0.200210	7.254018e-03	-6.955810e-03	
   -1.004338	   -0.200210	9.381854e-03	-1.006784e-02	
   -1.004338	   -0.200210	1.059133e-02	-1.219437e-02	
   -1.004338	   -0.200210	1.076405e-02	-1.312722e-02	


   -0.943998	   -0.438197	1.168144e-03	1.369968e-03	
   -0.943998	   -0.438197	5.866060e-03	-2.751651e-03	
   -0.943998	   -0.438197	9.989766e-03	-6.603919e-03	
   -0.943998	   -0.438197	1.313560e-02	-9.809750e-03	
   -0.943998	   -0.438197	1.499564e-02	-1.205533e-02	
   -0.943998	   -0.438197	1.538779e-02	-1.312086e-02	
   -0.943998	   -0.438197	1.427368e-02	-1.290202e-02	
   -0.943998	   -0.438197	1.176237e-02	-1.142024e-02	
   -0.943998	   -0.438197	8.099669e-03	-8.820574e-03	
   -0.943998	   -0.438197	3.644119e-03	-5.357485e-03	
   -0.943998	   -0.438197	-1.168144e-03	-1.369968e-03	
   -0.943998	   -0.438197	-5.866060e-03	2.751651e-03	
   -0.943998	   -0.438197	-9.989766e-03	6.603919e-03	
   -0.943998	   -0.438197	-1.313560e-02	9.809750e-03	
   -0.943998	   -0.438197	-1.499564e-02	1.205533e-02	
   -0.943998	   -0.438197	-1.538779e-02	1.312086e-02	
   -0.943998	   -0.438197	-1.427368e-02	1.290202e-02	
   -0.943998	   -0.438197	-1.176237e-02	1.142024e-02	
   -0.943998	   -0.438197	-8.099669e-03	8.820574e-03	
   -0.943998	   -0.438197	-3.644119e-03	5.357485e-03	
   -0.943998	   -0.438197	1.168144e-03	1.369968e-03	


   -0.943998	   -0.438197	1.168144e-03	1.369968e-03	
   -0.943998	   -0.438197	5.866060e-03	-2.751651e-03	
   -0.943998	   -0.438197	9.989766e-03	-6.603919e-03	
   -0.943998	   -0.438197	1.313560e-02	-9.809750e-03	
   -0.943998	   -0.438197	1.499564e-02	-1.205533e-02	
   -0.943998	   -0.438197	1.538779e-02	-1.312086e-02	
   -0.943998	   -0.438197	1.427368e-02	-1.290202e-02	
   -0.943998	   -0.438197	1.176237e-02	-1.142024e-02	
   -0.943998	   -0.438197	8.099669e-03	-8.820574e-03	
   -0.943998	   -0.438197	3.644119e-03	-5.357485e-03	
   -0.943998	   -0.438197	-1.168144e-03	-1.369968e-03	
   -0.943998	   -0.438197	-5.866060e-03	2.751651e-03	
   -0.943998	   -0.438197	-9.989766e-03	6.603919e-03	
   -0.943998	   -0.438197	-1.313560e-02	9.809750e-03	
   -0.943998	   -0.438197	-1.499564e-02	1.205533e-02	
   -0.943998	   -0.438197	-1.538779e-02	1.312086e-02	
   -0.943998	   -0.438197	-1.427368e-02	1.290202e-02	
   -0.943998	   -0.438197	-1.176237e-02	1.142024e-02	
   -0.943998	   -0.438197	-8.099669e-03	8.820574e-03	
   -0.943998	   -0.438197	-3.644119e-03	5.357485e-03	
   -0.943998	   -0.438197	1.168144e-03	1.369968e-03	


   -0.832499	   -0.652519	1.101672e-03	1.905418e-03	
   -0.832499	   -0.652519	7.361067e-03	-1.838064e-03	
   -0.832499	   -0.652519	1.289991e-02	-5.401623e-03	
   -0.832499	   -0.652519	1.717602e-02	-8.436434e-03	
   -0.832499	   -0.652519	1.977082e-02	-1.064543e-02	
   -0.832499	   -0.652519	2.043031e-02	-1.181237e-02	
   -0.832499	   -0.652519	1.908995e-02	-1.182304e-02	
   -0.832499	   -0.652519	1.588092e-02	-1.067639e-02	
   -0.832499	   -0.652519	1.111737e-02	-8.484655e-03	
   -0.832499	   -0.652519	5.265562e-03	-5.462385e-03	
   -0.832499	   -0.652519	-1.101672e-03	-1.905418e-03	
   -0.832499	   -0.652519	-7.361067e-03	1.838064e-03	
   -0.832499	   -0.652519	-1.289991e-02	5.401623e-03	
   -0.832499	   -0.652519	-1.717602e-02	8.436434e-03	
   -0.832499	   -0.652519	-1.977082e-02	1.064543e-02	
   -0.832499	   -0.652519	-2.043031e-02	1.181237e-02	
   -0.832499	   -0.652519	-1.908995e-02	1.182304e-02	
   -0.832499	   -0.652519	-1.588092e-02	1.067639e-02	
   -0.832499	   -0.652519	-1.111737e-02	8.484655e-03	
   -0.832499	   -0.652519	-5.265562e-03	5.462385e-03	
   -0.832499	   -0.652519	1.101672e-03	1.905418e-03	


   -0.832499	   -0.652519	1.101672e-03	1.905418e-03	
   -0.832499	   -0.652519	7.361067e-03	-1.838064e-03	
   -0.832499	   -0.652519	1.289991e-02	-5.401623e-03	
   -0.832499	   -0.652519	1.717602e-02	-8.436434e-03	
   -0.832499	   -0.652519	1.977082e-02	-1.064543e-02	
   -0.832499	   -0.652519	2.043031e-02	-1.181237e-02	
   -0.832499	   -0.652519	1.908995e-02	-1.182304e-02	
   -0.832499	   -0.652519	1.588092e-02	-1.067639e-02	
   -0.832499	   -0.652519	1.111737e-02	-8.484655e-03	
   -0.832499	   -0.652519	5.265562e-03	-5.462385e-03	
   -0.832499	   -0.652519	-1.101672e-03	-1.905418e-03	
   -0.832499	   -0.652519	-7.361067e-03	1.838064e-03	
   -0.832499	   -0.652519	-1.289991e-02	5.401623e-03	
   -0.832499	   -0.652519	-1.717602e-02	8.436434e-03	
   -0.832499	   -0.652519	-1.977082e-02	1.064543e-02	
   -0.832499	   -0.652519	-2.043031e-02	1.181237e-02	
   -0.832499	   -0.652519	-1.908995e-02	1.182304e-02	
   -0.832499	   -0.652519	-1.588092e-02	1.067639e-02	
   -0.832499	   -0.652519	-1.111737e-02	8.484655e-03	
   -0.832499	   -0.652519	-5.265562e-03	5.462385e-03	
   -0.832499	   -0.652519	1.101672e-03	1.905418e-03	


   -0.677985	   -0.833212	8.773077e-04	2.475897e-03	
   -0.677985	   -0.833212	8.714276e-03	-4.374440e-04	
   -0.677985	   -0.833212	1.569823e-02	-3.307965e-03	
   -0.677985	   -0.833212	2.114553e-02	-5.854678e-03	
   -0.677985	   -0.833212	2.452296e-02	-7.828296e-03	
   -0.677985	   -0.833212	2.549991e-02	-9.035625e-03	
   -0.677985	   -0.833212	2.398076e-02	-9.358484e-03	
   -0.677985	   -0.833212	2.011420e-02	-8.765269e-03	
   -0.677985	   -0.833212	1.427872e-02	-7.314049e-03	
   -0.677985	   -0.833212	7.045538e-03	-5.146879e-03	
   -0.677985	   -0.833212	-8.773077e-04	-2.475897e-03	
   -0.677985	   -0.833212	-8.714276e-03	4.374440e-04	
   -0.677985	   -0.833212	-1.569823e-02	3.307965e-03	
   -0.677985	   -0.833212	-2.114553e-02	5.854678e-03	
   -0.677985	   -0.833212	-2.452296e-02	7.828296e-03	
   -0.677985	   -0.833212	-2.549991e-02	9.035625e-03	
   -0.677985	   -0.833212	-2.398076e-02	9.358484e-03	
   -0.677985	   -0.833212	-2.011420e-02	8.765269e-03	
   -0.677985	   -0.833212	-1.427872e-02	7.314049e-03	
   -0.677985	   -0.833212	-7.045538e-03	5.146879e-03	
   -0.677985	   -0.833212	8.773077e-04	2.475897e-03	


   -0.677985	   -0.833212	8.773077e-04	2.475897e-03	
   -0.677985	   -0.833212	8.714276e-03	-4.374440e-04	
   -0.677985	   -0.833212	1.569823e-02	-3.307965e-03	
   -0.677985	   -0.833212	2.114553e-02	-5.854678e-03	
   -0.677985	   -0.833212	2.452296e-02	-7.828296e-03	
   -0.677985	   -0.833212	2.549991e-02	-9.035625e-03	
   -0.677985	   -0.833212	2.398076e-02	-9.358484e-03	
   -0.677985	   -0.833212	2.011420e-02	-8.765269e-03	
   -0.677985	   -0.833212	1.427872e-02	-7.314049e-03	
   -0.677985	   -0.833212	7.045538e-03	-5.146879e-03	
   -0.677985	   -0.833212	-8.773077e-04	-2.475897e-03	
   -0.677985	   -0.833212	-8.714276e-03	4.374440e-04	
   -0.677985	   -0.833212	-1.569823e-02	3.307965e-03	
   -0.677985	   -0.833212	-2.114553e-02	5.854678e-03	
   -0.677985	   -0.833212	-2.452296e-02	7.828296e-03	
   -0.677985	   -0.833212	-2.549991e-02	9.035625e-03	
   -0.677985	   -0.833212	-2.398076e-02	9.358484e-03	
   -0.677985	   -0.833212	-2.011420e-02	8.765269e-03	
   -0.677985	   -0.833212	-1.427872e-02	7.314049e-03	
   -0.677985	   -0.833212	-7.045538e-03	5.146879e-03	
   -0.677985	   -0.833212	8.773077e-04	2.475897e-03	


   -0.490003	   -0.972850	4.736887e-04	3.007170e-03	
   -0.490003	   -0.972850	9.773001e-03	1.391511e-03	
   -0.490003	   -0.972850	1.811566e-02	-3.603580e-04	
   -0.490003	   -0.972850	2.468504e-02	-2.076953e-03	
   -0.490003	   -0.972850	2.883807e-02	-3.590242e-03	
   -0.490003	   -0.972850	3.016823e-02	-4.752092e-03	
   -0.490003	   -0.972850	2.854532e-02	-5.448775e-03	
   -0.490003	   -0.972850	2.412819e-02	-5.612094e-03	
   -0.490003	   -0.972850	1.734922e-02	-5.226061e-03	
   -0.490003	   -0.972850	8.871992e-03	-4.328466e-03	
   -0.490003	   -0.972850	-4.736887e-04	-3.007170e-03	
   -0.490003	   -0.972850	-9.773001e-03	-1.391511e-03	
   -0.490003	   -0.972850	-1.811566e-02	3.603580e-04	
   -0.490003	   -0.972850	-2.468504e-02	2.076953e-03	
   -0.490003	   -0.972850	-2.883807e-02	3.590242e-03	
   -0.490003	   -0.972850	-3.016823e-02	4.752092e-03	
   -0.490003	   -0.972850	-2.854532e-02	5.448775e-03	
   -0.490003	   -0.972850	-2.412819e-02	5.612094e-03	
   -0.490003	   -0.972850	-1.734922e-02	5.226061e-03	
   -0.490003	   -0.972850	-8.871992e-03	4.328466e-03	
   -0.490003	   -0.972850	4.736887e-04	3.007170e-03	


   -0.490003	   -0.972850	4.736887e-04	3.007170e-03	
   -0.490003	   -0.972850	9.773001e-03	1.391511e-03	
   -0.490003	   -0.972850	1.811566e-02	-3.603580e-04	
   -0.490003	   -0.972850	2.468504e-02	-2.076953e-03	
   -0.490003	   -0.972850	2.883807e-02	-3.590242e-03	
   -0.490003	   -0.972850	3.016823e-02	-4.752092e-03	
   -0.490003	   -0.972850	2.854532e-02	-5.448775e-03	
   -0.490003	   -0.972850	2.412819e-02	-5.612094e-03	
   -0.490003	   -0.972850	1.734922e-02	-5.226061e-03	
   -0.490003	   -0.972850	8.871992e-03	-4.328466e-03	
   -0.490003	   -0.972850	-4.736887e-04	-3.007170e-03	
   -0.490003	   -0.972850	-9.773001e-03	-1.391511e-03	
   -0.490003	   -0.972850	-1.811566e-02	3.603580e-04	
   -0.490003	   -0.972850	-2.468504e-02	2.076953e-03	
   -0.490003	   -0.972850	-2.883807e-02	3.590242e-03	
   -0.490003	   -0.972850	-3.016823e-02	4.752092e-03	
   -0.490003	   -0.972850	-2.854532e-02	5.448775e-03	
   -0.490003	   -0.972850	-2.412819e-02	5.612094e-03	
   -0.490003	   -0.972850	-1.734922e-02	5.226061e-03	
   -0.490003	   -0.972850	-8.871992e-03	4.328466e-03	
   -0.490003	   -0.972850	4.736887e-04	3.007170e-03	


   -0.278784	   -1.066497	-9.621520e-05	3.431120e-03	
   -0.278784	   -1.066497	1.041822e-02	3.557902e-03	
   -0.278784	   -1.066497	1.991285e-02	3.336412e-03	
   -0.278784	   -1.066497	2.745827e-02	2.788330e-03	
   -0.278784	   -1.066497	3.231588e-02	1.967308e-03	
   -0.278784	   -1.066497	3.401019e-02	9.537112e-04	
   -0.278784	   -1.066497	3.237535e-02	-1.532411e-04	
   -0.278784	   -1.066497	2.757138e-02	-1.245193e-03	
   -0.278784	   -1.066497	2.006853e-02	-2.215257e-03	
   -0.278784	   -1.066497	1.060123e-02	-2.968476e-03	
   -0.278784	   -1.066497	9.621520e-05	-3.431120e-03	
   -0.278784	   -1.066497	-1.041822e-02	-3.557902e-03	
   -0.278784	   -1.066497	-1.991285e-02	-3.336412e-03	
   -0.278784	   -1.066497	-2.745827e-02	-2.788330e-03	
   -0.278784	   -1.066497	-3.231588e-02	-1.967308e-03	
   -0.278784	   -1.066497	-3.401019e-02	-9.537112e-04	
   -0.278784	   -1.066497	-3.237535e-02	1.532411e-04	
   -0.278784	   -1.066497	-2.757138e-02	1.245193e-03	
   -0.278784	   -1.066497	-2.006853e-02	2.215257e-03	
   -0.278784	   -1.066497	-1.060123e-02	2.968476e-03	
   -0.278784	   -1.066497	-9.621520e-05	3.431120e-03	


   -0.278784	   -1.066497	-9.621520e-05	3.431120e-03	
   -0.278784	   -1.066497	1.041822e-02	3.557902e-03	
   -0.278784	   -1.066497	1.991285e-02	3.336412e-03	
   -0.278784	   -1.066497	2.745827e-02	2.788330e-03	
   -0.278784	   -1.066497	3.231588e-02	1.967308e-03	
   -0.278784	   -1.066497	3.401019e-02	9.537112e-04	
   -0.278784	   -1.066497	3.237535e-02	-1.532411e-04	
   -0.278784	   -1.066497	2.757138e-02	-1.245193e-03	
   -0.278784	   -1.066497	2.006853e-02	-2.215257e-03	
   -0.278784	   -1.066497	1.060123e-02	-2.968476e-03	
   -0.278784	   -1.066497	9.621520e-05	-3.431120e-03	
   -0.278784	   -1.066497	-1.041822e-02	-3.557902e-03	
   -0.278784	   -1.066497	-1.991285e-02	-3.336412e-03	
   -0.278784	   -1.066497	-2.745827e-02	-2.788330e-03	
   -0.278784	   -1.066497	-3.231588e-02	-1.967308e-03	
   -0.278784	   -1.066497	-3.401019e-02	-9.537112e-04	
   -0.278784	   -1.066497	-3.237535e-02	1.532411e-04	
   -0.278784	   -1.066497	-2.757138e-02	1.245193e-03	
   -0.278784	   -1.066497	-2.006853e-02	2.215257e-03	
   -0.278784	   -1.066497	-1.060123e-02	2.968476e-03	
   -0.278784	   -1.066497	-9.621520e-05	3.431120e-03	


   -0.054790	   -1.111463	-7.949641e-04	3.692311e-03	
   -0.054790	   -1.111463	1.056450e-02	5.948941e-03	
   -0.054790	   -1.111463	2.088984e-02	7.623247e-03	
   -0.054790	   -1.111463	2.917033e-02	8.551337e-03	
   -0.054790	   -1.111463	3.459543e-02	8.642362e-03	
   -0.054790	   -1.111463	3.663409e-02	7.887412e-03	
   -0.054790	   -1.111463	3.508674e-02	6.360388e-03	
   -0.054790	   -1.111463	3.010487e-02	4.210764e-03	
   -0.054790	   -1.111463	2.217612e-02	1.648962e-03	
   -0.054790	   -1.111463	1.207661e-02	-1.074252e-03	
   -0.054790	   -1.111463	7.949641e-04	-3.692311e-03	
   -0.054790	   -1.111463	-1.056450e-02	-5.948941e-03	
   -0.054790	   -1.111463	-2.088984e-02	-7.623247e-03	
   -0.054790	   -1.111463	-2.917033e-02	-8.551337e-03	
   -0.054790	   -1.111463	-3.459543e-02	-8.642362e-03	
   -0.054790	   -1.111463	-3.663409e-02	-7.887412e-03	
   -0.054790	   -1.111463	-3.508674e-02	-6.360388e-03	
   -0.054790	   -1.111463	-3.010487e-02	-4.210764e-03	
   -0.054790	   -1.111463	-2.217612e-02	-1.648962e-03	
   -0.054790	   -1.111463	-1.207661e-02	1.074252e-03	
   -0.054790	   -1.111463	-7.949641e-04	3.692311e-03	


   -0.054790	   -1.111463	-7.949641e-04	3.692311e-03	
   -0.054790	   -1.111463	1.056450e-02	5.948941e-03	
   -0.054790	   -1.111463	2.088984e-02	7.623247e-03	
   -0.054790	   -1.111463	2.917033e-02	8.551337e-03	
   -0.054790	   -1.111463	3.459543e-02	8.642362e-03	
   -0.054790	   -1.111463	3.663409e-02	7.887412e-03	
   -0.054790	   -1.111463	3.508674e-02	6.360388e-03	
   -0.054790	   -1.111463	3.010487e-02	4.210764e-03	
   -0.054790	   -1.111463	2.217612e-02	1.648962e-03	
   -0.054790	   -1.111463	1.207661e-02	-1.074252e-03	
   -0.054790	   -1.111463	7.949641e-04	-3.692311e-03	
   -0.054790	   -1.111463	-1.056450e-02	-5.948941e-03	
   -0.054790	   -1.111463	-2.088984e-02	-7.623247e-03	
   -0.054790	   -1.111463	-2.917033e-02	-8.551337e-03	
   -0.054790	   -1.111463	-3.459543e-02	-8.642362e-03	
   -0.054790	   -1.111463	-3.663409e-02	-7.887412e-03	
   -0.054790	   -1.111463	-3.508674e-02	-6.360388e-03	
   -0.054790	   -1.111463	-3.010487e-02	-4.210764e-03	
   -0.054790	   -1.111463	-2.217612e-02	-1.648962e-03	
   -0.054790	   -1.111463	-1.207661e-02	1.074252e-03	
   -0.054790	   -1.111463	-7.949641e-04	3.692311e-03	


    0.171668	   -1.107098	-1.568689e-03	3.752574e-03	
    0.171668	   -1.107098	1.015892e-02	8.439308e-03	
    0.171668	   -1.107098	2.089210e-02	1.229994e-02	
    0.171668	   -1.107098	2.958021e-02	1.495658e-02	
    0.171668	   -1.107098	3.537281e-02	1.614915e-02	
    0.171668	   -1.107098	3.770288e-02	1.576094e-02	
    0.171668	   -1.107098	3.634232e-02	1.382994e-02	
    0.171668	   -1.107098	3.142432e-02	1.054516e-02	
    0.171668	   -1.107098	2.343029e-02	6.228152e-03	
    0.171668	   -1.107098	1.314274e-02	1.301488e-03	
    0.171668	   -1.107098	1.568689e-03	-3.752574e-03	
    0.171668	   -1.107098	-1.015892e-02	-8.439308e-03	
    0.171668	   -1.107098	-2.089210e-02	-1.229994e-02	
    0.171668	   -1.107098	-2.958021e-02	-1.495658e-02	
    0.171668	   -1.107098	-3.537281e-02	-1.614915e-02	
    0.171668	   -1.107098	-3.770288e-02	-1.576094e-02	
    0.171668	   -1.107098	-3.634232e-02	-1.382994e-02	
    0.171668	   -1.107098	-3.142432e-02	-1.054516e-02	
    0.171668	   -1.107098	-2.343029e-02	-6.228152e-03	
    0.171668	   -1.107098	-1.314274e-02	-1.301488e-03	
    0.171668	   -1.107098	-1.568689e-03	3.752574e-03	


    0.171668	   -1.107098	-1.568689e-03	3.752574e-03	
    0.171668	   -1.107098	1.015892e-02	8.439308e-03	
    0.171668	   -1.107098	2.089210e-02	1.229994e-02	
    0.171668	   -1.107098	2.958021e-02	1.495658e-02	
    0.171668	   -1.107098	3.537281e-02	1.614915e-02	
    0.171668	   -1.107098	3.770288e-02	1.576094e-02	
    0.171668	   -1.107098	3.634232e-02	1.382994e-02	
    0.171668	   -1.107098	3.142432e-02	1.054516e-02	
    0.171668	   -1.107098	2.343029e-02	6.228152e-03	
    0.171668	   -1.107098	1.314274e-02	1.301488e-03	
    0.171668	   -1.107098	1.568689e-03	-3.752574e-03	
    0.171668	   -1.107098	-1.015892e-02	-8.439308e-03	
    0.171668	   -1.107098	-2.089210e-02	-1.229994e-02	
    0.171668	   -1.107098	-2.958021e-02	-1.495658e-02	
    0.171668	   -1.107098	-3.537281e-02	-1.614915e-02	
    0.171668	   -1.107098	-3.770288e-02	-1.576094e-02	
    0.171668	   -1.107098	-3.634232e-02	-1.382994e-02	
    0.171668	   -1.107098	-3.142432e-02	-1.054516e-02	
    0.171668	   -1.107098	-2.343029e-02	-6.228152e-03	
    0.171668	   -1.107098	-1.314274e-02	-1.301488e-03	
    0.171668	   -1.107098	-1.568689e-03	3.752574e-03	


    0.390671	   -1.054576	-2.354517e-03	3.593696e-03	
    0.390671	   -1.054576	9.178697e-03	1.089863e-02	
    0.390671	   -1.054576	1.981344e-02	1.713674e-02	
    0.390671	   -1.054576	2.850870e-02	2.169738e-02	
    0.390671	   -1.054576	3.441333e-02	2.413413e-02	
    0.390671	   -1.054576	3.694934e-02	2.420846e-02	
    0.390671	   -1.054576	3.586850e-02	2.191310e-02	
    0.390671	   -1.054576	3.127660e-02	1.747274e-02	
    0.390671	   -1.054576	2.362312e-02	1.132202e-02	
    0.390671	   -1.054576	1.365725e-02	4.063018e-03	
    0.390671	   -1.054576	2.354517e-03	-3.593696e-03	
    0.390671	   -1.054576	-9.178697e-03	-1.089863e-02	
    0.390671	   -1.054576	-1.981344e-02	-1.713674e-02	
    0.390671	   -1.054576	-2.850870e-02	-2.169738e-02	
    0.390671	   -1.054576	-3.441333e-02	-2.413413e-02	
    0.390671	   -1.054576	-3.694934e-02	-2.420846e-02	
    0.390671	   -1.054576	-3.586850e-02	-2.191310e-02	
    0.390671	   -1.054576	-3.127660e-02	-1.747274e-02	
    0.390671	   -1.054576	-2.362312e-02	-1.132202e-02	
    0.390671	   -1.054576	-1.365725e-02	-4.063018e-03	
    0.390671	   -1.054576	-2.354517e-03	3.593696e-03	


    0.390671	   -1.054576	-2.354517e-03	3.593696e-03	
    0.390671	   -1.054576	9.178697e-03	1.089863e-02	
    0.390671	   -1.054576	1.981344e-02	1.713674e-02	
    0.390671	   -1.054576	2.850870e-02	2.169738e-02	
    0.390671	   -1.054576	3.441333e-02	2.413413e-02	
    0.390671	   -1.054576	3.694934e-02	2.420846e-02	
    0.390671	   -1.054576	3.586850e-02	2.191310e-02	
    0.390671	   -1.054576	3.127660e-02	1.747274e-02	
    0.390671	   -1.054576	2.362312e-02	1.132202e-02	
    0.390671	   -1.054576	1.365725e-02	4.063018e-03	
    0.390671	   -1.054576	2.354517e-03	-3.593696e-03	
    0.390671	   -1.054576	-9.178697e-03	-1.089863e-02	
    0.390671	   -1.054576	-1.981344e-02	-1.713674e-02	
    0.390671	   -1.054576	-2.850870e-02	-2.169738e-02	
    0.390671	   -1.054576	-3.441333e-02	-2.413413e-02	
    0.390671	   -1.054576	-3.694934e-02	-2.420846e-02	
    0.390671	   -1.054576	-3.586850e-02	-2.191310e-02	
    0.390671	   -1.054576	-3.127660e-02	-1.747274e-02	
    0.390671	   -1.054576	-2.362312e-02	-1.132202e-02	
    0.390671	   -1.054576	-1.365725e-02	-4.063018e-03	
    0.390671	   -1.054576	-2.354517e-03	3.593696e-03	


    0.592860	   -0.956711	-3.087708e-03	3.218271e-03	
    0.592860	   -0.956711	7.628059e-03	1.319680e-02	
    0.592860	   -0.956711	1.759714e-02	2.188354e-02	
    0.592860	   -0.956711	2.584369e-02	2.842817e-02	
    0.592860	   -0.956711	3.156048e-02	3.219004e-02	
    0.592860	   -0.956711	3.418791e-02	3.280094e-02	
    0.592860	   -0.956711	3.346879e-02	3.020104e-02	
    0.592860	   -0.956711	2.947351e-02	2.464486e-02	
    0.592860	   -0.956711	2.259316e-02	1.667627e-02	
    0.592860	   -0.956711	1.350123e-02	7.075289e-03	
    0.592860	   -0.956711	3.087708e-03	-3.218271e-03	
    0.592860	   -0.956711	-7.628059e-03	-1.319680e-02	
    0.592860	   -0.956711	-1.759714e-02	-2.188354e-02	
    0.592860	   -0.956711	-2.584369e-02	-2.842817e-02	
    0.592860	   -0.956711	-3.156048e-02	-3.219004e-02	
    0.592860	   -0.956711	-3.418791e-02	-3.280094e-02	
    0.592860	   -0.956711	-3.346879e-02	-3.020104e-02	
    0.592860	   -0.956711	-2.947351e-02	-2.464486e-02	
    0.592860	   -0.956711	-2.259316e-02	-1.667627e-02	
    0.592860	   -0.956711	-1.350123e-02	-7.075289e-03	
    0.592860	   -0.956711	-3.087708e-03	3.218271e-03	


    0.592860	   -0.956711	-3.087708e-03	3.218271e-03	
    0.592860	   -0.956711	7.628059e-03	1.319680e-02	
    0.592860	   -0.956711	1.759714e-02	2.188354e-02	
    0.592860	   -0.956711	2.584369e-02	2.842817e-02	
    0.592860	   -0.956711	3.156048e-02	3.219004e-02	
    0.592860	   -0.956711	3.418791e-02	3.280094e-02	
    0.592860	   -0.956711	3.346879e-02	3.020104e-02	
    0.592860	   -0.956711	2.947351e-02	2.464486e-02	
    0.592860	   -0.956711	2.259316e-02	1.667627e-02	
    0.592860	   -0.956711	1.350123e-02	7.075289e-03	
    0.592860	   -0.956711	3.087708e-03	-3.218271e-03	
    0.592860	   -0.956711	-7.628059e-03	-1.319680e-02	
    0.592860	   -0.956711	-1.759714e-02	-2.188354e-02	
    0.592860	   -0.956711	-2.584369e-02	-2.842817e-02	
    0.592860	   -0.956711	-3.156048e-02	-3.219004e-02	
    0.592860	   -0.956711	-3.418791e-02	-3.280094e-02	
    0.592860	   -0.956711	-3.346879e-02	-3.020104e-02	
    0.592860	   -0.956711	-2.947351e-02	-2.464486e-02	
    0.592860	   -0.956711	-2.259316e-02	-1.667627e-02	
    0.592860	   -0.956711	-1.350123e-02	-7.075289e-03	
    0.592860	   -0.956711	-3.087708e-03	3.218271e-03	


    0.769584	   -0.817832	-2.932549e-02	-4.105959e-02	
    0.769584	   -0.817832	-2.903620e-02	-3.823150e-02	
    0.769584	   -0.817832	-2.590465e-02	-3.166104e-02	
    0.769584	   -0.817832	-2.023737e-02	-2.199137e-02	
    0.769584	   -0.817832	-1.258911e-02	-1.016904e-02	
    0.769584	   -0.817832	-3.708548e-03	2.648710e-03	
    0.769584	   -0.817832	5.535035e-03	1.520719e-02	
    0.769584	   -0.817832	1.423681e-02	2.627708e-02	
    0.769584	   -0.817832	2.154499e-02	3.477478e-02	
    0.769584	   -0.817832	2.674419e-02	3.986849e-02	
    0.769584	   -0.817832	2.932549e-02	4.105959e-02	
    0.769584	   -0.817832	2.903620e-02	3.823150e-02	
    0.769584	   -0.817832	2.590465e-02	3.166104e-02	
    0.769584	   -0.817832	2.023737e-02	2.199137e-02	
    0.769584	   -0.817832	1.258911e-02	1.016904e-02	
    0.769584	   -0.817832	3.708548e-03	-2.648710e-03	
    0.769584	   -0.817832	-5.535035e-03	-1.520719e-02	
    0.769584	   -0.817832	-1.423681e-02	-2.627708e-02	
    0.769584	   -0.817832	-2.154499e-02	-3.477478e-02	
    0.769584	   -0.817832	-2.674419e-02	-3.986849e-02	
    0.769584	   -0.817832	-2.932549e-02	-4.105959e-02	


    0.769584	   -0.817832	-2.932549e-02	-4.105959e-02	
    0.769584	   -0.817832	-2.903620e-02	-3.823150e-02	
    0.769584	   -0.817832	-2.590465e-02	-3.166104e-02	
    0.769584	   -0.817832	-2.023737e-02	-2.199137e-02	
    0.769584	   -0.817832	-1.258911e-02	-1.016904e-02	
    0.769584	   -0.817832	-3.708548e-03	2.648710e-03	
    0.769584	   -0.817832	5.535035e-03	1.520719e-02	
    0.769584	   -0.817832	1.423681e-02	2.627708e-02	
    0.769584	   -0.817832	2.154499e-02	3.477478e-02	
    0.769584	   -0.817832	2.674419e-02	3.986849e-02	
    0.769584	   -0.817832	2.932549e-02	4.105959e-02	
    0.769584	   -0.817832	2.903620e-02	3.823150e-02	
    0.769584	   -0.817832	2.590465e-02	3.166104e-02	
    0.769584	   -0.817832	2.023737e-02	2.199137e-02	
    0.769584	   -0.817832	1.258911e-02	1.016904e-02	
    0.769584	   -0.817832	3.708548e-03	-2.648710e-03	
    0.769584	   -0.817832	-5.535035e-03	-1.520719e-02	
    0.769584	   -0.817832	-1.423681e-02	-2.627708e-02	
    0.769584	   -0.817832	-2.154499e-02	-3.477478e-02	
    0.769584	   -0.817832	-2.674419e-02	-3.986849e-02	
    0.769584	   -0.817832	-2.932549e-02	-4.105959e-02	


    0.912764	   -0.643949	-2.237286e-02	-4.846995e-02	
    0.912764	   -0.643949	-2.256611e-02	-4.550302e-02	
    0.912764	   -0.643949	-2.055043e-02	-3.808195e-02	
    0.912764	   -0.643949	-1.652314e-02	-2.693314e-02	
    0.912764	   -0.643949	-1.087844e-02	-1.314794e-02	
    0.912764	   -0.643949	-4.168886e-03	1.924283e-03	
    0.912764	   -0.643949	2.948748e-03	1.680814e-02	
    0.912764	   -0.643949	9.777737e-03	3.004670e-02	
    0.912764	   -0.643949	1.564961e-02	4.034408e-02	
    0.912764	   -0.643949	1.998960e-02	4.669230e-02	
    0.912764	   -0.643949	2.237286e-02	4.846995e-02	
    0.912764	   -0.643949	2.256611e-02	4.550302e-02	
    0.912764	   -0.643949	2.055043e-02	3.808195e-02	
    0.912764	   -0.643949	1.652314e-02	2.693314e-02	
    0.912764	   -0.643949	1.087844e-02	1.314794e-02	
    0.912764	   -0.643949	4.168886e-03	-1.924283e-03	
    0.912764	   -0.643949	-2.948748e-03	-1.680814e-02	
    0.912764	   -0.643949	-9.777737e-03	-3.004670e-02	
    0.912764	   -0.643949	-1.564961e-02	-4.034408e-02	
    0.912764	   -0.643949	-1.998960e-02	-4.669230e-02	
    0.912764	   -0.643949	-2.237286e-02	-4.846995e-02	


    0.912764	   -0.643949	-2.237286e-02	-4.846995e-02	
    0.912764	   -0.643949	-2.256611e-02	-4.550302e-02	
    0.912764	   -0.643949	-2.055043e-02	-3.808195e-02	
    0.912764	   -0.643949	-1.652314e-02	-2.693314e-02	
    0.912764	   -0.643949	-1.087844e-02	-1.314794e-02	
    0.912764	   -0.643949	-4.168886e-03	1.924283e-03	
    0.912764	   -0.643949	2.948748e-03	1.680814e-02	
    0.912764	   -0.643949	9.777737e-03	3.004670e-02	
    0.912764	   -0.643949	1.564961e-02	4.034408e-02	
    0.912764	   -0.643949	1.998960e-02	4.669230e-02	
    0.912764	   -0.643949	2.237286e-02	4.846995e-02	
    0.912764	   -0.643949	2.256611e-02	4.550302e-02	
    0.912764	   -0.643949	2.055043e-02	3.808195e-02	
    0.912764	   -0.643949	1.652314e-02	2.693314e-02	
    0.912764	   -0.643949	1.087844e-02	1.314794e-02	
    0.912764	   -0.643949	4.168886e-03	-1.924283e-03	
    0.912764	   -0.643949	-2.948748e-03	-1.680814e-02	
    0.912764	   -0.643949	-9.777737e-03	-3.004670e-02	
    0.912764	   -0.643949	-1.564961e-02	-4.034408e-02	
    0.912764	   -0.643949	-1.998960e-02	-4.669230e-02	
    0.912764	   -0.643949	-2.237286e-02	-4.846995e-02	


    1.015422	   -0.442536	-1.345558e-02	-5.449860e-02	
    1.015422	   -0.442536	-1.416843e-02	-5.149266e-02	
    1.015422	   -0.442536	-1.349437e-02	-4.344625e-02	
    1.015422	   -0.442536	-1.149939e-02	-3.114702e-02	
    1.015422	   -0.442536	-8.378764e-03	-1.579890e-02	
    1.015422	   -0.442536	-4.437971e-03	1.095725e-03	
    1.015422	   -0.442536	-6.275830e-05	1.788309e-02	
    1.015422	   -0.442536	4.318598e-03	3.291994e-02	
    1.015422	   -0.442536	8.277219e-03	4.473435e-02	
    1.015422	   -0.442536	1.142561e-02	5.216985e-02	
    1.015422	   -0.442536	1.345558e-02	5.449860e-02	
    1.015422	   -0.442536	1.416843e-02	5.149266e-02	
    1.015422	   -0.442536	1.349437e-02	4.344625e-02	
    1.015422	   -0.442536	1.149939e-02	3.114702e-02	
    1.015422	   -0.442536	8.378764e-03	1.579890e-02	
    1.015422	   -0.442536	4.437971e-03	-1.095725e-03	
    1.015422	   -0.442536	6.275830e-05	-1.788309e-02	
    1.015422	   -0.442536	-4.318598e-03	-3.291994e-02	
    1.015422	   -0.442536	-8.277219e-03	-4.473435e-02	
    1.015422	   -0.442536	-1.142561e-02	-5.216985e-02	
    1.015422	   -0.442536	-1.345558e-02	-5.449860e-02	


    1.015422	   -0.442536	-1.345558e-02	-5.449860e-02	
    1.015422	   -0.442536	-1.416843e-02	-5.149266e-02	
    1.015422	   -0.442536	-1.349437e-02	-4.344625e-02	
    1.015422	   -0.442536	-1.149939e-02	-3.114702e-02	
    1.015422	   -0.442536	-8.378764e-03	-1.579890e-02	
    1.015422	   -0.442536	-4.437971e-03	1.095725e-03	
    1.015422	   -0.442536	-6.275830e-05	1.788309e-02	
    1.015422	   -0.442536	4.318598e-03	3.291994e-02	
    1.015422	   -0.442536	8.277219e-03	4.473435e-02	
    1.015422	   -0.442536	1.142561e-02	5.216985e-02	
    1.015422	   -0.442536	1.345558e-02	5.449860e-02	
    1.015422	   -0.442536	1.416843e-02	5.149266e-02	
    1.015422	   -0.442536	1.349437e-02	4.344625e-02	
    1.015422	   -0.442536	1.149939e-02	3.114702e-02	
    1.015422	   -0.442536	8.378764e-03	1.579890e-02	
    1.015422	   -0.442536	4.437971e-03	-1.095725e-03	
    1.015422	   -0.442536	6.275830e-05	-1.788309e-02	
    1.015422	   -0.442536	-4.318598e-03	-3.291994e-02	
    1.015422	   -0.442536	-8.277219e-03	-4.473435e-02	
    1.015422	   -0.442536	-1.142561e-02	-5.216985e-02	
    1.015422	   -0.442536	-1.345558e-02	-5.449860e-02	


    1.072072	   -0.222033	-2.823017e-03	-5.861124e-02	
    1.072072	   -0.222033	-4.077263e-03	-5.567553e-02	
    1.072072	   -0.222033	-4.932398e-03	-4.728992e-02	
    1.072072	   -0.222033	-5.304716e-03	-3.427524e-02	
    1.072072	   -0.222033	-5.157771e-03	-1.790546e-02	
    1.072072	   -0.222033	-4.505948e-03	2.170295e-04	
    1.072072	   -0.222033	-3.413051e-03	1.831828e-02	
    1.072072	   -0.222033	-1.986060e-03	3.462640e-02	
    1.072072	   -0.222033	-3.646607e-04	4.754505e-02	
    1.072072	   -0.222033	1.292434e-03	5.580966e-02	
    1.072072	   -0.222033	2.823017e-03	5.861124e-02	
    1.072072	   -0.222033	4.077263e-03	5.567553e-02	
    1.072072	   -0.222033	4.932398e-03	4.728992e-02	
    1.072072	   -0.222033	5.304716e-03	3.427524e-02	
    1.072072	   -0.222033	5.157771e-03	1.790546e-02	
    1.072072	   -0.222033	4.505948e-03	-2.170295e-04	
    1.072072	   -0.222033	3.413051e-03	-1.831828e-02	
    1.072072	   -0.222033	1.986060e-03	-3.462640e-02	
    1.072072	   -0.222033	3.646607e-04	-4.754505e-02	
    1.072072	   -0.222033	-1.292434e-03	-5.580966e-02	
    1.072072	   -0.222033	-2.823017e-03	-5.861124e-02	


    1.072072	   -0.222033	-2.823017e-03	-5.861124e-02	
    1.072072	   -0.222033	-4.077263e-03	-5.567553e-02	
    1.072072	   -0.222033	-4.932398e-03	-4.728992e-02	
    1.072072	   -0.222033	-5.304716e-03	-3.427524e-02	
    1.072072	   -0.222033	-5.157771e-03	-1.790546e-02	
    1.072072	   -0.222033	-4.505948e-03	2.170295e-04	
    1.072072	   -0.222033	-3.413051e-03	1.831828e-02	
    1.072072	   -0.222033	-1.986060e-03	3.462640e-02	
    1.072072	   -0.222033	-3.646607e-04	4.754505e-02	
    1.072072	   -0.222033	1.292434e-03	5.580966e-02	
    1.072072	   -0.222033	2.823017e-03	5.861124e-02	
    1.072072	   -0.222033	4.077263e-03	5.567553e-02	
    1.072072	   -0.222033	4.932398e-03	4.728992e-02	
    1.072072	   -0.222033	5.304716e-03	3.427524e-02	
    1.072072	   -0.222033	5.157771e-03	1.790546e-02	
    1.072072	   -0.222033	4.505948e-03	-2.170295e-04	
    1.072072	   -0.222033	3.413051e-03	-1.831828e-02	
    1.072072	   -0.222033	1.986060e-03	-3.462640e-02	
    1.072072	   -0.222033	3.646607e-04	-4.754505e-02	
    1.072072	   -0.222033	-1.292434e-03	-5.580966e-02	
    1.072072	   -0.222033	-2.823017e-03	-5.861124e-02	


    1.078630	    0.007928	9.136289e-03	-6.028825e-02	
    1.078630	    0.007928	7.340020e-03	-5.754199e-02	
    1.078630	    0.007928	4.825259e-03	-4.916311e-02	
    1.078630	    0.007928	1.838168e-03	-3.597180e-02	
    1.078630	    0.007928	-1.328856e-03	-1.925932e-02	
    1.078630	    0.007928	-4.365801e-03	-6.616085e-04	
    1.078630	    0.007928	-6.975392e-03	1.800087e-02	
    1.078630	    0.007928	-8.902183e-03	3.490129e-02	
    1.078630	    0.007928	-9.957566e-03	4.838534e-02	
    1.078630	    0.007928	-1.003823e-02	5.713309e-02	
    1.078630	    0.007928	-9.136289e-03	6.028825e-02	
    1.078630	    0.007928	-7.340020e-03	5.754199e-02	
    1.078630	    0.007928	-4.825259e-03	4.916311e-02	
    1.078630	    0.007928	-1.838168e-03	3.597180e-02	
    1.078630	    0.007928	1.328856e-03	1.925932e-02	
    1.078630	    0.007928	4.365801e-03	6.616085e-04	
    1.078630	    0.007928	6.975392e-03	-1.800087e-02	
    1.078630	    0.007928	8.902183e-03	-3.490129e-02	
    1.078630	    0.007928	9.957566e-03	-4.838534e-02	
    1.078630	    0.007928	1.003823e-02	-5.713309e-02	
    1.078630	    0.007928	9.136289e-03	-6.028825e-02	


    1.078630	    0.007928	9.136289e-03	-6.028825e-02	
    1.078630	    0.007928	7.340020e-03	-5.754199e-02	
    1.078630	    0.007928	4.825259e-03	-4.916311e-02	
    1.078630	    0.007928	1.838168e-03	-3.597180e-02	
    1.078630	    0.007928	-1.328856e-03	-1.925932e-02	
    1.078630	    0.007928	-4.365801e-03	-6.616085e-04	
    1.078630	    0.007928	-6.975392e-03	1.800087e-02	
    1.078630	    0.007928	-8.902183e-03	3.490129e-02	
    1.078630	    0.007928	-9.957566e-03	4.838534e-02	
    1.078630	    0.007928	-1.003823e-02	5.713309e-02	
    1.078630	    0.007928	-9.136289e-03	6.028825e-02	
    1.078630	    0.007928	-7.340020e-03	5.754199e-02	
    1.078630	    0.007928	-4.825259e-03	4.916311e-02	
    1.078630	    0.007928	-1.838168e-03	3.597180e-02	
    1.078630	    0.007928	1.328856e-03	1.925932e-02	
    1.078630	    0.007928	4.365801e-03	6.616085e-04	
    1.078630	    0.007928	6.975392e-03	-1.800087e-02	
    1.078630	    0.007928	8.902183e-03	-3.490129e-02	
    1.078630	    0.007928	9.957566e-03	-4.838534e-02	
    1.078630	    0.007928	1.003823e-02	-5.713309e-02	
    1.078630	    0.007928	9.136289e-03	-6.028825e-02	


    1.032700	    0.236587	2.186873e-02	-5.907260e-02	
    1.032700	    0.236587	1.955771e-02	-5.664068e-02	
    1.032700	    0.236587	1.533225e-02	-4.866438e-02	
    1.032700	    0.236587	9.605956e-03	-3.592447e-02	
    1.032700	    0.236587	2.939366e-03	-1.966803e-02	
    1.032700	    0.236587	-4.014949e-03	-1.486338e-03	
    1.032700	    0.236587	-1.057625e-02	1.684084e-02	
    1.032700	    0.236587	-1.610228e-02	3.351953e-02	
    1.032700	    0.236587	-2.005210e-02	4.691709e-02	
    1.032700	    0.236587	-2.203909e-02	5.572207e-02	
    1.032700	    0.236587	-2.186873e-02	5.907260e-02	
    1.032700	    0.236587	-1.955771e-02	5.664068e-02	
    1.032700	    0.236587	-1.533225e-02	4.866438e-02	
    1.032700	    0.236587	-9.605956e-03	3.592447e-02	
    1.032700	    0.236587	-2.939366e-03	1.966803e-02	
    1.032700	    0.236587	4.014949e-03	1.486338e-03	
    1.032700	    0.236587	1.057625e-02	-1.684084e-02	
    1.032700	    0.236587	1.610228e-02	-3.351953e-02	
    1.032700	    0.236587	2.005210e-02	-4.691709e-02	
    1.032700	    0.236587	2.203909e-02	-5.572207e-02	
    1.032700	    0.236587	2.186873e-02	-5.907260e-02	


    1.032700	    0.236587	2.186873e-02	-5.907260e-02	
    1.032700	    0.236587	1.955771e-02	-5.664068e-02	
    1.032700	    0.236587	1.533225e-02	-4.866438e-02	
    1.032700	    0.236587	9.605956e-03	-3.592447e-02	
    1.032700	    0.236587	2.939366e-03	-1.966803e-02	
    1.032700	    0.236587	-4.014949e-03	-1.486338e-03	
    1.032700	    0.236587	-1.057625e-02	1.684084e-02	
    1.032700	    0.236587	-1.610228e-02	3.351953e-02	
    1.032700	    0.236587	-2.005210e-02	4.691709e-02	
    1.032700	    0.236587	-2.203909e-02	5.572207e-02	
    1.032700	    0.236587	-2.186873e-02	5.907260e-02	
    1.032700	    0.236587	-1.955771e-02	5.664068e-02	
    1.032700	    0.236587	-1.533225e-02	4.866438e-02	
    1.032700	    0.236587	-9.605956e-03	3.592447e-02	
    1.032700	    0.236587	-2.939366e-03	1.966803e-02	
    1.032700	    0.236587	4.014949e-03	1.486338e-03	
    1.032700	    0.236587	1.057625e-02	-1.684084e-02	
    1.032700	    0.236587	1.610228e-02	-3.351953e-02	
    1.032700	    0.236587	2.005210e-02	-4.691709e-02	
    1.032700	    0.236587	2.203909e-02	-5.572207e-02	
    1.032700	    0.236587	2.186873e-02	-5.907260e-02	


    0.933950	    0.452177	3.465310e-02	-5.463616e-02	
    0.933950	    0.452177	3.187643e-02	-5.264747e-02	
    0.933950	    0.452177	2.597947e-02	-4.550528e-02	
    0.933950	    0.452177	1.753946e-02	-3.390871e-02	
    0.933950	    0.452177	7.382561e-03	-1.899292e-02	
    0.933950	    0.452177	-3.496992e-03	-2.217975e-03	
    0.933950	    0.452177	-1.403424e-02	1.477408e-02	
    0.933950	    0.452177	-2.319771e-02	3.031995e-02	
    0.933950	    0.452177	-3.009043e-02	4.289789e-02	
    0.933950	    0.452177	-3.403769e-02	5.127669e-02	
    0.933950	    0.452177	-3.465310e-02	5.463616e-02	
    0.933950	    0.452177	-3.187643e-02	5.264747e-02	
    0.933950	    0.452177	-2.597947e-02	4.550528e-02	
    0.933950	    0.452177	-1.753946e-02	3.390871e-02	
    0.933950	    0.452177	-7.382561e-03	1.899292e-02	
    0.933950	    0.452177	3.496992e-03	2.217975e-03	
    0.933950	    0.452177	1.403424e-02	-1.477408e-02	
    0.933950	    0.452177	2.319771e-02	-3.031995e-02	
    0.933950	    0.452177	3.009043e-02	-4.289789e-02	
    0.933950	    0.452177	3.403769e-02	-5.127669e-02	
    0.933950	    0.452177	3.465310e-02	-5.463616e-02	


    0.933950	    0.452177	3.465310e-02	-5.463616e-02	
    0.933950	    0.452177	3.187643e-02	-5.264747e-02	
    0.933950	    0.452177	2.597947e-02	-4.550528e-02	
    0.933950	    0.452177	1.753946e-02	-3.390871e-02	
    0.933950	    0.452177	7.382561e-03	-1.899292e-02	
    0.933950	    0.452177	-3.496992e-03	-2.217975e-03	
    0.933950	    0.452177	-1.403424e-02	1.477408e-02	
    0.933950	    0.452177	-2.319771e-02	3.031995e-02	
    0.933950	    0.452177	-3.009043e-02	4.289789e-02	
    0.933950	    0.452177	-3.403769e-02	5.127669e-02	
    0.933950	    0.452177	-3.465310e-02	5.463616e-02	
    0.933950	    0.452177	-3.187643e-02	5.264747e-02	
    0.933950	    0.452177	-2.597947e-02	4.550528e-02	
    0.933950	    0.452177	-1.753946e-02	3.390871e-02	
    0.933950	    0.452177	-7.382561e-03	1.899292e-02	
    0.933950	    0.452177	3.496992e-03	2.217975e-03	
    0.933950	    0.452177	1.403424e-02	-1.477408e-02	
    0.933950	    0.452177	2.319771e-02	-3.031995e-02	
    0.933950	    0.452177	3.009043e-02	-4.289789e-02	
    0.933950	    0.452177	3.403769e-02	-5.127669e-02	
    0.933950	    0.452177	3.465310e-02	-5.463616e-02	


    0.784197	    0.642890	4.661716e-02	-4.682168e-02	
    0.784197	    0.642890	4.344412e-02	-4.541759e-02	
    0.784197	    0.642890	3.601848e-02	-3.956772e-02	
    0.784197	    0.642890	2.506709e-02	-2.984468e-02	
    0.784197	    0.642890	1.166196e-02	-1.720024e-02	
    0.784197	    0.642890	-2.884721e-03	-2.872121e-03	
    0.784197	    0.642890	-1.714903e-02	1.173714e-02	
    0.784197	    0.642890	-2.973467e-02	2.519750e-02	
    0.784197	    0.642890	-3.940967e-02	3.619134e-02	
    0.784197	    0.642890	-4.522698e-02	4.364253e-02	
    0.784197	    0.642890	-4.661716e-02	4.682168e-02	
    0.784197	    0.642890	-4.344412e-02	4.541759e-02	
    0.784197	    0.642890	-3.601848e-02	3.956772e-02	
    0.784197	    0.642890	-2.506709e-02	2.984468e-02	
    0.784197	    0.642890	-1.166196e-02	1.720024e-02	
    0.784197	    0.642890	2.884721e-03	2.872121e-03	
    0.784197	    0.642890	1.714903e-02	-1.173714e-02	
    0.784197	    0.642890	2.973467e-02	-2.519750e-02	
    0.784197	    0.642890	3.940967e-02	-3.619134e-02	
    0.784197	    0.642890	4.522698e-02	-4.364253e-02	
    0.784197	    0.642890	4.661716e-02	-4.682168e-02	


    0.784197	    0.642890	4.661716e-02	-4.682168e-02	
    0.784197	    0.642890	4.344412e-02	-4.541759e-02	
    0.784197	    0.642890	3.601848e-02	-3.956772e-02	
    0.784197	    0.642890	2.506709e-02	-2.984468e-02	
    0.784197	    0.642890	1.166196e-02	-1.720024e-02	
    0.784197	    0.642890	-2.884721e-03	-2.872121e-03	
    0.784197	    0.642890	-1.714903e-02	1.173714e-02	
    0.784197	    0.642890	-2.973467e-02	2.519750e-02	
    0.784197	    0.642890	-3.940967e-02	3.619134e-02	
    0.784197	    0.642890	-4.522698e-02	4.364253e-02	
    0.784197	    0.642890	-4.661716e-02	4.682168e-02	
    0.784197	    0.642890	-4.344412e-02	4.541759e-02	
    0.784197	    0.642890	-3.601848e-02	3.956772e-02	
    0.784197	    0.642890	-2.506709e-02	2.984468e-02	
    0.784197	    0.642890	-1.166196e-02	1.720024e-02	
    0.784197	    0.642890	2.884721e-03	2.872121e-03	
    0.784197	    0.642890	1.714903e-02	-1.173714e-02	
    0.784197	    0.642890	2.973467e-02	-2.519750e-02	
    0.784197	    0.642890	3.940967e-02	-3.619134e-02	
    0.784197	    0.642890	4.522698e-02	-4.364253e-02	
    0.784197	    0.642890	4.661716e-02	-4.682168e-02	


    0.588623	    0.795814	2.218549e-03	3.526009e-03	
    0.588623	    0.795814	1.964915e-02	-7.682146e-03	
    0.588623	    0.795814	3.515636e-02	-1.813832e-02	
    0.588623	    0.795814	4.722222e-02	-2.681899e-02	
    0.588623	    0.795814	5.466563e-02	-3.287443e-02	
    0.588623	    0.795814	5.675800e-02	-3.571189e-02	
    0.588623	    0.795814	5.329449e-02	-3.505362e-02	
    0.588623	    0.795814	4.461415e-02	-3.096406e-02	
    0.588623	    0.795814	3.156667e-02	-2.384352e-02	
    0.588623	    0.795814	1.542922e-02	-1.438901e-02	
    0.588623	    0.795814	-2.218549e-03	-3.526009e-03	
    0.588623	    0.795814	-1.964915e-02	7.682146e-03	
    0.588623	    0.795814	-3.515636e-02	1.813832e-02	
    0.588623	    0.795814	-4.722222e-02	2.681899e-02	
    0.588623	    0.795814	-5.466563e-02	3.287443e-02	
    0.588623	    0.795814	-5.675800e-02	3.571189e-02	
    0.588623	    0.795814	-5.329449e-02	3.505362e-02	
    0.588623	    0.795814	-4.461415e-02	3.096406e-02	
    0.588623	    0.795814	-3.156667e-02	2.384352e-02	
    0.588623	    0.795814	-1.542922e-02	1.438901e-02	
    0.588623	    0.795814	2.218549e-03	3.526009e-03	


    0.588623	    0.795814	2.218549e-03	3.526009e-03	
    0.588623	    0.795814	1.964915e-02	-7.682146e-03	
    0.588623	    0.795814	3.515636e-02	-1.813832e-02	
    0.588623	    0.795814	4.722222e-02	-2.681899e-02	
    0.588623	    0.795814	5.466563e-02	-3.287443e-02	
    0.588623	    0.795814	5.675800e-02	-3.571189e-02	
    0.588623	    0.795814	5.329449e-02	-3.505362e-02	
    0.588623	    0.795814	4.461415e-02	-3.096406e-02	
    0.588623	    0.795814	3.156667e-02	-2.384352e-02	
    0.588623	    0.795814	1.542922e-02	-1.438901e-02	
    0.588623	    0.795814	-2.218549e-03	-3.526009e-03	
    0.588623	    0.795814	-1.964915e-02	7.682146e-03	
    0.588623	    0.795814	-3.515636e-02	1.813832e-02	
    0.588623	    0.795814	-4.722222e-02	2.681899e-02	
    0.588623	    0.795814	-5.466563e-02	3.287443e-02	
    0.588623	    0.795814	-5.675800e-02	3.571189e-02	
    0.588623	    0.795814	-5.329449e-02	3.505362e-02	
    0.588623	    0.795814	-4.461415e-02	3.096406e-02	
    0.588623	    0.795814	-3.156667e-02	2.384352e-02	
    0.588623	    0.795814	-1.542922e-02	1.438901e-02	
    0.588623	    0.795814	2.218549e-03	3.526009e-03	


    0.356225	    0.898500	1.451240e-03	4.274288e-03	
    0.356225	    0.898500	2.116064e-02	-2.650916e-03	
    0.356225	    0.898500	3.879868e-02	-9.316630e-03	
    0.356225	    0.898500	5.263884e-02	-1.507037e-02	
    0.356225	    0.898500	6.132635e-02	-1.934891e-02	
    0.356225	    0.898500	6.401080e-02	-2.173345e-02	
    0.356225	    0.898500	6.042943e-02	-2.199057e-02	
    0.356225	    0.898500	5.093281e-02	-2.009509e-02	
    0.356225	    0.898500	3.645053e-02	-1.623257e-02	
    0.356225	    0.898500	1.840021e-02	-1.078109e-02	
    0.356225	    0.898500	-1.451240e-03	-4.274288e-03	
    0.356225	    0.898500	-2.116064e-02	2.650916e-03	
    0.356225	    0.898500	-3.879868e-02	9.316630e-03	
    0.356225	    0.898500	-5.263884e-02	1.507037e-02	
    0.356225	    0.898500	-6.132635e-02	1.934891e-02	
    0.356225	    0.898500	-6.401080e-02	2.173345e-02	
    0.356225	    0.898500	-6.042943e-02	2.199057e-02	
    0.356225	    0.898500	-5.093281e-02	2.009509e-02	
    0.356225	    0.898500	-3.645053e-02	1.623257e-02	
    0.356225	    0.898500	-1.840021e-02	1.078109e-02	
    0.356225	    0.898500	1.451240e-03	4.274288e-03	


    0.356225	    0.898500	1.451240e-03	4.274288e-03	
    0.356225	    0.898500	2.116064e-02	-2.650916e-03	
    0.356225	    0.898500	3.879868e-02	-9.316630e-03	
    0.356225	    0.898500	5.263884e-02	-1.507037e-02	
    0.356225	    0.898500	6.132635e-02	-1.934891e-02	
    0.356225	    0.898500	6.401080e-02	-2.173345e-02	
    0.356225	    0.898500	6.042943e-02	-2.199057e-02	
    0.356225	    0.898500	5.093281e-02	-2.009509e-02	
    0.356225	    0.898500	3.645053e-02	-1.623257e-02	
    0.356225	    0.898500	1.840021e-02	-1.078109e-02	
    0.356225	    0.898500	-1.451240e-03	-4.274288e-03	
    0.356225	    0.898500	-2.116064e-02	2.650916e-03	
    0.356225	    0.898500	-3.879868e-02	9.316630e-03	
    0.356225	    0.898500	-5.263884e-02	1.507037e-02	
    0.356225	    0.898500	-6.132635e-02	1.934891e-02	
    0.356225	    0.898500	-6.401080e-02	2.173345e-02	
    0.356225	    0.898500	-6.042943e-02	2.199057e-02	
    0.356225	    0.898500	-5.093281e-02	2.009509e-02	
    0.356225	    0.898500	-3.645053e-02	1.623257e-02	
    0.356225	    0.898500	-1.840021e-02	1.078109e-02	
    0.356225	    0.898500	1.451240e-03	4.274288e-03	


    0.099977	    0.940423	4.374680e-04	5.141931e-03	
    0.099977	    0.940423	2.124097e-02	3.118514e-03	
    0.099977	    0.940423	3.996527e-02	7.898341e-04	
    0.099977	    0.940423	5.477748e-02	-1.616160e-03	
    0.099977	    0.940423	6.422769e-02	-3.863953e-03	
    0.099977	    0.940423	6.739085e-02	-5.733515e-03	
    0.099977	    0.940423	6.395732e-02	-7.041841e-03	
    0.099977	    0.940423	5.426321e-02	-7.660862e-03	
    0.099977	    0.940423	3.925743e-02	-7.529985e-03	
    0.099977	    0.940423	2.040886e-02	-6.662021e-03	
    0.099977	    0.940423	-4.374680e-04	-5.141931e-03	
    0.099977	    0.940423	-2.124097e-02	-3.118514e-03	
    0.099977	    0.940423	-3.996527e-02	-7.898341e-04	
    0.099977	    0.940423	-5.477748e-02	1.616160e-03	
    0.099977	    0.940423	-6.422769e-02	3.863953e-03	
    0.099977	    0.940423	-6.739085e-02	5.733515e-03	
    0.099977	    0.940423	-6.395732e-02	7.041841e-03	
    0.099977	    0.940423	-5.426321e-02	7.660862e-03	
    0.099977	    0.940423	-3.925743e-02	7.529985e-03	
    0.099977	    0.940423	-2.040886e-02	6.662021e-03	
    0.099977	    0.940423	4.374680e-04	5.141931e-03	


    0.099977	    0.940423	4.374680e-04	5.141931e-03	
    0.099977	    0.940423	2.124097e-02	3.118514e-03	
    0.099977	    0.940423	3.996527e-02	7.898341e-04	
    0.099977	    0.940423	5.477748e-02	-1.616160e-03	
    0.099977	    0.940423	6.422769e-02	-3.863953e-03	
    0.099977	    0.940423	6.739085e-02	-5.733515e-03	
    0.099977	    0.940423	6.395732e-02	-7.041841e-03	
    0.099977	    0.940423	5.426321e-02	-7.660862e-03	
    0.099977	    0.940423	3.925743e-02	-7.529985e-03	
    0.099977	    0.940423	2.040886e-02	-6.662021e-03	
    0.099977	    0.940423	-4.374680e-04	-5.141931e-03	
    0.099977	    0.940423	-2.124097e-02	-3.118514e-03	
    0.099977	    0.940423	-3.996527e-02	-7.898341e-04	
    0.099977	    0.940423	-5.477748e-02	1.616160e-03	
    0.099977	    0.940423	-6.422769e-02	3.863953e-03	
    0.099977	    0.940423	-6.739085e-02	5.733515e-03	
    0.099977	    0.940423	-6.395732e-02	7.041841e-03	
    0.099977	    0.940423	-5.426321e-02	7.660862e-03	
    0.099977	    0.940423	-3.925743e-02	7.529985e-03	
    0.099977	    0.940423	-2.040886e-02	6.662021e-03	
    0.099977	    0.940423	4.374680e-04	5.141931e-03	


