 0  1.00000e-05 1.00000e-05 1.00000e-05 1.00000e-06 1.00000e-06 1.00000e-06
 0  1.00000e-05 1.00000e-05 1.00000e-05 1.00000e-06 1.00000e-06 1.00000e-06

 1  9.54184e-06 1.12673e-05 9.45212e-06 1.59733e-06 3.67833e-06 1.56046e-06
 1  9.54184e-06 1.12673e-05 9.45212e-06 1.59733e-06 3.67833e-06 1.56046e-06

 2  8.13090e-06 1.59265e-05 7.92032e-06 2.90124e-06 1.30051e-05 3.16453e-06
 2  8.13090e-06 1.59265e-05 7.92032e-06 2.90124e-06 1.30051e-05 3.16453e-06

 3  6.13519e-06 2.60048e-05 5.76638e-06 5.50139e-06 2.99904e-05 5.45564e-06
 3  6.13519e-06 2.60048e-05 5.76638e-06 5.50139e-06 2.99904e-05 5.45564e-06

 4  4.56539e-06 4.42195e-05 3.53164e-06 1.50444e-05 5.07707e-05 7.84456e-06
 4  4.56539e-06 4.42195e-05 3.53164e-06 1.50444e-05 5.07707e-05 7.84456e-06

 5  6.02549e-06 7.25183e-05 1.79103e-06 4.36942e-05 6.45882e-05 9.70122e-06
 5  6.02549e-06 7.25183e-05 1.79103e-06 4.36942e-05 6.45882e-05 9.70122e-06

 6  1.67830e-05 1.09332e-04 9.95272e-07 1.03740e-04 5.97262e-05 1.05641e-05
 6  1.67830e-05 1.09332e-04 9.95272e-07 1.03740e-04 5.97262e-05 1.05641e-05

 7  4.84999e-05 1.47174e-04 1.35572e-06 1.95772e-04 3.50926e-05 1.02706e-05
 7  4.84999e-05 1.47174e-04 1.35572e-06 1.95772e-04 3.50926e-05 1.02706e-05

 8  1.17178e-04 1.73207e-04 2.80536e-06 3.01650e-04 7.54017e-06 8.96559e-06
 8  1.17178e-04 1.73207e-04 2.80536e-06 3.01650e-04 7.54017e-06 8.96559e-06

 9  2.38149e-04 1.74034e-04 5.03706e-06 3.89489e-04 7.35697e-06 7.01080e-06
 9  2.38149e-04 1.74034e-04 5.03706e-06 3.89489e-04 7.35697e-06 7.01080e-06

10  4.18611e-04 1.43163e-04 7.59438e-06 4.27636e-04 6.47659e-05 4.85574e-06
10  4.18611e-04 1.43163e-04 7.59438e-06 4.27636e-04 6.47659e-05 4.85574e-06

11  6.51015e-04 8.77726e-05 9.98133e-06 3.98968e-04 1.95972e-04 2.92262e-06
11  6.51015e-04 8.77726e-05 9.98133e-06 3.98968e-04 1.95972e-04 2.92262e-06

12  9.10347e-04 3.16255e-05 1.17624e-05 3.08648e-04 3.95572e-04 1.53181e-06
12  9.10347e-04 3.16255e-05 1.17624e-05 3.08648e-04 3.95572e-04 1.53181e-06

13  1.15670e-03 1.26821e-05 1.26354e-05 1.83751e-04 6.36931e-04 8.69519e-07
13  1.15670e-03 1.26821e-05 1.26354e-05 1.83751e-04 6.36931e-04 8.69519e-07

14  1.34269e-03 7.58444e-05 1.24718e-05 6.69480e-05 8.78428e-04 9.86772e-07
14  1.34269e-03 7.58444e-05 1.24718e-05 6.69480e-05 8.78428e-04 9.86772e-07

15  1.42397e-03 2.62489e-04 1.13241e-05 7.26959e-06 1.07259e-03 1.81635e-06
15  1.42397e-03 2.62489e-04 1.13241e-05 7.26959e-06 1.07259e-03 1.81635e-06

16  1.37080e-03 5.98964e-04 9.40734e-06 5.01826e-05 1.17589e-03 3.19763e-06
16  1.37080e-03 5.98964e-04 9.40734e-06 5.01826e-05 1.17589e-03 3.19763e-06

17  1.17835e-03 1.08626e-03 7.06004e-06 2.28114e-04 1.15817e-03 4.90347e-06
17  1.17835e-03 1.08626e-03 7.06004e-06 2.28114e-04 1.15817e-03 4.90347e-06

18  8.73737e-04 1.69291e-03 4.69059e-06 5.51915e-04 1.01094e-03 6.66711e-06
18  8.73737e-04 1.69291e-03 4.69059e-06 5.51915e-04 1.01094e-03 6.66711e-06

19  5.17924e-04 2.35304e-03 2.71531e-06 1.00397e-03 7.54594e-04 8.20947e-06
19  5.17924e-04 2.35304e-03 2.71531e-06 1.00397e-03 7.54594e-04 8.20947e-06

20  2.00748e-04 2.97130e-03 1.49355e-06 1.53472e-03 4.42412e-04 9.26878e-06
20  2.00748e-04 2.97130e-03 1.49355e-06 1.53472e-03 4.42412e-04 9.26878e-06

21  2.82730e-05 3.43532e-03 1.26590e-06 2.06433e-03 1.59395e-04 9.63380e-06
21  2.82730e-05 3.43532e-03 1.26590e-06 2.06433e-03 1.59395e-04 9.63380e-06

22  1.02532e-04 3.63511e-03 2.10253e-06 2.48309e-03 1.81314e-05 9.17799e-06
22  1.02532e-04 3.63511e-03 2.10253e-06 2.48309e-03 1.81314e-05 9.17799e-06

23  4.94361e-04 3.49178e-03 3.86998e-06 2.67087e-03 1.40482e-04 7.90602e-06
23  4.94361e-04 3.49178e-03 3.86998e-06 2.67087e-03 1.40482e-04 7.90602e-06

24  1.21307e-03 2.99003e-03 6.22714e-06 2.53554e-03 6.15812e-04 5.99617e-06
24  1.21307e-03 2.99003e-03 6.22714e-06 2.53554e-03 6.15812e-04 5.99617e-06

25  2.18148e-03 2.20052e-03 8.66158e-06 2.04897e-03 1.46615e-03 3.82543e-06
25  2.18148e-03 2.20052e-03 8.66158e-06 2.04897e-03 1.46615e-03 3.82543e-06

26  3.22639e-03 1.28777e-03 1.05758e-05 1.29660e-03 2.58811e-03 1.96135e-06
26  3.22639e-03 1.28777e-03 1.05758e-05 1.29660e-03 2.58811e-03 1.96135e-06

27  4.09949e-03 4.90612e-04 1.14258e-05 5.17304e-04 3.71303e-03 1.06627e-06
27  4.09949e-03 4.90612e-04 1.14258e-05 5.17304e-04 3.71303e-03 1.06627e-06

28  4.54172e-03 5.93127e-05 1.08913e-05 6.46915e-05 4.44559e-03 1.68242e-06
28  4.54172e-03 5.93127e-05 1.08913e-05 6.46915e-05 4.44559e-03 1.68242e-06

  4.57614e-03 2.66342e-05 9.14843e-06
  4.01693e-05 4.47025e-03 1.53861e-06

 0      0.0000122494	      0.0000000000	      0.0000122494	
 1      0.0000106552	      0.0000000000	      0.0000106552	
 2      0.0000087018	      0.0000000000	      0.0000087018	
 3      0.0000065166	      0.0000000000	      0.0000065166	
 4      0.0000062328	      0.0000000000	      0.0000062328	
 5      0.0000072119	      0.0000000000	      0.0000072119	
 6      0.0000132027	      0.0000000000	      0.0000132027	
 7      0.0000327223	      0.0000000000	      0.0000327223	
 8      0.0001027779	      0.0000000000	      0.0001027779	
 9      0.0001357405	      0.0000000000	      0.0001357405	
10      0.0001264107	      0.0000000000	      0.0001264107	
11      0.0001558673	      0.0000000000	      0.0001558673	
12      0.0000349885	      0.0000000000	      0.0000349885	
13      0.0000329458	      0.0000000000	      0.0000329458	
14      0.0000326273	      0.0000000000	      0.0000326273	
15      0.0000614708	      0.0000000000	      0.0000614708	
16      0.0001089050	      0.0000000000	      0.0001089050	
17      0.0001550862	      0.0000000000	      0.0001550862	
18      0.0017540581	      0.0000000000	      0.0017540581	
19      0.0034612279	      0.0000000000	      0.0034612279	
20      0.0034953208	      0.0000000000	      0.0034953208	
21      0.0034983549	      0.0000000000	      0.0034983549	
22      0.0034985222	      0.0000000000	      0.0034985222	
23      0.0034982015	      0.0000000000	      0.0034982015	
24      0.0000871874	      0.0000000000	      0.0000871874	
25      0.0000163594	      0.0000000000	      0.0000163594	
26      0.0003219643	      0.0000000000	      0.0003219643	
27      0.0001021617	      0.0000000000	      0.0001021617	
28      0.0008003882	      0.0000000000	      0.0008003882	

FLeg = 0.0215780591
