0	  3.39802e-10 3.08020e-10 1.48502e-11 1.05856e-10 1.12681e-10 2.78748e-12
 0	  3.39802e-10 3.08020e-10 1.48502e-11 1.05856e-10 1.12681e-10 2.78748e-12

 1	  4.05991e-10 2.62772e-10 1.67920e-11 2.41302e-11 3.93929e-12 1.13231e-13
 1	  4.05991e-10 2.62772e-10 1.67920e-11 2.50117e-11 3.94817e-12 3.61222e-13

 2	  3.99645e-10 2.70307e-10 1.64730e-11 3.35889e-11 4.35838e-12 8.07510e-13
 2	  3.99645e-10 2.70307e-10 1.64730e-11 2.28379e-11 1.27641e-11 2.12654e-13

 3	  3.20724e-10 2.89315e-10 1.43597e-11 1.43749e-10 1.49124e-13 3.06986e-12
 3	  3.20724e-10 2.89315e-10 1.43597e-11 1.38250e-10 5.13513e-13 2.47661e-12

 4	  2.10637e-10 2.68063e-10 1.06474e-11 2.25637e-10 3.77026e-11 7.10670e-12
 4	  2.10637e-10 2.68063e-10 1.06474e-11 2.17462e-10 3.08965e-11 6.85493e-12

 5	  1.20474e-10 1.99405e-10 6.37339e-12 1.75167e-10 1.56325e-10 1.15521e-11
 5	  1.20474e-10 1.99405e-10 6.37339e-12 1.73632e-10 1.52408e-10 1.21751e-11

 6	  6.83908e-11 1.09712e-10 2.58628e-12 7.15653e-11 2.79746e-10 1.57013e-11
 6	  6.83908e-11 1.09712e-10 2.58628e-12 9.15137e-11 2.91337e-10 1.91832e-11

 7	  4.32371e-11 3.72244e-11 3.15465e-13 1.86696e-11 3.24631e-10 2.06971e-11
 7	  4.32371e-11 3.72244e-11 3.15465e-13 1.90168e-11 3.05592e-10 2.00988e-11

 8	  3.59404e-11 4.06375e-12 5.30461e-13 6.44332e-13 2.55192e-10 1.91973e-11
 8	  3.59404e-11 4.06375e-12 5.30461e-13 7.43684e-13 2.55893e-10 1.91121e-11

 9	  3.56339e-11 3.45457e-12 2.94566e-12 4.10321e-14 1.91751e-10 1.64174e-11
 9	  3.56339e-11 3.45457e-12 2.94566e-12 1.10959e-13 1.91964e-10 1.68729e-11

10	  3.53593e-11 2.52990e-11 7.03901e-12 6.60806e-13 1.62835e-10 1.29554e-11
10	  3.53593e-11 2.52990e-11 7.03901e-12 6.31636e-13 1.64976e-10 1.29812e-11

  6.76533e-11 4.03627e-14 3.65255e-15
  1.78430e-10 1.60376e-14 1.42681e-13

 0	      0.0000000000	      0.0000000000	      0.0000000000	
1	      0.0000095366	      0.0000003200	      0.0000104259	
2	      0.0000045867	      0.0000017994	      0.0000095876	
3	      0.0000030241	      0.0000004926	      0.0000043931	
4	      0.0014046180	      0.0000006452	      0.0014064111	
5	      0.0000059578	      0.0000002078	      0.0000065354	
6	      0.0000080984	      0.0000012604	      0.0000116013	
7	      0.0000066483	      0.0000006476	      0.0000084481	
8	      0.0000079060	      0.0000000708	      0.0000081027	
9	      0.0000086037	      0.0000001405	      0.0000089941	
10	      0.0000099330	      0.0000001636	      0.0000103876	

FLeg = 0.0014848868

F = 0.0538798466
