
    0.000000    0.292664    0.956215   -0.000059   -0.993372    0.251207    0.021357
    0.000000    0.292664    0.956215   -0.000059   -0.991762    0.250765    0.021823
    0.010062    0.282671    0.958690    0.000161   -0.994658    0.241124    0.021822
    0.020124    0.272648    0.961067    0.000380   -0.997459    0.231444    0.021820
    0.030185    0.262598    0.963347    0.000600   -1.000162    0.221726    0.021815
    0.040247    0.252522    0.965529    0.000819   -1.002767    0.211971    0.021808
    0.050309    0.242420    0.967613    0.001039   -1.005273    0.202179    0.021798
    0.060371    0.232292    0.969598    0.001258   -1.007681    0.192353    0.021786
    0.070433    0.222142    0.971484    0.001477   -1.009990    0.182493    0.021773
    0.080494    0.211968    0.973270    0.001696   -1.012198    0.172601    0.021756
    0.090556    0.201773    0.974957    0.001915   -1.014306    0.162676    0.021738
    0.100618    0.191557    0.976544    0.002134   -1.016312    0.152721    0.021717
    0.110680    0.181322    0.978030    0.002352   -1.018217    0.142737    0.021694
    0.120741    0.171067    0.979416    0.002570   -1.020019    0.132724    0.021669
    0.130803    0.160795    0.980701    0.002788   -1.021719    0.122684    0.021642
    0.140865    0.150507    0.981885    0.003006   -1.023316    0.112617    0.021612
    0.150927    0.140203    0.982967    0.003223   -1.024809    0.102526    0.021580
    0.160989    0.129885    0.983948    0.003440   -1.026198    0.092411    0.021546
    0.171050    0.119553    0.984827    0.003657   -1.027482    0.082273    0.021509
    0.181112    0.109208    0.985603    0.003873   -1.028662    0.072114    0.021471
    0.191174    0.098853    0.986278    0.004089   -1.029736    0.061934    0.021429
    0.201236    0.088487    0.986850    0.004304   -1.030704    0.051735    0.021386
    0.211298    0.078111    0.987319    0.004519   -1.031566    0.041518    0.021340
    0.221359    0.067728    0.987685    0.004734   -1.032322    0.031284    0.021292
    0.231421    0.057338    0.987948    0.004947   -1.032971    0.021035    0.021242
    0.241483    0.046941    0.988108    0.005161   -1.033512    0.010772    0.021190
    0.251545    0.036540    0.988165    0.005374   -1.033947    0.000495    0.021135
    0.261606    0.026135    0.988118    0.005586   -1.034273   -0.009793    0.021078
    0.271668    0.015727    0.987968    0.005798   -1.034491   -0.020092    0.021019
    0.281730    0.005318    0.987714    0.006009   -1.034601   -0.030401    0.020957
    0.291792   -0.005092    0.987356    0.006220   -1.034602   -0.040717    0.020893
    0.301854   -0.015502    0.986894    0.006430   -1.034494   -0.051040    0.020827
    0.311915   -0.025910    0.986329    0.006639   -1.034277   -0.061369    0.020758
    0.321977   -0.036315    0.985659    0.006847   -1.033951   -0.071702    0.020688
    0.332039   -0.046716    0.984886    0.007055   -1.033516   -0.082039    0.020615
    0.342101   -0.057112    0.984008    0.007262   -1.032971   -0.092377    0.020540
    0.352163   -0.067503    0.983027    0.007469   -1.032316   -0.102715    0.020462
    0.362224   -0.077886    0.981941    0.007674   -1.031551   -0.113052    0.020383
    0.372286   -0.088261    0.980752    0.007879   -1.030676   -0.123388    0.020301
    0.382348   -0.098626    0.979458    0.008083   -1.029691   -0.133720    0.020217
    0.392410   -0.108981    0.978061    0.008285   -1.028596   -0.144047    0.020130
    0.402471   -0.119325    0.976560    0.008488   -1.027390   -0.154368    0.020042
    0.412533   -0.129656    0.974955    0.008689   -1.026074   -0.164681    0.019951
    0.422595   -0.139973    0.973246    0.008889   -1.024648   -0.174986    0.019858
    0.432657   -0.150275    0.971433    0.009088   -1.023112   -0.185281    0.019763
    0.442719   -0.160561    0.969517    0.009287   -1.021465   -0.195564    0.019665
    0.452780   -0.170830    0.967498    0.009484   -1.019707   -0.205835    0.019566
    0.462842   -0.181081    0.965375    0.009680   -1.017840   -0.216092    0.019464
    0.472904   -0.191312    0.963149    0.009876   -1.015862   -0.226333    0.019360
    0.482966   -0.201523    0.960821    0.010070   -1.013775   -0.236558    0.019254
    0.493028   -0.211713    0.958389    0.010263   -1.011577   -0.246765    0.019146
    0.503089   -0.221880    0.955855    0.010455   -1.009270   -0.256952    0.019036
    0.513151   -0.232023    0.953218    0.010646   -1.006852   -0.267118    0.018924
    0.523213   -0.242141    0.950480    0.010836   -1.004326   -0.277263    0.018809
    0.533275   -0.252233    0.947639    0.011025   -1.001689   -0.287384    0.018693
    0.543336   -0.262298    0.944697    0.011212   -0.998944   -0.297481    0.018574
    0.553398   -0.272335    0.941653    0.011399   -0.996090   -0.307552    0.018453
    0.563460   -0.282342    0.938508    0.011584   -0.993127   -0.317595    0.018330
    0.573522   -0.292320    0.935262    0.011767   -0.990056   -0.327610    0.018206
    0.583584   -0.302265    0.931915    0.011950   -0.986876   -0.337594    0.018079
    0.593645   -0.312179    0.928468    0.012131   -0.983589   -0.347548    0.017950
    0.603707   -0.322058    0.924921    0.012311   -0.980194   -0.357469    0.017819
    0.613769   -0.331903    0.921275    0.012490   -0.976692   -0.367355    0.017686
    0.623831   -0.341713    0.917529    0.012667   -0.973083   -0.377207    0.017551
    0.633893   -0.351485    0.913684    0.012843   -0.969367   -0.387022    0.017415
    0.643954   -0.361219    0.909741    0.013018   -0.965546   -0.396799    0.017276
    0.654016   -0.370915    0.905699    0.013191   -0.961618   -0.406537    0.017135
    0.664078   -0.380570    0.901560    0.013362   -0.957586   -0.416235    0.016993
    0.674140   -0.390185    0.897323    0.013533   -0.953449   -0.425891    0.016849
    0.684201   -0.399757    0.892990    0.013701   -0.949207   -0.435504    0.016702
    0.694263   -0.409286    0.888559    0.013869   -0.944862   -0.445073    0.016554
    0.704325   -0.418770    0.884033    0.014035   -0.940413   -0.454596    0.016404
    0.714387   -0.428210    0.879411    0.014199   -0.935862   -0.464072    0.016253
    0.724449   -0.437603    0.874695    0.014362   -0.931208   -0.473500    0.016099
    0.734510   -0.446949    0.869883    0.014523   -0.926453   -0.482879    0.015944
    0.744572   -0.456246    0.864978    0.014682   -0.921596   -0.492208    0.015787
    0.754634   -0.465494    0.859978    0.014841   -0.916639   -0.501484    0.015628
    0.764696   -0.474692    0.854886    0.014997   -0.911582   -0.510708    0.015468
    0.774758   -0.483838    0.849701    0.015152   -0.906426   -0.519878    0.015305
    0.784819   -0.492932    0.844424    0.015305   -0.901171   -0.528991    0.015142
    0.794881   -0.501972    0.839056    0.015456   -0.895818   -0.538049    0.014976
    0.804943   -0.510959    0.833597    0.015606   -0.890368   -0.547048    0.014809
    0.815005   -0.519890    0.828048    0.015754   -0.884822   -0.555989    0.014640
    0.825066   -0.528764    0.822409    0.015901   -0.879180   -0.564869    0.014470
    0.835128   -0.537581    0.816681    0.016046   -0.873442   -0.573688    0.014298
    0.845190   -0.546341    0.810864    0.016189   -0.867610   -0.582445    0.014125
    0.855252   -0.555041    0.804960    0.016330   -0.861685   -0.591138    0.013950
    0.865314   -0.563680    0.798969    0.016469   -0.855667   -0.599766    0.013773
    0.875375   -0.572259    0.792891    0.016607   -0.849557   -0.608329    0.013595
    0.885437   -0.580776    0.786727    0.016743   -0.843356   -0.616824    0.013416
    0.895499   -0.589230    0.780479    0.016877   -0.837064   -0.625252    0.013235
    0.905561   -0.597621    0.774145    0.017009   -0.830683   -0.633610    0.013053
    0.915623   -0.605946    0.767728    0.017140   -0.824213   -0.641898    0.012869
    0.925684   -0.614207    0.761228    0.017268   -0.817656   -0.650115    0.012684
    0.935746   -0.622400    0.754646    0.017395   -0.811011   -0.658260    0.012498
    0.945808   -0.630527    0.747982    0.017520   -0.804281   -0.666332    0.012311
    0.955870   -0.638585    0.741237    0.017643   -0.797466   -0.674329    0.012122
    0.965931   -0.646574    0.734412    0.017764   -0.790567   -0.682251    0.011932
    0.975993   -0.654494    0.727508    0.017883   -0.783584   -0.690097    0.011740
    0.986055   -0.662343    0.720525    0.018000   -0.776520   -0.697865    0.011548
    0.996117   -0.670120    0.713465    0.018115   -0.769374   -0.705555    0.011354
    1.733863   -0.670120    0.713465    0.018115   -0.769372   -0.705554    0.011348
    1.745331   -0.678896    0.705324    0.018244   -0.761130   -0.714223    0.011126
    1.756799   -0.687577    0.697084    0.018370   -0.752785   -0.722787    0.010903
    1.768267   -0.696161    0.688746    0.018494   -0.744338   -0.731246    0.010678
    1.779735   -0.704648    0.680312    0.018615   -0.735792   -0.739599    0.010451
    1.791203   -0.713037    0.671783    0.018734   -0.727148   -0.747843    0.010223
    1.802671   -0.721326    0.663160    0.018850   -0.718408   -0.755978    0.009994
    1.814139   -0.729514    0.654444    0.018963   -0.709572   -0.764002    0.009764
    1.825607   -0.737600    0.645637    0.019074   -0.700643   -0.771914    0.009533
    1.837075   -0.745584    0.636740    0.019182   -0.691622   -0.779714    0.009300
    1.848543   -0.753463    0.627754    0.019287   -0.682511   -0.787399    0.009066
    1.860011   -0.761238    0.618681    0.019390   -0.673312   -0.794969    0.008831
    1.871479   -0.768906    0.609521    0.019490   -0.664025   -0.802423    0.008595
    1.882947   -0.776467    0.600277    0.019587   -0.654654   -0.809760    0.008358
    1.894415   -0.783921    0.590949    0.019681   -0.645199   -0.816978    0.008120
    1.905883   -0.791265    0.581539    0.019773   -0.635662   -0.824077    0.007882
    1.917351   -0.798500    0.572048    0.019862   -0.626045   -0.831055    0.007642
    1.928819   -0.805624    0.562479    0.019948   -0.616350   -0.837912    0.007401
    1.940287   -0.812636    0.552831    0.020032   -0.606578   -0.844647    0.007160
    1.951755   -0.819536    0.543106    0.020112   -0.596732   -0.851258    0.006918
    1.963223   -0.826323    0.533307    0.020190   -0.586812   -0.857746    0.006675
    1.974691   -0.832995    0.523433    0.020266   -0.576821   -0.864109    0.006431
    1.986159   -0.839552    0.513488    0.020338   -0.566760   -0.870346    0.006187
    1.997627   -0.845994    0.503472    0.020407   -0.556632   -0.876457    0.005942
    2.009095   -0.852319    0.493386    0.020474   -0.546437   -0.882441    0.005697
    2.020563   -0.858527    0.483232    0.020538   -0.536179   -0.888297    0.005451
    2.032031   -0.864617    0.473012    0.020599   -0.525858   -0.894024    0.005204
    2.043499   -0.870588    0.462727    0.020657   -0.515477   -0.899622    0.004957
    2.054967   -0.876439    0.452379    0.020713   -0.505037   -0.905091    0.004710
    2.066435   -0.882171    0.441969    0.020765   -0.494540   -0.910429    0.004463
    2.077903   -0.887782    0.431498    0.020815   -0.483988   -0.915637    0.004215
    2.089371   -0.893272    0.420968    0.020862   -0.473383   -0.920712    0.003967
    2.100839   -0.898639    0.410381    0.020906   -0.462727   -0.925656    0.003718
    2.112307   -0.903885    0.399738    0.020947   -0.452021   -0.930468    0.003470
    2.123775   -0.909007    0.389040    0.020986   -0.441268   -0.935147    0.003221
    2.135243   -0.914005    0.378290    0.021021   -0.430468   -0.939693    0.002972
    2.146711   -0.918880    0.367488    0.021054   -0.419625   -0.944105    0.002723
    2.158179   -0.923630    0.356636    0.021084   -0.408739   -0.948383    0.002474
    2.169647   -0.928254    0.345736    0.021111   -0.397813   -0.952527    0.002225
    2.181115   -0.932754    0.334790    0.021135   -0.386849   -0.956536    0.001976
    2.192583   -0.937127    0.323798    0.021156   -0.375848   -0.960411    0.001728
    2.204051   -0.941374    0.312762    0.021174   -0.364813   -0.964150    0.001479
    2.215519   -0.945494    0.301684    0.021190   -0.353744   -0.967755    0.001230
    2.226987   -0.949487    0.290566    0.021203   -0.342644   -0.971224    0.000982
    2.238455   -0.953353    0.279409    0.021213   -0.331515   -0.974557    0.000734
    2.249923   -0.957091    0.268214    0.021220   -0.320359   -0.977755    0.000486
    2.261391   -0.960701    0.256984    0.021224   -0.309177   -0.980818    0.000239
    2.272859   -0.964182    0.245719    0.021225   -0.297971   -0.983744   -0.000008
    2.284327   -0.967535    0.234421    0.021223   -0.286743   -0.986535   -0.000255
    2.295795   -0.970759    0.223092    0.021219   -0.275495   -0.989190   -0.000501
    2.307263   -0.973854    0.211733    0.021212   -0.264229   -0.991709   -0.000747
    2.318731   -0.976819    0.200347    0.021202   -0.252946   -0.994093   -0.000993
    2.330199   -0.979655    0.188933    0.021189   -0.241648   -0.996341   -0.001237
    2.341667   -0.982362    0.177495    0.021174   -0.230337   -0.998453   -0.001482
    2.353135   -0.984938    0.166033    0.021155   -0.219015   -1.000430   -0.001725
    2.364603   -0.987385    0.154550    0.021134   -0.207683   -1.002272   -0.001968
    2.376071   -0.989702    0.143046    0.021110   -0.196344   -1.003979   -0.002210
    2.387540   -0.991888    0.131523    0.021083   -0.184998   -1.005551   -0.002452
    2.399008   -0.993945    0.119983    0.021054   -0.173648   -1.006989   -0.002693
    2.410476   -0.995871    0.108427    0.021022   -0.162296   -1.008292   -0.002933
    2.421944   -0.997667    0.096857    0.020987   -0.150942   -1.009461   -0.003172
    2.433412   -0.999333    0.085275    0.020949   -0.139590   -1.010496   -0.003411
    2.444880   -1.000869    0.073681    0.020908   -0.128240   -1.011398   -0.003648
    2.456348   -1.002274    0.062078    0.020865   -0.116894   -1.012167   -0.003885
    2.467816   -1.003550    0.050466    0.020819   -0.105554   -1.012803   -0.004120
    2.479284   -1.004695    0.038849    0.020771   -0.094221   -1.013308   -0.004355
    2.490752   -1.005711    0.027226    0.020719   -0.082897   -1.013680   -0.004589
    2.502220   -1.006597    0.015599    0.020665   -0.071585   -1.013920   -0.004821
    2.513688   -1.007353    0.003971    0.020609   -0.060284   -1.014030   -0.005053
    2.525156   -1.007979   -0.007658    0.020550   -0.048997   -1.014010   -0.005283
    2.536624   -1.008477   -0.019286    0.020488   -0.037726   -1.013859   -0.005513
    2.548092   -1.008845   -0.030911    0.020423   -0.026472   -1.013579   -0.005741
    2.559560   -1.009084   -0.042533    0.020356   -0.015237   -1.013170   -0.005968
    2.571028   -1.009194   -0.054149    0.020286   -0.004021   -1.012633   -0.006194
    2.582496   -1.009176   -0.065758    0.020214    0.007172   -1.011968   -0.006419
    2.593964   -1.009030   -0.077359    0.020139    0.018343   -1.011176   -0.006642
    2.605432   -1.008756   -0.088950    0.020062    0.029489   -1.010257   -0.006864
    2.616900   -1.008354   -0.100530    0.019982    0.040609   -1.009213   -0.007085
    2.628368   -1.007824   -0.112097    0.019899    0.051701   -1.008043   -0.007304
    2.639836   -1.007168   -0.123650    0.019814    0.062764   -1.006749   -0.007522
    2.651304   -1.006385   -0.135187    0.019727    0.073797   -1.005330   -0.007739
    2.662772   -1.005475   -0.146708    0.019637    0.084798   -1.003789   -0.007954
    2.674240   -1.004440   -0.158210    0.019544    0.095765   -1.002125   -0.008168
    2.685708   -1.003279   -0.169692    0.019449    0.106698   -1.000340   -0.008380
    2.697176   -1.001993   -0.181153    0.019352    0.117595   -0.998433   -0.008591
    2.708644   -1.000582   -0.192592    0.019252    0.128455   -0.996406   -0.008800
    2.720112   -0.999047   -0.204006    0.019150    0.139276   -0.994260   -0.009008
    2.731580   -0.997388   -0.215396    0.019046    0.150057   -0.991995   -0.009215
    2.743048   -0.995605   -0.226758    0.018939    0.160797   -0.989613   -0.009419
    2.754516   -0.993700   -0.238093    0.018830    0.171494   -0.987113   -0.009622
    2.765984   -0.991672   -0.249398    0.018718    0.182147   -0.984497   -0.009824
    2.777452   -0.989522   -0.260673    0.018604    0.192756   -0.981766   -0.010024
    2.788920   -0.987251   -0.271916    0.018488    0.203318   -0.978920   -0.010222
    2.800388   -0.984859   -0.283125    0.018370    0.213833   -0.975961   -0.010418
    2.811856   -0.982347   -0.294300    0.018249    0.224299   -0.972889   -0.010613
    2.823324   -0.979715   -0.305439    0.018126    0.234715   -0.969705   -0.010806
    2.834792   -0.976964   -0.316541    0.018001    0.245081   -0.966410   -0.010998
    2.846260   -0.974094   -0.327604    0.017874    0.255394   -0.963005   -0.011187
    2.857728   -0.971106   -0.338628    0.017745    0.265654   -0.959491   -0.011375
    2.869196   -0.968001   -0.349611    0.017613    0.275860   -0.955869   -0.011561
    3.467726   -0.968001   -0.349611    0.017613    0.275831   -0.955787   -0.011598
    3.496424   -0.959721   -0.376905    0.017274    0.301125   -0.946254   -0.012056
    3.525122   -0.950721   -0.403916    0.016921    0.326057   -0.936065   -0.012502
    3.553821   -0.941010   -0.430626    0.016556    0.350609   -0.925234   -0.012937
    3.582519   -0.930601   -0.457016    0.016179    0.374767   -0.913777   -0.013359
    3.611217   -0.919504   -0.483068    0.015790    0.398517   -0.901709   -0.013770
    3.639916   -0.907731   -0.508765    0.015389    0.421845   -0.889047   -0.014168
    3.668614   -0.895296   -0.534091    0.014977    0.444737   -0.875807   -0.014553
    3.697313   -0.882209   -0.559028    0.014554    0.467182   -0.862005   -0.014926
    3.726011   -0.868485   -0.583562    0.014120    0.489167   -0.847656   -0.015286
    3.754709   -0.854137   -0.607676    0.013676    0.510681   -0.832779   -0.015633
    3.783408   -0.839178   -0.631356    0.013223    0.531715   -0.817389   -0.015968
    3.812106   -0.823623   -0.654587    0.012760    0.552257   -0.801502   -0.016289
    3.840804   -0.807485   -0.677355    0.012288    0.572299   -0.785137   -0.016596
    3.869503   -0.790780   -0.699646    0.011808    0.591833   -0.768308   -0.016891
    3.898201   -0.773521   -0.721449    0.011319    0.610849   -0.751033   -0.017172
    3.926900   -0.755724   -0.742749    0.010822    0.629340   -0.733329   -0.017440
    3.955598   -0.737404   -0.763535    0.010318    0.647299   -0.715212   -0.017694
    3.984296   -0.718576   -0.783796    0.009807    0.664720   -0.696698   -0.017935
    4.012995   -0.699257   -0.803520    0.009289    0.681597   -0.677804   -0.018162
    4.041693   -0.679460   -0.822696    0.008764    0.697924   -0.658547   -0.018376
    4.070391   -0.659203   -0.841315    0.008234    0.713696   -0.638942   -0.018576
    4.099090   -0.638502   -0.859367    0.007698    0.728908   -0.619006   -0.018763
    4.127788   -0.617372   -0.876841    0.007157    0.743557   -0.598755   -0.018936
    4.156487   -0.595829   -0.893730    0.006611    0.757639   -0.578205   -0.019096
    4.185185   -0.573891   -0.910026    0.006061    0.771150   -0.557371   -0.019242
    4.213883   -0.551574   -0.925719    0.005507    0.784087   -0.536269   -0.019375
    4.242582   -0.528893   -0.940803    0.004949    0.796449   -0.514914   -0.019495
    4.271280   -0.505865   -0.955271    0.004388    0.808232   -0.493323   -0.019601
    4.299978   -0.482508   -0.969116    0.003824    0.819436   -0.471509   -0.019694
    4.328677   -0.458838   -0.982332    0.003258    0.830059   -0.449489   -0.019774
    4.357375   -0.434871   -0.994914    0.002690    0.840099   -0.427276   -0.019841
    4.386074   -0.410625   -1.006855    0.002119    0.849557   -0.404885   -0.019895
    4.414772   -0.386115   -1.018151    0.001548    0.858431   -0.382331   -0.019936
    4.443470   -0.361359   -1.028798    0.000975    0.866721   -0.359628   -0.019964
    4.472169   -0.336374   -1.038791    0.000402    0.874428   -0.336791   -0.019979
    4.500867   -0.311175   -1.048127   -0.000171    0.881552   -0.313832   -0.019981
    4.529565   -0.285781   -1.056803   -0.000745    0.888094   -0.290766   -0.019971
    4.558264   -0.260207   -1.064816   -0.001318    0.894054   -0.267607   -0.019949
    4.586962   -0.234471   -1.072162   -0.001890    0.899434   -0.244367   -0.019914
    4.615661   -0.208588   -1.078841   -0.002460    0.904235   -0.221060   -0.019867
    4.644359   -0.182576   -1.084850   -0.003030    0.908458   -0.197699   -0.019808
    4.673057   -0.156451   -1.090188   -0.003597    0.912106   -0.174296   -0.019736
    4.701756   -0.130230   -1.094854   -0.004162    0.915181   -0.150865   -0.019653
    4.730454   -0.103928   -1.098847   -0.004725    0.917684   -0.127418   -0.019558
    4.759152   -0.077563   -1.102167   -0.005285    0.919618   -0.103966   -0.019452
    4.787851   -0.051151   -1.104814   -0.005841    0.920985   -0.080523   -0.019333
    4.816549   -0.024707   -1.106789   -0.006394    0.921788   -0.057100   -0.019204
    4.845248    0.001752   -1.108092   -0.006944    0.922031   -0.033709   -0.019063
    4.873946    0.028209   -1.108724   -0.007489    0.921716   -0.010362   -0.018911
    4.902644    0.054650   -1.108687   -0.008029    0.920845    0.012930   -0.018748
    4.931343    0.081058   -1.107983   -0.008564    0.919424    0.036156   -0.018574
    4.960041    0.107417   -1.106613   -0.009095    0.917454    0.059304   -0.018389
    4.988739    0.133711   -1.104580   -0.009620    0.914939    0.082363   -0.018194
    5.017438    0.159926   -1.101886   -0.010139    0.911884    0.105322   -0.017989
    5.046136    0.186045   -1.098535   -0.010652    0.908291    0.128171   -0.017773
    5.074835    0.212054   -1.094531   -0.011159    0.904166    0.150899   -0.017547
    5.103533    0.237936   -1.089876   -0.011659    0.899511    0.173496   -0.017311
    5.132231    0.263678   -1.084574   -0.012153    0.894331    0.195950   -0.017065
    5.160930    0.289263   -1.078630   -0.012639    0.888631    0.218251   -0.016809
    5.189628    0.314677   -1.072049   -0.013117    0.882414    0.240391   -0.016544
    5.218326    0.339906   -1.064834   -0.013588    0.875685    0.262357   -0.016270
    5.247025    0.364934   -1.056992   -0.014051    0.868449    0.284141   -0.015986
    5.275723    0.389747   -1.048527   -0.014506    0.860710    0.305733   -0.015693
    5.304422    0.414331   -1.039446   -0.014952    0.852473    0.327122   -0.015391
    5.333120    0.438672   -1.029754   -0.015389    0.843743    0.348300   -0.015081
    5.361818    0.462755   -1.019457   -0.015817    0.834524    0.369256   -0.014762
    5.390517    0.486566   -1.008562   -0.016236    0.824823    0.389981   -0.014434
    5.419215    0.510092   -0.997075   -0.016646    0.814643    0.410466   -0.014098
    5.447913    0.533319   -0.985005   -0.017045    0.803991    0.430701   -0.013754
    5.476612    0.556234   -0.972357   -0.017435    0.792871    0.450677   -0.013402
    5.505310    0.578823   -0.959140   -0.017814    0.781290    0.470386   -0.013043
    5.534009    0.601073   -0.945361   -0.018183    0.769251    0.489817   -0.012675
    5.562707    0.622971   -0.931029   -0.018542    0.756763    0.508961   -0.012301
    5.591405    0.644505   -0.916151   -0.018889    0.743828    0.527811   -0.011919
    5.620104    0.665661   -0.900737   -0.019226    0.730455    0.546357   -0.011530
    5.648802    0.686426   -0.884795   -0.019551    0.716649    0.564589   -0.011134
    5.677500    0.706790   -0.868334   -0.019865    0.702415    0.582500   -0.010731
    5.706199    0.726739   -0.851365   -0.020167    0.687760    0.600080   -0.010322
    5.734897    0.746261   -0.833895   -0.020457    0.672691    0.617321   -0.009906
    5.763596    0.765345   -0.815936   -0.020735    0.657213    0.634214   -0.009484
    5.792294    0.783979   -0.797497   -0.021002    0.641333    0.650751   -0.009057
    5.820992    0.802152   -0.778588   -0.021255    0.625058    0.666923   -0.008623
    5.849691    0.819852   -0.759221   -0.021496    0.608395    0.682721   -0.008184
    5.878389    0.837068   -0.739406   -0.021725    0.591350    0.698137   -0.007739
    5.907087    0.853790   -0.719154   -0.021941    0.573931    0.713163   -0.007289
    5.935786    0.870006   -0.698476   -0.022143    0.556145    0.727790   -0.006834
    5.964484    0.885707   -0.677385   -0.022333    0.537999    0.742010   -0.006375
    5.993183    0.900882   -0.655891   -0.022509    0.519501    0.755814   -0.005911
    6.021881    0.915521   -0.634008   -0.022672    0.500658    0.769196   -0.005442
    6.050579    0.929615   -0.611746   -0.022821    0.481478    0.782145   -0.004969
    6.079278    0.943154   -0.589119   -0.022957    0.461969    0.794654   -0.004492
    6.107976    0.956128   -0.566140   -0.023079    0.442139    0.806716   -0.004011
    6.136674    0.968528   -0.542821   -0.023187    0.421997    0.818321   -0.003527
    6.165373    0.980346   -0.519175   -0.023282    0.401551    0.829463   -0.003040
    6.194071    0.991573   -0.495217   -0.023362    0.380810    0.840132   -0.002549
    6.222770    1.002200   -0.470959   -0.023428    0.359782    0.850322   -0.002056
    6.251468    1.012221   -0.446416   -0.023480    0.338478    0.860024   -0.001560
    6.280166    1.021625   -0.421601   -0.023517    0.316905    0.869231   -0.001061
    6.308865    1.030407   -0.396530   -0.023541    0.295074    0.877935   -0.000560
    5.201588    1.030407   -0.396530   -0.023541    0.289291    0.860844    0.004275
    5.221143    1.035918   -0.379641   -0.023454    0.274274    0.866485    0.004616
    5.240697    1.041133   -0.362644   -0.023360    0.259146    0.871891    0.004957
    5.260251    1.046052   -0.345544   -0.023260    0.243910    0.877061    0.005298
    5.279805    1.050671   -0.328346   -0.023153    0.228569    0.881991    0.005637
    5.299359    1.054990   -0.311053   -0.023039    0.213126    0.886681    0.005976
    5.318913    1.059006   -0.293671   -0.022919    0.197583    0.891127    0.006314
    5.338467    1.062717   -0.276204   -0.022792    0.181943    0.895328    0.006651
    5.358022    1.066121   -0.258657   -0.022659    0.166210    0.899280    0.006987
    5.377576    1.069216   -0.241036   -0.022519    0.150386    0.902983    0.007322
    5.397130    1.072001   -0.223345   -0.022373    0.134474    0.906434    0.007655
    5.416684    1.074475   -0.205589   -0.022220    0.118477    0.909631    0.007988
    5.436238    1.076634   -0.187772   -0.022060    0.102398    0.912571    0.008319
    5.455792    1.078479   -0.169901   -0.021895    0.086241    0.915252    0.008648
    5.475347    1.080007   -0.151980   -0.021722    0.070009    0.917673    0.008976
    5.494901    1.081216   -0.134014   -0.021544    0.053705    0.919830    0.009303
    5.514455    1.082106   -0.116009   -0.021358    0.037332    0.921723    0.009627
    5.534009    1.082676   -0.097969   -0.021167    0.020894    0.923347    0.009950
    5.553563    1.082923   -0.079900   -0.020969    0.004394    0.924703    0.010271
    5.573117    1.082847   -0.061807   -0.020765   -0.012164    0.925786    0.010590
    5.592672    1.082447   -0.043696   -0.020555   -0.028777    0.926595    0.010907
    5.612226    1.081722   -0.025571   -0.020339   -0.045441    0.927129    0.011222
    5.631780    1.080670   -0.007439   -0.020116   -0.062153    0.927384    0.011535
    5.651334    1.079291    0.010695   -0.019888   -0.078908    0.927358    0.011845
    5.670888    1.077583    0.028826   -0.019653   -0.095703    0.927050    0.012153
    5.690442    1.075548    0.046949   -0.019412   -0.112533    0.926458    0.012458
    5.709997    1.073182    0.065057   -0.019166   -0.129396    0.925579    0.012761
    5.729551    1.070487    0.083145   -0.018913   -0.146286    0.924411    0.013061
    5.749105    1.067461    0.101207   -0.018655   -0.163200    0.922953    0.013358
    5.768659    1.064104    0.119238   -0.018391   -0.180133    0.921201    0.013653
    5.788213    1.060416    0.137232   -0.018121   -0.197081    0.919155    0.013944
    5.807767    1.056397    0.155183   -0.017846   -0.214040    0.916812    0.014232
    5.827322    1.052046    0.173085   -0.017565   -0.231005    0.914171    0.014517
    5.846876    1.047363    0.190932   -0.017278   -0.247972    0.911229    0.014799
    5.866430    1.042348    0.208719   -0.016986   -0.264935    0.907985    0.015077
    5.885984    1.037001    0.226440   -0.016688   -0.281891    0.904436    0.015351
    5.905538    1.031324    0.244088   -0.016386   -0.298834    0.900582    0.015622
    5.925092    1.025315    0.261658   -0.016077   -0.315759    0.896419    0.015889
    5.944647    1.018975    0.279144   -0.015764   -0.332662    0.891948    0.016153
    5.964201    1.012305    0.296539   -0.015446   -0.349538    0.887165    0.016412
    5.983755    1.005305    0.313837   -0.015122   -0.366380    0.882070    0.016667
    6.003309    0.997977    0.331033   -0.014794   -0.383184    0.876660    0.016918
    6.022863    0.990320    0.348120   -0.014461   -0.399944    0.870935    0.017165
    6.042417    0.982336    0.365092   -0.014123   -0.416655    0.864893    0.017407
    6.061972    0.974026    0.381942   -0.013780   -0.433311    0.858533    0.017644
    6.081526    0.965390    0.398666   -0.013433   -0.449907    0.851853    0.017877
    6.101080    0.956431    0.415255   -0.013081   -0.466436    0.844853    0.018105
    6.120634    0.947149    0.431704   -0.012725   -0.482893    0.837530    0.018328
    6.140188    0.937546    0.448007   -0.012364   -0.499271    0.829885    0.018546
    6.159742    0.927624    0.464157   -0.011999   -0.515565    0.821916    0.018759
    6.179297    0.917384    0.480149   -0.011631   -0.531769    0.813623    0.018967
    6.198851    0.906828    0.495975   -0.011258   -0.547875    0.805004    0.019169
    6.218405    0.895958    0.511629   -0.010881   -0.563878    0.796060    0.019365
    6.237959    0.884776    0.527105   -0.010500   -0.579771    0.786789    0.019556
    6.257513    0.873285    0.542397   -0.010116   -0.595547    0.777192    0.019741
    6.277067    0.861486    0.557498   -0.009728   -0.611200    0.767267    0.019920
    6.296622    0.849383    0.572401   -0.009337   -0.626722    0.757016    0.020093
    6.316176    0.836977    0.587101   -0.008943   -0.642107    0.746437    0.020260
    6.335730    0.824272    0.601591   -0.008545   -0.657348    0.735531    0.020420
    6.355284    0.811270    0.615865   -0.008144   -0.672437    0.724299    0.020574
    6.374838    0.797975    0.629915   -0.007740   -0.687368    0.712741    0.020722
    6.394392    0.784390    0.643737   -0.007334   -0.702132    0.700856    0.020862
    6.413946    0.770517    0.657322   -0.006924   -0.716723    0.688647    0.020996
    6.433501    0.756361    0.670666   -0.006513   -0.731133    0.676114    0.021123
    6.453055    0.741925    0.683762   -0.006098   -0.745354    0.663258    0.021243
    6.472609    0.727213    0.696603   -0.005682   -0.759379    0.650081    0.021355
    6.492163    0.712228    0.709183   -0.005263   -0.773200    0.636583    0.021460
    6.511717    0.696976    0.721497   -0.004843   -0.786808    0.622767    0.021558
    6.531271    0.681459    0.733537   -0.004420   -0.800197    0.608634    0.021648
    6.550826    0.665683    0.745297   -0.003996   -0.813357    0.594187    0.021730
    6.570380    0.649651    0.756772   -0.003570   -0.826282    0.579427    0.021804
    6.589934    0.633370    0.767956   -0.003143   -0.838962    0.564358    0.021871
    6.609488    0.616843    0.778841   -0.002715   -0.851390    0.548981    0.021929
    6.629042    0.600075    0.789423   -0.002286   -0.863558    0.533300    0.021979
    6.648596    0.583072    0.799696   -0.001856   -0.875456    0.517319    0.022021
    6.668151    0.565839    0.809653   -0.001425   -0.887078    0.501039    0.022054
    6.687705    0.548382    0.819289   -0.000993   -0.898414    0.484466    0.022078
    6.707259    0.530706    0.828598   -0.000561   -0.909456    0.467603    0.022094
    6.726813    0.512817    0.837574   -0.000129   -0.920196    0.450454    0.022101
    6.746367    0.494720    0.846212    0.000303   -0.930626    0.433024    0.022100
    6.765921    0.476423    0.854507    0.000735   -0.940736    0.415317    0.022089
    6.785476    0.457932    0.862453    0.001167   -0.950520    0.397339    0.022069
    6.805030    0.439252    0.870045    0.001598   -0.959968    0.379094    0.022040
    6.824584    0.420391    0.877277    0.002029   -0.969072    0.360589    0.022001
    6.844138    0.401356    0.884145    0.002458   -0.977823    0.341829    0.021953
    6.863692    0.382153    0.890644    0.002887   -0.986215    0.322820    0.021896
    6.883246    0.362789    0.896768    0.003315   -0.994238    0.303569    0.021829
    6.902801    0.343272    0.902514    0.003741   -1.001885    0.284082    0.021753
    6.922355    0.323610    0.907877    0.004165   -1.009147    0.264367    0.021667
    6.941909    0.303809    0.912852    0.004588   -1.016017    0.244431    0.021571
    6.961463    0.283877    0.917435    0.005009   -1.022486    0.224281    0.021465
    6.981017    0.263824    0.921622    0.005427   -1.028548    0.203926    0.021350
    7.000571    0.243655    0.925409    0.005844   -1.034195    0.183373    0.021224
    7.020126    0.223381    0.928792    0.006257   -1.039419    0.162632    0.021089
    7.039680    0.203008    0.931768    0.006668   -1.044213    0.141711    0.020944
    7.059234    0.182546    0.934333    0.007076   -1.048571    0.120620    0.020788
    7.078788    0.162003    0.936484    0.007481   -1.052485    0.099367    0.020623
    7.098342    0.141388    0.938218    0.007883   -1.055948    0.077963    0.020448
    7.117896    0.120710    0.939532    0.008281   -1.058955    0.056418    0.020262
    7.137451    0.099977    0.940424    0.008675   -1.061500    0.034742    0.020067
    6.935451    0.099977    0.940423    0.008675   -1.061499    0.034741    0.020065

    0.000000    0.099977    0.940423    0.008675   -1.061499    0.034741    0.020065
    0.000000    0.099977    0.940423    0.008675   -1.061499    0.034741    0.020065
    0.006913    0.092636    0.940637    0.008814   -1.062286    0.027049    0.019994
    0.013825    0.085290    0.940797    0.008952   -1.063015    0.019342    0.019921
    0.020738    0.077940    0.940904    0.009089   -1.063685    0.011621    0.019847
    0.027651    0.070585    0.940958    0.009226   -1.064295    0.003887    0.019772
    0.034564    0.063226    0.940958    0.009363   -1.064846   -0.003860    0.019695
    0.041476    0.055863    0.940905    0.009498   -1.065337   -0.011620    0.019617
    0.048389    0.048497    0.940797    0.009634   -1.065768   -0.019392    0.019538
    0.055302    0.041128    0.940636    0.009769   -1.066139   -0.027176    0.019458
    0.062214    0.033757    0.940422    0.009903   -1.066449   -0.034970    0.019377
    0.069127    0.026384    0.940153    0.010036   -1.066699   -0.042775    0.019294
    0.076040    0.019010    0.939830    0.010170   -1.066887   -0.050590    0.019210
    0.082953    0.011634    0.939453    0.010302   -1.067015   -0.058415    0.019125
    0.089865    0.004258    0.939023    0.010434   -1.067081   -0.066249    0.019038
    0.096778   -0.003118    0.938537    0.010565   -1.067086   -0.074091    0.018950
    0.103691   -0.010495    0.937998    0.010696   -1.067029   -0.081941    0.018862
    0.110603   -0.017870    0.937405    0.010826   -1.066910   -0.089798    0.018771
    0.117516   -0.025245    0.936757    0.010955   -1.066729   -0.097662    0.018680
    0.124429   -0.032618    0.936054    0.011084   -1.066486   -0.105533    0.018587
    0.131341   -0.039989    0.935298    0.011212   -1.066180   -0.113409    0.018493
    0.138254   -0.047358    0.934486    0.011340   -1.065812   -0.121290    0.018398
    0.145167   -0.054725    0.933621    0.011467   -1.065381   -0.129176    0.018302
    0.152080   -0.062088    0.932701    0.011593   -1.064888   -0.137067    0.018205
    0.158992   -0.069447    0.931726    0.011718   -1.064331   -0.144960    0.018106
    0.165905   -0.076802    0.930696    0.011843   -1.063711   -0.152857    0.018006
    0.172818   -0.084153    0.929612    0.011967   -1.063027   -0.160756    0.017905
    0.179730   -0.091499    0.928474    0.012091   -1.062280   -0.168656    0.017803
    0.186643   -0.098839    0.927281    0.012214   -1.061470   -0.176558    0.017699
    0.193556   -0.106174    0.926033    0.012336   -1.060596   -0.184461    0.017595
    0.200469   -0.113502    0.924730    0.012457   -1.059658   -0.192363    0.017489
    0.207381   -0.120824    0.923373    0.012577   -1.058656   -0.200265    0.017382
    0.214294   -0.128139    0.921962    0.012697   -1.057590   -0.208166    0.017273
    0.221207   -0.135446    0.920495    0.012816   -1.056460   -0.216066    0.017164
    0.228119   -0.142745    0.918974    0.012934   -1.055265   -0.223962    0.017053
    0.235032   -0.150035    0.917399    0.013052   -1.054007   -0.231857    0.016942
    0.241945   -0.157316    0.915769    0.013169   -1.052684   -0.239747    0.016829
    0.248858   -0.164589    0.914084    0.013285   -1.051296   -0.247633    0.016715
    0.255770   -0.171851    0.912345    0.013400   -1.049844   -0.255515    0.016600
    0.262683   -0.179103    0.910552    0.013514   -1.048328   -0.263392    0.016483
    0.269596   -0.186344    0.908704    0.013628   -1.046747   -0.271262    0.016366
    0.276508   -0.193575    0.906802    0.013740   -1.045101   -0.279126    0.016247
    0.283421   -0.200793    0.904845    0.013852   -1.043391   -0.286983    0.016128
    0.290334   -0.208000    0.902834    0.013963   -1.041616   -0.294832    0.016007
    0.297246   -0.215194    0.900769    0.014073   -1.039776   -0.302673    0.015885
    0.304159   -0.222375    0.898649    0.014183   -1.037872   -0.310505    0.015762
    0.311072   -0.229543    0.896476    0.014291   -1.035903   -0.318327    0.015638
    0.317985   -0.236697    0.894248    0.014399   -1.033869   -0.326139    0.015513
    0.324897   -0.243836    0.891967    0.014506   -1.031770   -0.333940    0.015387
    0.331810   -0.250961    0.889632    0.014612   -1.029607   -0.341729    0.015259
    0.338723   -0.258071    0.887242    0.014717   -1.027379   -0.349507    0.015131
    0.345635   -0.265165    0.884799    0.014821   -1.025086   -0.357272    0.015002
    0.352548   -0.272243    0.882303    0.014924   -1.022728   -0.365023    0.014871
    0.359461   -0.279304    0.879753    0.015027   -1.020307   -0.372761    0.014740
    0.366374   -0.286349    0.877149    0.015128   -1.017820   -0.380483    0.014607
    0.373286   -0.293376    0.874493    0.015229   -1.015269   -0.388191    0.014473
    0.380199   -0.300385    0.871783    0.015328   -1.012654   -0.395883    0.014339
    0.387112   -0.307376    0.869019    0.015427   -1.009974   -0.403558    0.014203
    0.394024   -0.314348    0.866203    0.015524   -1.007230   -0.411216    0.014067
    0.400937   -0.321301    0.863334    0.015621   -1.004422   -0.418857    0.013929
    0.407850   -0.328235    0.860412    0.015717   -1.001550   -0.426479    0.013790
    0.414763   -0.335148    0.857438    0.015812   -0.998614   -0.434082    0.013651
    0.421675   -0.342041    0.854411    0.015906   -0.995614   -0.441665    0.013510
    0.428588   -0.348913    0.851332    0.015999   -0.992550   -0.449228    0.013369
    0.435501   -0.355763    0.848200    0.016091   -0.989423   -0.456771    0.013227
    0.442413   -0.362592    0.845017    0.016182   -0.986233   -0.464291    0.013083
    0.449326   -0.369398    0.841781    0.016271   -0.982979   -0.471790    0.012939
    0.456239   -0.376182    0.838494    0.016360   -0.979661   -0.479265    0.012794
    0.463151   -0.382942    0.835155    0.016448   -0.976281   -0.486718    0.012648
    0.470064   -0.389679    0.831765    0.016535   -0.972838   -0.494146    0.012501
    0.476977   -0.396392    0.828324    0.016621   -0.969333   -0.501549    0.012353
    0.483890   -0.403080    0.824831    0.016706   -0.965764   -0.508928    0.012204
    0.490802   -0.409744    0.821288    0.016790   -0.962134   -0.516280    0.012054
    0.497715   -0.416382    0.817693    0.016873   -0.958441   -0.523606    0.011904
    0.504628   -0.422995    0.814049    0.016954   -0.954687   -0.530904    0.011753
    0.511540   -0.429581    0.810353    0.017035   -0.950871   -0.538175    0.011601
    0.518453   -0.436141    0.806608    0.017115   -0.946993   -0.545418    0.011448
    0.525366   -0.442673    0.802813    0.017193   -0.943054   -0.552631    0.011294
    0.532279   -0.449179    0.798968    0.017271   -0.939055   -0.559815    0.011139
    0.539191   -0.455656    0.795073    0.017347   -0.934994   -0.566968    0.010984
    0.546104   -0.462105    0.791129    0.017423   -0.930873   -0.574091    0.010828
    0.553017   -0.468526    0.787136    0.017497   -0.926692   -0.581182    0.010671
    0.559929   -0.474917    0.783094    0.017570   -0.922450   -0.588241    0.010513
    0.566842   -0.481279    0.779004    0.017643   -0.918149   -0.595267    0.010355
    0.573755   -0.487611    0.774865    0.017714   -0.913789   -0.602261    0.010196
    0.580668   -0.493912    0.770677    0.017783   -0.909369   -0.609220    0.010036
    0.587580   -0.500183    0.766442    0.017852   -0.904891   -0.616145    0.009875
    0.594493   -0.506422    0.762159    0.017920   -0.900354   -0.623034    0.009714
    0.601406   -0.512630    0.757828    0.017987   -0.895759   -0.629888    0.009552
    0.608318   -0.518807    0.753451    0.018052   -0.891105   -0.636706    0.009390
    0.615231   -0.524950    0.749026    0.018116   -0.886395   -0.643487    0.009226
    0.622144   -0.531061    0.744554    0.018180   -0.881627   -0.650231    0.009063
    0.629056   -0.537139    0.740036    0.018242   -0.876802   -0.656937    0.008898
    0.635969   -0.543183    0.735472    0.018303   -0.871920   -0.663604    0.008733
    0.642882   -0.549194    0.730862    0.018362   -0.866983   -0.670232    0.008567
    0.649795   -0.555169    0.726206    0.018421   -0.861989   -0.676820    0.008401
    0.656707   -0.561111    0.721504    0.018479   -0.856940   -0.683368    0.008234
    0.663620   -0.567017    0.716758    0.018535   -0.851836   -0.689876    0.008066
    0.670533   -0.572888    0.711967    0.018590   -0.846677   -0.696342    0.007898
    0.677445   -0.578722    0.707131    0.018644   -0.841464   -0.702766    0.007730
    0.684358   -0.584521    0.702251    0.018697   -0.836197   -0.709147    0.007561
    0.821642   -0.584521    0.702251    0.018697   -0.834243   -0.708583    0.009061
    0.828521   -0.590242    0.697354    0.018759   -0.828948   -0.714891    0.008892
    0.835401   -0.595927    0.692414    0.018819   -0.823600   -0.721157    0.008723
    0.842281   -0.601574    0.687432    0.018879   -0.818200   -0.727379    0.008553
    0.849160   -0.607184    0.682406    0.018937   -0.812748   -0.733557    0.008382
    0.856040   -0.612757    0.677339    0.018994   -0.807245   -0.739691    0.008211
    0.862919   -0.618291    0.672229    0.019050   -0.801691   -0.745780    0.008039
    0.869799   -0.623787    0.667077    0.019105   -0.796086   -0.751823    0.007867
    0.876679   -0.629245    0.661884    0.019158   -0.790432   -0.757821    0.007695
    0.883558   -0.634663    0.656650    0.019211   -0.784727   -0.763772    0.007521
    0.890438   -0.640042    0.651376    0.019262   -0.778974   -0.769676    0.007348
    0.897318   -0.645381    0.646060    0.019312   -0.773171   -0.775532    0.007174
    0.904197   -0.650680    0.640705    0.019360   -0.767321   -0.781341    0.006999
    0.911077   -0.655939    0.635310    0.019408   -0.761422   -0.787101    0.006824
    0.917957   -0.661157    0.629875    0.019454   -0.755476   -0.792813    0.006649
    0.924836   -0.666334    0.624401    0.019499   -0.749484   -0.798475    0.006473
    0.931716   -0.671469    0.618889    0.019543   -0.743445   -0.804087    0.006297
    0.938595   -0.676563    0.613338    0.019586   -0.737360   -0.809649    0.006120
    0.945475   -0.681614    0.607749    0.019628   -0.731229   -0.815161    0.005943
    0.952355   -0.686624    0.602122    0.019668   -0.725054   -0.820622    0.005766
    0.959234   -0.691590    0.596458    0.019707   -0.718834   -0.826031    0.005588
    0.966114   -0.696514    0.590756    0.019745   -0.712570   -0.831388    0.005410
    0.972994   -0.701395    0.585018    0.019781   -0.706263   -0.836693    0.005232
    0.979873   -0.706232    0.579244    0.019817   -0.699913   -0.841945    0.005053
    0.986753   -0.711025    0.573434    0.019851   -0.693520   -0.847144    0.004874
    0.993633   -0.715774    0.567588    0.019884   -0.687086   -0.852290    0.004695
    1.000512   -0.720479    0.561707    0.019915   -0.680610   -0.857382    0.004515
    1.007392   -0.725139    0.555791    0.019946   -0.674094   -0.862419    0.004336
    1.014272   -0.729754    0.549841    0.019975   -0.667537   -0.867402    0.004156
    1.021151   -0.734323    0.543857    0.020003   -0.660941   -0.872330    0.003976
    1.028031   -0.738848    0.537839    0.020030   -0.654305   -0.877202    0.003795
    1.034910   -0.743326    0.531787    0.020055   -0.647631   -0.882018    0.003615
    1.041790   -0.747759    0.525703    0.020080   -0.640919   -0.886779    0.003434
    1.048670   -0.752145    0.519586    0.020103   -0.634169   -0.891483    0.003253
    1.055549   -0.756484    0.513437    0.020124   -0.627382   -0.896130    0.003072
    1.062429   -0.760777    0.507256    0.020145   -0.620559   -0.900720    0.002891
    1.069309   -0.765022    0.501044    0.020164   -0.613700   -0.905253    0.002710
    1.076188   -0.769221    0.494800    0.020182   -0.606806   -0.909727    0.002529
    1.083068   -0.773372    0.488527    0.020199   -0.599877   -0.914144    0.002347
    1.089948   -0.777475    0.482223    0.020214   -0.592914   -0.918503    0.002166
    1.096827   -0.781530    0.475889    0.020229   -0.585918   -0.922802    0.001984
    1.103707   -0.785536    0.469526    0.020242   -0.578888   -0.927043    0.001803
    1.110586   -0.789495    0.463133    0.020254   -0.571827   -0.931225    0.001621
    1.117466   -0.793404    0.456713    0.020264   -0.564733   -0.935347    0.001440
    1.124346   -0.797265    0.450264    0.020273   -0.557609   -0.939409    0.001258
    1.131225   -0.801076    0.443787    0.020281   -0.550453   -0.943412    0.001077
    1.138105   -0.804839    0.437283    0.020288   -0.543268   -0.947354    0.000895
    1.144985   -0.808551    0.430753    0.020294   -0.536054   -0.951235    0.000714
    1.151864   -0.812214    0.424195    0.020298   -0.528811   -0.955056    0.000532
    1.158744   -0.815827    0.417612    0.020301   -0.521539   -0.958816    0.000351
    1.165624   -0.819390    0.411003    0.020303   -0.514240   -0.962514    0.000170
    1.172503   -0.822903    0.404368    0.020303   -0.506914   -0.966152   -0.000011
    1.179383   -0.826365    0.397709    0.020303   -0.499562   -0.969727   -0.000192
    1.186262   -0.829776    0.391026    0.020301   -0.492184   -0.973241   -0.000373
    1.193142   -0.833137    0.384318    0.020297   -0.484781   -0.976693   -0.000554
    1.200022   -0.836447    0.377587    0.020293   -0.477354   -0.980082   -0.000735
    1.206901   -0.839705    0.370833    0.020287   -0.469902   -0.983409   -0.000915
    1.213781   -0.842912    0.364057    0.020280   -0.462427   -0.986674   -0.001095
    1.220661   -0.846068    0.357258    0.020272   -0.454930   -0.989876   -0.001275
    1.227540   -0.849172    0.350437    0.020263   -0.447411   -0.993015   -0.001455
    1.234420   -0.852224    0.343595    0.020252   -0.439870   -0.996091   -0.001635
    1.241300   -0.855224    0.336731    0.020240   -0.432308   -0.999104   -0.001814
    1.248179   -0.858172    0.329848    0.020227   -0.424726   -1.002054   -0.001993
    1.255059   -0.861068    0.322944    0.020213   -0.417125   -1.004940   -0.002172
    1.261938   -0.863911    0.316021    0.020197   -0.409505   -1.007763   -0.002350
    1.268818   -0.866702    0.309078    0.020181   -0.401866   -1.010522   -0.002529
    1.275698   -0.869440    0.302117    0.020163   -0.394209   -1.013217   -0.002707
    1.282577   -0.872126    0.295137    0.020143   -0.386536   -1.015849   -0.002884
    1.289457   -0.874759    0.288140    0.020123   -0.378846   -1.018416   -0.003061
    1.296337   -0.877339    0.281125    0.020101   -0.371140   -1.020920   -0.003238
    1.303216   -0.879865    0.274093    0.020078   -0.363419   -1.023359   -0.003415
    1.310096   -0.882339    0.267044    0.020054   -0.355684   -1.025735   -0.003591
    1.316976   -0.884759    0.259979    0.020029   -0.347934   -1.028046   -0.003767
    1.323855   -0.887126    0.252899    0.020002   -0.340171   -1.030293   -0.003942
    1.330735   -0.889440    0.245803    0.019975   -0.332396   -1.032476   -0.004117
    1.337614   -0.891700    0.238693    0.019946   -0.324608   -1.034594   -0.004292
    1.344494   -0.893906    0.231568    0.019916   -0.316808   -1.036648   -0.004466
    1.351374   -0.896059    0.224430    0.019884   -0.308998   -1.038638   -0.004639
    1.358253   -0.898158    0.217278    0.019852   -0.301178   -1.040563   -0.004813
    1.365133   -0.900203    0.210112    0.019818   -0.293348   -1.042424   -0.004985
    1.372013   -0.902194    0.202935    0.019783   -0.285508   -1.044221   -0.005158
    1.378892   -0.904131    0.195745    0.019747   -0.277661   -1.045953   -0.005329
    1.385772   -0.906014    0.188543    0.019710   -0.269805   -1.047620   -0.005501
    1.392652   -0.907843    0.181330    0.019672   -0.261942   -1.049224   -0.005671
    1.399531   -0.909618    0.174107    0.019632   -0.254073   -1.050763   -0.005842
    1.406411   -0.911339    0.166873    0.019591   -0.246197   -1.052238   -0.006011
    1.413291   -0.913006    0.159629    0.019549   -0.238316   -1.053648   -0.006180
    1.420170   -0.914618    0.152376    0.019506   -0.230431   -1.054994   -0.006349
    1.427050   -0.916177    0.145113    0.019462   -0.222541   -1.056276   -0.006517
    1.433929   -0.917680    0.137842    0.019416   -0.214647   -1.057494   -0.006684
    1.440809   -0.919130    0.130563    0.019370   -0.206751   -1.058648   -0.006851
    1.447689   -0.920525    0.123276    0.019322   -0.198852   -1.059738   -0.007017
    1.454568   -0.921866    0.115982    0.019273   -0.190951   -1.060764   -0.007182
    1.461448   -0.923152    0.108681    0.019223   -0.183048   -1.061726   -0.007347
    1.468328   -0.924385    0.101373    0.019172   -0.175146   -1.062625   -0.007512
    1.475207   -0.925562    0.094060    0.019120   -0.167242   -1.063460   -0.007675
    1.482087   -0.926686    0.086741    0.019067   -0.159340   -1.064231   -0.007838
    1.488967   -0.927755    0.079417    0.019012   -0.151438   -1.064939   -0.008000
    1.495846   -0.928769    0.072088    0.018957   -0.143538   -1.065584   -0.008162
    1.502726   -0.929730    0.064756    0.018900   -0.135641   -1.066165   -0.008323
    1.643283   -0.929730    0.064756    0.018900   -0.135642   -1.066170   -0.008322
    1.654382   -0.931164    0.052918    0.018806   -0.122908   -1.066975   -0.008580
    1.665480   -0.932458    0.041073    0.018709   -0.110182   -1.067617   -0.008836
    1.676578   -0.933610    0.029222    0.018610   -0.097469   -1.068096   -0.009090
    1.687676   -0.934621    0.017366    0.018508   -0.084770   -1.068413   -0.009343
    1.698775   -0.935492    0.005507    0.018403   -0.072087   -1.068568   -0.009593
    1.709873   -0.936222   -0.006352    0.018295   -0.059424   -1.068562   -0.009841
    1.720971   -0.936811   -0.018211    0.018184   -0.046781   -1.068396   -0.010087
    1.732069   -0.937260   -0.030066    0.018071   -0.034161   -1.068071   -0.010332
    1.743168   -0.937569   -0.041918    0.017955   -0.021567   -1.067588   -0.010574
    1.754266   -0.937739   -0.053763    0.017836   -0.009000   -1.066947   -0.010813
    1.765364   -0.937769   -0.065600    0.017715    0.003537   -1.066149   -0.011051
    1.776463   -0.937660   -0.077427    0.017591    0.016042   -1.065195   -0.011287
    1.787561   -0.937413   -0.089243    0.017464    0.028513   -1.064087   -0.011520
    1.798659   -0.937028   -0.101045    0.017335    0.040948   -1.062824   -0.011751
    1.809757   -0.936504   -0.112833    0.017203    0.053345   -1.061409   -0.011979
    1.820856   -0.935844   -0.124604    0.017069    0.065703   -1.059842   -0.012205
    1.831954   -0.935046   -0.136357    0.016933    0.078018   -1.058124   -0.012429
    1.843052   -0.934112   -0.148091    0.016793    0.090289   -1.056257   -0.012651
    1.854151   -0.933042   -0.159802    0.016652    0.102514   -1.054241   -0.012869
    1.865249   -0.931837   -0.171491    0.016508    0.114691   -1.052078   -0.013086
    1.876347   -0.930497   -0.183154    0.016361    0.126819   -1.049768   -0.013300
    1.887445   -0.929022   -0.194791    0.016213    0.138895   -1.047314   -0.013512
    1.898544   -0.927414   -0.206400    0.016061    0.150918   -1.044716   -0.013721
    1.909642   -0.925672   -0.217980    0.015908    0.162886   -1.041975   -0.013927
    1.920740   -0.923799   -0.229528    0.015752    0.174798   -1.039093   -0.014131
    1.931838   -0.921793   -0.241044    0.015594    0.186650   -1.036071   -0.014332
    1.942937   -0.919656   -0.252525    0.015434    0.198443   -1.032910   -0.014531
    1.954035   -0.917388   -0.263970    0.015272    0.210174   -1.029612   -0.014727
    1.965133   -0.914991   -0.275378    0.015107    0.221841   -1.026178   -0.014921
    1.976232   -0.912464   -0.286747    0.014941    0.233444   -1.022609   -0.015111
    1.987330   -0.909809   -0.298076    0.014772    0.244980   -1.018907   -0.015299
    1.998428   -0.907027   -0.309363    0.014601    0.256448   -1.015073   -0.015485
    2.009526   -0.904117   -0.320607    0.014428    0.267846   -1.011108   -0.015668
    2.020625   -0.901082   -0.331806    0.014253    0.279173   -1.007014   -0.015847
    2.031723   -0.897921   -0.342958    0.014076    0.290428   -1.002793   -0.016025
    2.042821   -0.894636   -0.354064    0.013898    0.301609   -0.998445   -0.016199
    2.053919   -0.891227   -0.365120    0.013717    0.312716   -0.993972   -0.016371
    2.065018   -0.887695   -0.376126    0.013534    0.323745   -0.989377   -0.016540
    2.076116   -0.884041   -0.387080    0.013350    0.334697   -0.984659   -0.016706
    2.087214   -0.880266   -0.397982    0.013163    0.345570   -0.979821   -0.016869
    2.098313   -0.876371   -0.408828    0.012975    0.356363   -0.974864   -0.017030
    2.109411   -0.872356   -0.419620    0.012785    0.367074   -0.969790   -0.017188
    2.120509   -0.868223   -0.430354    0.012594    0.377702   -0.964600   -0.017343
    2.131607   -0.863973   -0.441030    0.012401    0.388247   -0.959295   -0.017495
    2.142706   -0.859606   -0.451647    0.012206    0.398707   -0.953878   -0.017644
    2.153804   -0.855123   -0.462202    0.012009    0.409081   -0.948349   -0.017791
    2.164902   -0.850526   -0.472696    0.011811    0.419368   -0.942710   -0.017934
    2.176001   -0.845815   -0.483127    0.011611    0.429567   -0.936964   -0.018075
    2.187099   -0.840991   -0.493493    0.011409    0.439677   -0.931110   -0.018213
    2.198197   -0.836056   -0.503794    0.011207    0.449697   -0.925152   -0.018348
    2.209295   -0.831010   -0.514028    0.011002    0.459626   -0.919090   -0.018481
    2.220394   -0.825854   -0.524194    0.010796    0.469464   -0.912925   -0.018610
    2.231492   -0.820590   -0.534292    0.010589    0.479209   -0.906660   -0.018737
    2.242590   -0.815218   -0.544319    0.010380    0.488860   -0.900297   -0.018860
    2.253688   -0.809739   -0.554275    0.010170    0.498417   -0.893836   -0.018981
    2.264787   -0.804155   -0.564158    0.009959    0.507879   -0.887278   -0.019099
    2.275885   -0.798466   -0.573969    0.009747    0.517245   -0.880627   -0.019214
    2.286983   -0.792674   -0.583705    0.009533    0.526514   -0.873883   -0.019327
    2.298082   -0.786780   -0.593366    0.009318    0.535686   -0.867047   -0.019436
    2.309180   -0.780784   -0.602950    0.009101    0.544760   -0.860122   -0.019543
    2.320278   -0.774689   -0.612457    0.008884    0.553736   -0.853109   -0.019647
    2.331376   -0.768494   -0.621886    0.008665    0.562612   -0.846009   -0.019748
    2.342475   -0.762201   -0.631235    0.008445    0.571389   -0.838824   -0.019846
    2.353573   -0.755811   -0.640505    0.008225    0.580065   -0.831556   -0.019941
    2.364671   -0.749326   -0.649693    0.008003    0.588640   -0.824206   -0.020033
    2.375769   -0.742746   -0.658799    0.007780    0.597113   -0.816775   -0.020123
    2.386868   -0.736072   -0.667822    0.007556    0.605485   -0.809265   -0.020210
    2.397966   -0.729307   -0.676761    0.007331    0.613754   -0.801677   -0.020294
    2.409064   -0.722449   -0.685616    0.007106    0.621920   -0.794014   -0.020375
    2.420163   -0.715502   -0.694385    0.006879    0.629983   -0.786276   -0.020454
    2.431261   -0.708466   -0.703068    0.006652    0.637942   -0.778466   -0.020529
    2.442359   -0.701343   -0.711664    0.006424    0.645796   -0.770583   -0.020602
    2.453457   -0.694132   -0.720172    0.006195    0.653547   -0.762631   -0.020672
    2.464556   -0.686837   -0.728592    0.005965    0.661192   -0.754611   -0.020739
    2.475654   -0.679457   -0.736922    0.005734    0.668732   -0.746523   -0.020804
    2.486752   -0.671993   -0.745162    0.005503    0.676167   -0.738370   -0.020866
    2.497850   -0.664448   -0.753311    0.005271    0.683496   -0.730153   -0.020925
    2.508949   -0.656823   -0.761369    0.005039    0.690718   -0.721873   -0.020981
    2.520047   -0.649117   -0.769334    0.004805    0.697835   -0.713531   -0.021035
    2.531145   -0.641333   -0.777206    0.004572    0.704845   -0.705130   -0.021086
    2.542244   -0.633472   -0.784985    0.004337    0.711748   -0.696671   -0.021134
    2.553342   -0.625536   -0.792670    0.004103    0.718544   -0.688155   -0.021180
    2.564440   -0.617524   -0.800260    0.003867    0.725233   -0.679583   -0.021222
    2.575538   -0.609438   -0.807754    0.003631    0.731815   -0.670957   -0.021263
    2.586637   -0.601280   -0.815152    0.003395    0.738290   -0.662278   -0.021300
    2.597735   -0.593051   -0.822454    0.003159    0.744657   -0.653548   -0.021335
    2.608833   -0.584752   -0.829659    0.002922    0.750917   -0.644767   -0.021368
    2.619932   -0.576384   -0.836765    0.002684    0.757069   -0.635938   -0.021397
    2.631030   -0.567948   -0.843774    0.002447    0.763113   -0.627062   -0.021424
    2.642128   -0.559446   -0.850684    0.002209    0.769049   -0.618140   -0.021449
    2.653226   -0.550878   -0.857495    0.001971    0.774878   -0.609172   -0.021471
    2.664325   -0.542246   -0.864205    0.001732    0.780599   -0.600162   -0.021490
    2.675423   -0.533552   -0.870816    0.001494    0.786212   -0.591110   -0.021507
    2.686521   -0.524796   -0.877326    0.001255    0.791717   -0.582016   -0.021521
    2.697619   -0.515979   -0.883734    0.001016    0.797115   -0.572884   -0.021533
    2.708718   -0.507103   -0.890042    0.000777    0.802404   -0.563713   -0.021542
    2.719816   -0.498169   -0.896247    0.000538    0.807586   -0.554505   -0.021549
    2.730914   -0.489178   -0.902350    0.000299    0.812661   -0.545261   -0.021553
    2.742013   -0.480131   -0.908350    0.000059    0.817627   -0.535983   -0.021555
    2.464925   -0.480131   -0.908350    0.000059    0.817632   -0.535989   -0.021559
