   -0.043678	    1.002093	0.000000e+00	0.000000e+00	
   -0.043678	    1.002093	0.000000e+00	0.000000e+00	
   -0.043678	    1.002093	0.000000e+00	0.000000e+00	
   -0.043678	    1.002093	0.000000e+00	0.000000e+00	
   -0.043678	    1.002093	0.000000e+00	0.000000e+00	
   -0.043678	    1.002093	0.000000e+00	0.000000e+00	
   -0.043678	    1.002093	0.000000e+00	0.000000e+00	
   -0.043678	    1.002093	0.000000e+00	0.000000e+00	
   -0.043678	    1.002093	0.000000e+00	0.000000e+00	
   -0.043678	    1.002093	0.000000e+00	0.000000e+00	
   -0.043678	    1.002093	0.000000e+00	0.000000e+00	
   -0.043678	    1.002093	0.000000e+00	0.000000e+00	
   -0.043678	    1.002093	0.000000e+00	0.000000e+00	
   -0.043678	    1.002093	0.000000e+00	0.000000e+00	
   -0.043678	    1.002093	0.000000e+00	0.000000e+00	
   -0.043678	    1.002093	0.000000e+00	0.000000e+00	
   -0.043678	    1.002093	0.000000e+00	0.000000e+00	
   -0.043678	    1.002093	0.000000e+00	0.000000e+00	
   -0.043678	    1.002093	0.000000e+00	0.000000e+00	
   -0.043678	    1.002093	0.000000e+00	0.000000e+00	
   -0.043678	    1.002093	0.000000e+00	0.000000e+00	


   -0.043678	    1.002093	0.000000e+00	0.000000e+00	
   -0.043678	    1.002093	0.000000e+00	0.000000e+00	
   -0.043678	    1.002093	0.000000e+00	0.000000e+00	
   -0.043678	    1.002093	0.000000e+00	0.000000e+00	
   -0.043678	    1.002093	0.000000e+00	0.000000e+00	
   -0.043678	    1.002093	0.000000e+00	0.000000e+00	
   -0.043678	    1.002093	0.000000e+00	0.000000e+00	
   -0.043678	    1.002093	0.000000e+00	0.000000e+00	
   -0.043678	    1.002093	0.000000e+00	0.000000e+00	
   -0.043678	    1.002093	0.000000e+00	0.000000e+00	
   -0.043678	    1.002093	0.000000e+00	0.000000e+00	
   -0.043678	    1.002093	0.000000e+00	0.000000e+00	
   -0.043678	    1.002093	0.000000e+00	0.000000e+00	
   -0.043678	    1.002093	0.000000e+00	0.000000e+00	
   -0.043678	    1.002093	0.000000e+00	0.000000e+00	
   -0.043678	    1.002093	0.000000e+00	0.000000e+00	
   -0.043678	    1.002093	0.000000e+00	0.000000e+00	
   -0.043678	    1.002093	0.000000e+00	0.000000e+00	
   -0.043678	    1.002093	0.000000e+00	0.000000e+00	
   -0.043678	    1.002093	0.000000e+00	0.000000e+00	
   -0.043678	    1.002093	0.000000e+00	0.000000e+00	


   -0.611279	   -0.689234	0.000000e+00	0.000000e+00	
   -0.611279	   -0.689234	0.000000e+00	0.000000e+00	
   -0.611279	   -0.689234	0.000000e+00	0.000000e+00	
   -0.611279	   -0.689234	0.000000e+00	0.000000e+00	
   -0.611279	   -0.689234	0.000000e+00	0.000000e+00	
   -0.611279	   -0.689234	0.000000e+00	0.000000e+00	
   -0.611279	   -0.689234	0.000000e+00	0.000000e+00	
   -0.611279	   -0.689234	0.000000e+00	0.000000e+00	
   -0.611279	   -0.689234	0.000000e+00	0.000000e+00	
   -0.611279	   -0.689234	0.000000e+00	0.000000e+00	
   -0.611279	   -0.689234	0.000000e+00	0.000000e+00	
   -0.611279	   -0.689234	0.000000e+00	0.000000e+00	
   -0.611279	   -0.689234	0.000000e+00	0.000000e+00	
   -0.611279	   -0.689234	0.000000e+00	0.000000e+00	
   -0.611279	   -0.689234	0.000000e+00	0.000000e+00	
   -0.611279	   -0.689234	0.000000e+00	0.000000e+00	
   -0.611279	   -0.689234	0.000000e+00	0.000000e+00	
   -0.611279	   -0.689234	0.000000e+00	0.000000e+00	
   -0.611279	   -0.689234	0.000000e+00	0.000000e+00	
   -0.611279	   -0.689234	0.000000e+00	0.000000e+00	
   -0.611279	   -0.689234	0.000000e+00	0.000000e+00	


   -0.611279	   -0.689234	0.000000e+00	0.000000e+00	
   -0.611279	   -0.689234	0.000000e+00	0.000000e+00	
   -0.611279	   -0.689234	0.000000e+00	0.000000e+00	
   -0.611279	   -0.689234	0.000000e+00	0.000000e+00	
   -0.611279	   -0.689234	0.000000e+00	0.000000e+00	
   -0.611279	   -0.689234	0.000000e+00	0.000000e+00	
   -0.611279	   -0.689234	0.000000e+00	0.000000e+00	
   -0.611279	   -0.689234	0.000000e+00	0.000000e+00	
   -0.611279	   -0.689234	0.000000e+00	0.000000e+00	
   -0.611279	   -0.689234	0.000000e+00	0.000000e+00	
   -0.611279	   -0.689234	0.000000e+00	0.000000e+00	
   -0.611279	   -0.689234	0.000000e+00	0.000000e+00	
   -0.611279	   -0.689234	0.000000e+00	0.000000e+00	
   -0.611279	   -0.689234	0.000000e+00	0.000000e+00	
   -0.611279	   -0.689234	0.000000e+00	0.000000e+00	
   -0.611279	   -0.689234	0.000000e+00	0.000000e+00	
   -0.611279	   -0.689234	0.000000e+00	0.000000e+00	
   -0.611279	   -0.689234	0.000000e+00	0.000000e+00	
   -0.611279	   -0.689234	0.000000e+00	0.000000e+00	
   -0.611279	   -0.689234	0.000000e+00	0.000000e+00	
   -0.611279	   -0.689234	0.000000e+00	0.000000e+00	


    0.990739	    0.051885	0.000000e+00	0.000000e+00	
    0.990739	    0.051885	0.000000e+00	0.000000e+00	
    0.990739	    0.051885	0.000000e+00	0.000000e+00	
    0.990739	    0.051885	0.000000e+00	0.000000e+00	
    0.990739	    0.051885	0.000000e+00	0.000000e+00	
    0.990739	    0.051885	0.000000e+00	0.000000e+00	
    0.990739	    0.051885	0.000000e+00	0.000000e+00	
    0.990739	    0.051885	0.000000e+00	0.000000e+00	
    0.990739	    0.051885	0.000000e+00	0.000000e+00	
    0.990739	    0.051885	0.000000e+00	0.000000e+00	
    0.990739	    0.051885	0.000000e+00	0.000000e+00	
    0.990739	    0.051885	0.000000e+00	0.000000e+00	
    0.990739	    0.051885	0.000000e+00	0.000000e+00	
    0.990739	    0.051885	0.000000e+00	0.000000e+00	
    0.990739	    0.051885	0.000000e+00	0.000000e+00	
    0.990739	    0.051885	0.000000e+00	0.000000e+00	
    0.990739	    0.051885	0.000000e+00	0.000000e+00	
    0.990739	    0.051885	0.000000e+00	0.000000e+00	
    0.990739	    0.051885	0.000000e+00	0.000000e+00	
    0.990739	    0.051885	0.000000e+00	0.000000e+00	
    0.990739	    0.051885	0.000000e+00	0.000000e+00	


    0.990739	    0.051885	0.000000e+00	0.000000e+00	
    0.990739	    0.051885	0.000000e+00	0.000000e+00	
    0.990739	    0.051885	0.000000e+00	0.000000e+00	
    0.990739	    0.051885	0.000000e+00	0.000000e+00	
    0.990739	    0.051885	0.000000e+00	0.000000e+00	
    0.990739	    0.051885	0.000000e+00	0.000000e+00	
    0.990739	    0.051885	0.000000e+00	0.000000e+00	
    0.990739	    0.051885	0.000000e+00	0.000000e+00	
    0.990739	    0.051885	0.000000e+00	0.000000e+00	
    0.990739	    0.051885	0.000000e+00	0.000000e+00	
    0.990739	    0.051885	0.000000e+00	0.000000e+00	
    0.990739	    0.051885	0.000000e+00	0.000000e+00	
    0.990739	    0.051885	0.000000e+00	0.000000e+00	
    0.990739	    0.051885	0.000000e+00	0.000000e+00	
    0.990739	    0.051885	0.000000e+00	0.000000e+00	
    0.990739	    0.051885	0.000000e+00	0.000000e+00	
    0.990739	    0.051885	0.000000e+00	0.000000e+00	
    0.990739	    0.051885	0.000000e+00	0.000000e+00	
    0.990739	    0.051885	0.000000e+00	0.000000e+00	
    0.990739	    0.051885	0.000000e+00	0.000000e+00	
    0.990739	    0.051885	0.000000e+00	0.000000e+00	


   -0.622993	    0.750559	0.000000e+00	0.000000e+00	
   -0.622993	    0.750559	0.000000e+00	0.000000e+00	
   -0.622993	    0.750559	0.000000e+00	0.000000e+00	
   -0.622993	    0.750559	0.000000e+00	0.000000e+00	
   -0.622993	    0.750559	0.000000e+00	0.000000e+00	
   -0.622993	    0.750559	0.000000e+00	0.000000e+00	
   -0.622993	    0.750559	0.000000e+00	0.000000e+00	
   -0.622993	    0.750559	0.000000e+00	0.000000e+00	
   -0.622993	    0.750559	0.000000e+00	0.000000e+00	
   -0.622993	    0.750559	0.000000e+00	0.000000e+00	
   -0.622993	    0.750559	0.000000e+00	0.000000e+00	
   -0.622993	    0.750559	0.000000e+00	0.000000e+00	
   -0.622993	    0.750559	0.000000e+00	0.000000e+00	
   -0.622993	    0.750559	0.000000e+00	0.000000e+00	
   -0.622993	    0.750559	0.000000e+00	0.000000e+00	
   -0.622993	    0.750559	0.000000e+00	0.000000e+00	
   -0.622993	    0.750559	0.000000e+00	0.000000e+00	
   -0.622993	    0.750559	0.000000e+00	0.000000e+00	
   -0.622993	    0.750559	0.000000e+00	0.000000e+00	
   -0.622993	    0.750559	0.000000e+00	0.000000e+00	
   -0.622993	    0.750559	0.000000e+00	0.000000e+00	


   -0.622993	    0.750559	0.000000e+00	0.000000e+00	
   -0.622993	    0.750559	0.000000e+00	0.000000e+00	
   -0.622993	    0.750559	0.000000e+00	0.000000e+00	
   -0.622993	    0.750559	0.000000e+00	0.000000e+00	
   -0.622993	    0.750559	0.000000e+00	0.000000e+00	
   -0.622993	    0.750559	0.000000e+00	0.000000e+00	
   -0.622993	    0.750559	0.000000e+00	0.000000e+00	
   -0.622993	    0.750559	0.000000e+00	0.000000e+00	
   -0.622993	    0.750559	0.000000e+00	0.000000e+00	
   -0.622993	    0.750559	0.000000e+00	0.000000e+00	
   -0.622993	    0.750559	0.000000e+00	0.000000e+00	
   -0.622993	    0.750559	0.000000e+00	0.000000e+00	
   -0.622993	    0.750559	0.000000e+00	0.000000e+00	
   -0.622993	    0.750559	0.000000e+00	0.000000e+00	
   -0.622993	    0.750559	0.000000e+00	0.000000e+00	
   -0.622993	    0.750559	0.000000e+00	0.000000e+00	
   -0.622993	    0.750559	0.000000e+00	0.000000e+00	
   -0.622993	    0.750559	0.000000e+00	0.000000e+00	
   -0.622993	    0.750559	0.000000e+00	0.000000e+00	
   -0.622993	    0.750559	0.000000e+00	0.000000e+00	
   -0.622993	    0.750559	0.000000e+00	0.000000e+00	


