
    0.000000   -0.686889   -0.726762    0.000054    0.713600   -0.693462    0.000043
    0.000000   -0.686889   -0.726762    0.000054    0.486714   -0.732871    0.074742
    0.019353   -0.677342   -0.740809    0.001500    0.499840   -0.718750    0.074727
    0.038706   -0.667545   -0.754581    0.002946    0.512637   -0.704522    0.074685
    0.058059   -0.657502   -0.768077    0.004391    0.525109   -0.690191    0.074616
    0.077412   -0.647222   -0.781295    0.005834    0.537261   -0.675760    0.074521
    0.096765   -0.636709   -0.794233    0.007275    0.549098   -0.661235    0.074400
    0.116118   -0.625970   -0.806889    0.008714    0.560625   -0.646619    0.074254
    0.135472   -0.615011   -0.819261    0.010149    0.571846   -0.631916    0.074083
    0.154825   -0.603838   -0.831347    0.011581    0.582766   -0.617128    0.073889
    0.174178   -0.592457   -0.843147    0.013009    0.593389   -0.602259    0.073670
    0.193531   -0.580872   -0.854658    0.014432    0.603719   -0.587312    0.073429
    0.212884   -0.569091   -0.865879    0.015851    0.613759   -0.572291    0.073164
    0.232237   -0.557118   -0.876808    0.017264    0.623514   -0.557196    0.072878
    0.251590   -0.544959   -0.887445    0.018672    0.632987   -0.542031    0.072569
    0.270943   -0.532619   -0.897788    0.020073    0.642182   -0.526799    0.072238
    0.290296   -0.520104   -0.907835    0.021468    0.651101   -0.511501    0.071886
    0.309649   -0.507419   -0.917586    0.022855    0.659749   -0.496139    0.071513
    0.329002   -0.494570   -0.927038    0.024235    0.668127   -0.480715    0.071119
    0.348355   -0.481560   -0.936192    0.025608    0.676239   -0.465231    0.070705
    0.367708   -0.468397   -0.945045    0.026972    0.684088   -0.449688    0.070271
    0.387062   -0.455084   -0.953597    0.028328    0.691675   -0.434089    0.069817
    0.406415   -0.441626   -0.961847    0.029674    0.699004   -0.418434    0.069342
    0.425768   -0.428030   -0.969793    0.031011    0.706077   -0.402724    0.068849
    0.445121   -0.414298   -0.977434    0.032339    0.712895   -0.386962    0.068336
    0.464474   -0.400438   -0.984770    0.033656    0.719462   -0.371148    0.067804
    0.483827   -0.386452   -0.991800    0.034963    0.725778   -0.355283    0.067254
    0.503180   -0.372347   -0.998522    0.036259    0.731845   -0.339369    0.066684
    0.522533   -0.358127   -1.004935    0.037544    0.737666   -0.323405    0.066096
    0.541886   -0.343797   -1.011039    0.038818    0.743240   -0.307394    0.065490
    0.561239   -0.329361   -1.016833    0.040079    0.748571   -0.291335    0.064865
    0.580592   -0.314824   -1.022315    0.041328    0.753659   -0.275230    0.064222
    0.599945   -0.300191   -1.027486    0.042565    0.758505   -0.259079    0.063561
    0.619298   -0.285467   -1.032343    0.043788    0.763110   -0.242883    0.062882
    0.638652   -0.270656   -1.036886    0.044998    0.767475   -0.226642    0.062185
    0.658005   -0.255762   -1.041115    0.046195    0.771600   -0.210357    0.061470
    0.677358   -0.240791   -1.045028    0.047378    0.775487   -0.194028    0.060738
    0.696711   -0.225748   -1.048625    0.048546    0.779135   -0.177657    0.059988
    0.716064   -0.210636   -1.051904    0.049699    0.782545   -0.161242    0.059220
    0.735417   -0.195460   -1.054866    0.050838    0.785718   -0.144785    0.058435
    0.754770   -0.180225   -1.057508    0.051961    0.788652   -0.128286    0.057632
    0.774123   -0.164936   -1.059831    0.053068    0.791348   -0.111746    0.056811
    0.793476   -0.149597   -1.061833    0.054160    0.793806   -0.095164    0.055973
    0.812829   -0.134212   -1.063514    0.055235    0.796026   -0.078541    0.055118
    0.832182   -0.118787   -1.064873    0.056293    0.798007   -0.061877    0.054244
    0.851535   -0.103326   -1.065909    0.057334    0.799748   -0.045173    0.053354
    0.870888   -0.087833   -1.066621    0.058358    0.801249   -0.028428    0.052445
    0.890242   -0.072314   -1.067009    0.059364    0.802509   -0.011644    0.051519
    0.909595   -0.056773   -1.067072    0.060352    0.803527    0.005181    0.050575
    0.928948   -0.041214   -1.066808    0.061322    0.804301    0.022044    0.049614
    0.948301   -0.025643   -1.066218    0.062272    0.804831    0.038947    0.048634
    0.967654   -0.010064   -1.065300    0.063204    0.805114    0.055889    0.047637
    0.987007    0.005518   -1.064055    0.064116    0.805151    0.072870    0.046622
    1.006360    0.021099   -1.062480    0.065008    0.804937    0.089889    0.045588
    1.025713    0.036673   -1.060575    0.065881    0.804473    0.106946    0.044537
    1.045066    0.052235   -1.058340    0.066732    0.803756    0.124040    0.043467
    1.064419    0.067781   -1.055774    0.067563    0.802783    0.141172    0.042379
    1.083772    0.083306   -1.052876    0.068372    0.801553    0.158341    0.041272
    1.103125    0.098805   -1.049645    0.069160    0.800063    0.175547    0.040146
    1.122478    0.114272   -1.046081    0.069926    0.798309    0.192788    0.039002
    1.141832    0.129702   -1.042182    0.070670    0.796291    0.210065    0.037839
    1.161185    0.145091   -1.037950    0.071391    0.794004    0.227377    0.036657
    1.180538    0.160434   -1.033381    0.072088    0.791445    0.244723    0.035455
    1.199891    0.175723   -1.028477    0.072763    0.788611    0.262103    0.034234
    1.219244    0.190956   -1.023236    0.073413    0.785499    0.279515    0.032993
    1.238597    0.206125   -1.017658    0.074040    0.782105    0.296960    0.031733
    1.257950    0.221226   -1.011742    0.074641    0.778425    0.314435    0.030453
    1.277303    0.236253   -1.005487    0.075218    0.774455    0.331941    0.029152
    1.296656    0.251201   -0.998893    0.075770    0.770190    0.349476    0.027831
    1.316009    0.266062   -0.991960    0.076295    0.765627    0.367038    0.026490
    1.335362    0.280833   -0.984687    0.076795    0.760760    0.384627    0.025128
    1.354715    0.295507   -0.977072    0.077268    0.755585    0.402241    0.023744
    1.374068    0.310077   -0.969117    0.077714    0.750097    0.419879    0.022340
    1.393422    0.324538   -0.960820    0.078132    0.744290    0.437538    0.020914
    1.412775    0.338883   -0.952182    0.078523    0.738158    0.455218    0.019466
    1.432128    0.353107   -0.943201    0.078886    0.731697    0.472915    0.017996
    1.451481    0.367202   -0.933877    0.079220    0.724899    0.490628    0.016504
    1.470834    0.381163   -0.924210    0.079524    0.717759    0.508355    0.014990
    1.490187    0.394982   -0.914200    0.079800    0.710270    0.526093    0.013452
    1.509540    0.408652   -0.903847    0.080045    0.702426    0.543838    0.011892
    1.528893    0.422168   -0.893150    0.080260    0.694219    0.561589    0.010309
    1.548246    0.435520   -0.882110    0.080444    0.685641    0.579341    0.008702
    1.567599    0.448704   -0.870726    0.080596    0.676687    0.597092    0.007071
    1.586952    0.461710   -0.858999    0.080717    0.667346    0.614838    0.005416
    1.606305    0.474532   -0.846928    0.080806    0.657612    0.632574    0.003736
    1.625658    0.487161   -0.834515    0.080862    0.647476    0.650295    0.002033
    1.645012    0.499590   -0.821758    0.080884    0.636928    0.667998    0.000304
    1.664365    0.511811   -0.808659    0.080873    0.625961    0.685678   -0.001450
    1.683718    0.523816   -0.795218    0.080828    0.614564    0.703327   -0.003230
    1.703071    0.535596   -0.781436    0.080748    0.602727    0.720941   -0.005035
    1.722424    0.547142   -0.767314    0.080633    0.590442    0.738514   -0.006866
    1.741777    0.558447   -0.752852    0.080482    0.577697    0.756037   -0.008723
    1.761130    0.569500   -0.738051    0.080295    0.564481    0.773504   -0.010607
    1.780483    0.580292   -0.722913    0.080072    0.550784    0.790907   -0.012517
    1.799836    0.590815   -0.707438    0.079811    0.536595    0.808237   -0.014454
    1.819189    0.601059   -0.691629    0.079512    0.521901    0.825484   -0.016419
    1.838542    0.611013   -0.675488    0.079175    0.506690    0.842640   -0.018410
    1.857895    0.620667   -0.659015    0.078799    0.490950    0.859692   -0.020429
    1.877248    0.630012   -0.642213    0.078384    0.474669    0.876631   -0.022475
    1.896602    0.639036   -0.625085    0.077929    0.457833    0.893442   -0.024548
    1.915955    0.647729   -0.607632    0.077434    0.440429    0.910114   -0.026650
    1.915955    0.649449   -0.603897    0.077558    0.806003    0.673056    0.073456
    1.936484    0.665801   -0.589901    0.079042    0.786956    0.690345    0.071189
    1.957014    0.681759   -0.575556    0.080480    0.767625    0.707064    0.068900
    1.977543    0.697317   -0.560874    0.081871    0.748026    0.723215    0.066593
    1.998073    0.712470   -0.545865    0.083215    0.728175    0.738799    0.064268
    2.018603    0.727214   -0.530543    0.084510    0.708089    0.753818    0.061928
    2.039132    0.741543   -0.514918    0.085757    0.687781    0.768274    0.059574
    2.059662    0.755452   -0.499002    0.086956    0.667267    0.782168    0.057207
    2.080192    0.768939   -0.482807    0.088106    0.646562    0.795504    0.054829
    2.100721    0.781998   -0.466343    0.089207    0.625679    0.808285    0.052442
    2.121251    0.794628   -0.449623    0.090259    0.604633    0.820512    0.050046
    2.141780    0.806823   -0.432657    0.091262    0.583436    0.832191    0.047644
    2.162310    0.818582   -0.415457    0.092215    0.562101    0.843324    0.045235
    2.182840    0.829902   -0.398035    0.093119    0.540640    0.853914    0.042823
    2.203369    0.840779   -0.380400    0.093974    0.519067    0.863967    0.040407
    2.223899    0.851213   -0.362565    0.094778    0.497392    0.873484    0.037989
    2.244429    0.861201   -0.344539    0.095533    0.475627    0.882472    0.035570
    2.264958    0.870742   -0.326335    0.096239    0.453783    0.890934    0.033151
    2.285488    0.879833   -0.307962    0.096894    0.431871    0.898874    0.030734
    2.306017    0.888474   -0.289431    0.097501    0.409901    0.906296    0.028318
    2.326547    0.896663   -0.270753    0.098057    0.387884    0.913206    0.025906
    2.347077    0.904400   -0.251939    0.098564    0.365828    0.919607    0.023499
    2.367606    0.911683   -0.232998    0.099022    0.343744    0.925504    0.021096
    2.388136    0.918513   -0.213942    0.099431    0.321640    0.930902    0.018699
    2.408665    0.924890   -0.194780    0.099790    0.299526    0.935806    0.016309
    2.429195    0.930812   -0.175522    0.100100    0.277411    0.940219    0.013927
    2.449725    0.936280   -0.156178    0.100362    0.255302    0.944147    0.011553
    2.470254    0.941294   -0.136759    0.100575    0.233208    0.947594    0.009189
    2.490784    0.945855   -0.117274    0.100739    0.211136    0.950566    0.006834
    2.511314    0.949964   -0.097733    0.100855    0.189095    0.953066    0.004490
    2.531843    0.953620   -0.078145    0.100924    0.167092    0.955099    0.002158
    2.552373    0.956825   -0.058520    0.100944    0.145134    0.956670   -0.000162
    2.572902    0.959579   -0.038868    0.100917    0.123228    0.957783   -0.002469
    2.593432    0.961885   -0.019198    0.100843    0.101381    0.958444   -0.004763
    2.613962    0.963742    0.000482    0.100722    0.079600    0.958656   -0.007043
    2.634491    0.965153    0.020161    0.100554    0.057891    0.958423   -0.009309
    2.655021    0.966120    0.039831    0.100339    0.036261    0.957752   -0.011559
    2.675551    0.966643    0.059483    0.100079    0.014715    0.956645   -0.013793
    2.696080    0.966725    0.079107    0.099773   -0.006740    0.955107   -0.016011
    2.716610    0.966367    0.098696    0.099422   -0.028099    0.953143   -0.018212
    2.737139    0.965572    0.118240    0.099026   -0.049355    0.950756   -0.020395
    2.757669    0.964341    0.137730    0.098585   -0.070503    0.947951   -0.022560
    2.778199    0.962677    0.157159    0.098099   -0.091538    0.944732   -0.024707
    2.798728    0.960583    0.176517    0.097570   -0.112454    0.941104   -0.026835
    2.819258    0.958061    0.195797    0.096998   -0.133246    0.937069   -0.028944
    2.839788    0.955113    0.214990    0.096382   -0.153909    0.932633   -0.031032
    2.860317    0.951743    0.234088    0.095724   -0.174437    0.927798   -0.033101
    2.880847    0.947952    0.253082    0.095023   -0.194826    0.922570   -0.035148
    2.901376    0.943744    0.271965    0.094281   -0.215071    0.916951   -0.037174
    2.921906    0.939122    0.290729    0.093497   -0.235166    0.910945   -0.039178
    2.942436    0.934089    0.309365    0.092672   -0.255108    0.904557   -0.041160
    2.962965    0.928649    0.327866    0.091807   -0.274891    0.897789   -0.043119
    2.983495    0.922804    0.346225    0.090902   -0.294511    0.890646   -0.045055
    3.004024    0.916558    0.364433    0.089957   -0.313963    0.883131   -0.046968
    3.024554    0.909914    0.382483    0.088974   -0.333242    0.875247   -0.048857
    3.045084    0.902876    0.400368    0.087951   -0.352345    0.866997   -0.050721
    3.065613    0.895448    0.418079    0.086891   -0.371265    0.858386   -0.052560
    3.086143    0.887634    0.435610    0.085794   -0.390000    0.849416   -0.054375
    3.106673    0.879436    0.452953    0.084659   -0.408545    0.840092   -0.056164
    3.127202    0.870860    0.470101    0.083488   -0.426894    0.830415   -0.057926
    3.147732    0.861910    0.487047    0.082281   -0.445044    0.820389   -0.059663
    3.168261    0.852589    0.503783    0.081038   -0.462990    0.810018   -0.061372
    3.188791    0.842901    0.520303    0.079761   -0.480728    0.799304   -0.063055
    3.209321    0.832852    0.536600    0.078449   -0.498254    0.788250   -0.064709
    3.229850    0.822445    0.552666    0.077104   -0.515562    0.776861   -0.066336
    3.250380    0.811685    0.568495    0.075726   -0.532649    0.765138   -0.067934
    3.270910    0.800576    0.584079    0.074315   -0.549510    0.753084   -0.069503
    3.291439    0.789124    0.599413    0.072872   -0.566140    0.740704   -0.071043
    3.311969    0.777332    0.614490    0.071398   -0.582535    0.727998   -0.072553
    3.332498    0.765207    0.629302    0.069894   -0.598690    0.714972   -0.074032
    3.353028    0.752752    0.643844    0.068359   -0.614602    0.701626   -0.075482
    3.373558    0.739974    0.658108    0.066795   -0.630264    0.687965   -0.076900
    3.394087    0.726876    0.672089    0.065202   -0.645674    0.673992   -0.078286
    3.414617    0.713464    0.685780    0.063580   -0.660825    0.659708   -0.079641
    3.435147    0.699745    0.699174    0.061932   -0.675713    0.645118   -0.080963
    3.455676    0.685722    0.712266    0.060256   -0.690333    0.630223   -0.082253
    3.476206    0.671402    0.725049    0.058555   -0.704681    0.615028   -0.083509
    3.496735    0.656790    0.737516    0.056828   -0.718751    0.599534   -0.084731
    3.517265    0.641893    0.749663    0.055076   -0.732539    0.583745   -0.085919
    3.537795    0.626715    0.761482    0.053300   -0.746039    0.567664   -0.087072
    3.558324    0.611263    0.772969    0.051501   -0.759246    0.551293   -0.088190
    3.578854    0.595543    0.784116    0.049679   -0.772156    0.534636   -0.089273
    3.599384    0.579561    0.794919    0.047836   -0.784762    0.517697   -0.090319
    3.619913    0.563323    0.805370    0.045971   -0.797060    0.500477   -0.091328
    3.640443    0.546836    0.815466    0.044086   -0.809043    0.482980   -0.092300
    3.660972    0.530107    0.825199    0.042182   -0.820708    0.465210   -0.093235
    3.681502    0.513141    0.834565    0.040258   -0.832047    0.447170   -0.094131
    3.702032    0.495946    0.843558    0.038317   -0.843055    0.428862   -0.094988
    3.722561    0.478528    0.852172    0.036359   -0.853727    0.410291   -0.095806
    3.743091    0.460895    0.860402    0.034384   -0.864057    0.391460   -0.096584
    3.763620    0.443053    0.868244    0.032393   -0.874038    0.372373   -0.097321
    3.784150    0.425010    0.875690    0.030388   -0.883664    0.353034   -0.098017
    3.804680    0.406773    0.882737    0.028369   -0.892930    0.333445   -0.098672
    3.825209    0.388349    0.889379    0.026337   -0.901829    0.313611   -0.099284
    3.845739    0.369747    0.895612    0.024293   -0.910354    0.293537   -0.099853
    3.866269    0.350973    0.901430    0.022237   -0.918500    0.273226   -0.100379
    3.886798    0.332037    0.906829    0.020172   -0.926259    0.252683   -0.100861
    3.907328    0.312945    0.911804    0.018096   -0.933625    0.231912   -0.101298
    3.927857    0.293705    0.916350    0.016013   -0.940592    0.210917   -0.101690
    3.948387    0.274327    0.920462    0.013921   -0.947152    0.189704   -0.102035
    3.948387    0.229861    0.906220    0.009985   -0.947885    0.180534   -0.105161
