 0  0.00000e+00 0.00000e+00 0.00000e+00 0.00000e+00 0.00000e+00 0.00000e+00
 0  0.00000e+00 0.00000e+00 0.00000e+00 0.00000e+00 0.00000e+00 0.00000e+00

 1  0.00000e+00 0.00000e+00 0.00000e+00 0.00000e+00 0.00000e+00 0.00000e+00
 1  0.00000e+00 0.00000e+00 0.00000e+00 0.00000e+00 0.00000e+00 0.00000e+00

 2  0.00000e+00 0.00000e+00 0.00000e+00 0.00000e+00 0.00000e+00 0.00000e+00
 2  0.00000e+00 0.00000e+00 0.00000e+00 0.00000e+00 0.00000e+00 0.00000e+00

 3  0.00000e+00 0.00000e+00 0.00000e+00 0.00000e+00 0.00000e+00 0.00000e+00
 3  0.00000e+00 0.00000e+00 0.00000e+00 0.00000e+00 0.00000e+00 0.00000e+00

  0.00000e+00 0.00000e+00 0.00000e+00
  0.00000e+00 0.00000e+00 0.00000e+00

 0      0.0000065590	      0.0000000000	      0.0000065590	
 1      0.0219321820	      0.0000000000	      0.0219321820	
 2      0.0245502825	      0.0000000000	      0.0245502825	
 3      0.0000000000	      0.0000000000	      0.0000000000	

FLeg = 0.0464890234
ToF_Leg (actual) = 6.4786355425
ToF_Leg (design) = 2.2507311325

F = 0.1039185188
ToF (actual) = 10.7265355688
ToF (max) = 10.9313767131
