0	  1.00000e-05 1.00000e-05 1.00000e-05 1.00000e-06 1.00000e-06 1.00000e-06
 0	  1.00000e-05 1.00000e-05 1.00000e-05 3.92408e-07 1.83202e-06 8.24237e-07

 1	  8.78515e-06 9.39142e-06 8.14601e-06 1.93031e-06 7.62172e-07 2.71276e-06
 1	  8.78515e-06 9.39142e-06 8.14601e-06 4.27668e-06 5.55469e-07 2.55661e-06

 2	  6.69722e-06 9.86022e-06 5.75638e-06 5.81203e-06 1.36842e-06 5.06087e-06
 2	  6.69722e-06 9.86022e-06 5.75638e-06 6.08532e-06 5.55207e-07 1.59098e-06

 3	  5.14293e-06 1.14871e-05 4.15824e-06 4.94253e-06 2.49452e-06 3.29243e-06
 3	  5.14293e-06 1.14871e-05 4.15824e-06 5.08445e-06 1.45146e-06 1.39328e-06

 4	  3.81973e-06 1.40673e-05 2.90042e-06 3.46630e-06 2.98801e-06 2.72711e-06
 4	  3.81973e-06 1.40673e-05 2.90042e-06 2.82166e-06 1.99953e-06 1.62018e-06

 5	  2.54836e-06 1.66895e-05 1.85965e-06 2.98413e-06 1.91641e-06 2.71044e-06
 5	  2.54836e-06 1.66895e-05 1.85965e-06 2.70425e-06 1.66498e-06 2.19489e-06

 6	  1.37721e-06 1.83551e-05 9.86108e-07 4.15681e-06 1.01585e-06 3.08937e-06
 6	  1.37721e-06 1.83551e-05 9.86108e-07 3.36591e-06 5.72788e-07 2.16588e-06

 7	  7.30510e-07 1.80156e-05 4.21124e-07 4.02984e-06 1.07868e-06 2.72626e-06
 7	  7.30510e-07 1.80156e-05 4.21124e-07 3.74828e-06 7.31784e-07 2.03473e-06

 8	  6.71952e-07 1.58691e-05 1.45022e-07 2.91217e-06 2.67704e-06 2.29782e-06
 8	  6.71952e-07 1.58691e-05 1.45022e-07 3.06599e-06 2.20333e-06 1.81625e-06

 9	  9.99330e-07 1.26000e-05 1.16559e-07 1.43883e-06 4.53578e-06 1.84209e-06
 9	  9.99330e-07 1.26000e-05 1.16559e-07 1.59254e-06 3.76398e-06 1.42792e-06

10	  1.36918e-06 9.17390e-06 2.68339e-07 3.19548e-07 5.21523e-06 1.29687e-06
10	  1.36918e-06 9.17390e-06 2.68339e-07 4.01705e-07 4.65035e-06 9.60821e-07

11	  1.51658e-06 6.19794e-06 4.96592e-07 4.74423e-08 4.79945e-06 7.73311e-07
11	  1.51658e-06 6.19794e-06 4.96592e-07 1.90198e-08 4.42537e-06 5.68923e-07

12	  1.38197e-06 3.97436e-06 7.23783e-07 3.82048e-07 3.58713e-06 3.90007e-07
12	  1.38197e-06 3.97436e-06 7.23783e-07 2.98848e-07 3.43273e-06 2.42179e-07

13	  1.05566e-06 2.50309e-06 8.67132e-07 9.49822e-07 2.22666e-06 1.33328e-07
13	  1.05566e-06 2.50309e-06 8.67132e-07 7.26267e-07 2.11257e-06 8.13186e-08

14	  7.07461e-07 1.64565e-06 9.13582e-07 1.18708e-06 1.06600e-06 4.68028e-08
14	  7.07461e-07 1.64565e-06 9.13582e-07 9.39178e-07 1.06795e-06 4.73294e-08

15	  4.45295e-07 1.19158e-06 8.60549e-07 1.06408e-06 4.02979e-07 8.47608e-08
15	  4.45295e-07 1.19158e-06 8.60549e-07 9.25122e-07 3.99232e-07 7.35126e-08

16	  2.86010e-07 9.93292e-07 7.55116e-07 7.98084e-07 1.05988e-07 1.47606e-07
16	  2.86010e-07 9.93292e-07 7.55116e-07 6.56424e-07 1.13182e-07 1.01546e-07

17	  2.11202e-07 9.29829e-07 6.18418e-07 4.44027e-07 3.04572e-08 1.97448e-07
17	  2.11202e-07 9.29829e-07 6.18418e-07 3.85883e-07 2.85669e-08 1.55725e-07

18	  1.71778e-07 9.28853e-07 4.69984e-07 2.22238e-07 2.47768e-08 2.60433e-07
18	  1.71778e-07 9.28853e-07 4.69984e-07 1.77198e-07 1.72487e-08 2.04184e-07

19	  1.38149e-07 9.28967e-07 3.27014e-07 1.14473e-07 2.88083e-08 3.06336e-07
19	  1.38149e-07 9.28967e-07 3.27014e-07 9.31109e-08 2.09968e-08 2.37174e-07

20	  9.94580e-08 8.93203e-07 2.04961e-07 1.04153e-07 5.14715e-08 3.26040e-07
20	  9.94580e-08 8.93203e-07 2.04961e-07 9.28317e-08 4.20827e-08 2.38212e-07

21	  6.36180e-08 8.04180e-07 1.14873e-07 1.13906e-07 1.13277e-07 3.05687e-07
21	  6.36180e-08 8.04180e-07 1.14873e-07 1.10391e-07 1.12229e-07 2.28237e-07

22	  4.07835e-08 6.53748e-07 5.68448e-08 1.03112e-07 2.33998e-07 2.73372e-07
22	  4.07835e-08 6.53748e-07 5.68448e-08 1.05039e-07 2.10448e-07 2.08007e-07

23	  3.43927e-08 4.76486e-07 2.80080e-08 7.02341e-08 3.40825e-07 2.31496e-07
23	  3.43927e-08 4.76486e-07 2.80080e-08 7.83883e-08 2.48456e-07 1.47034e-07

24	  3.80258e-08 3.21650e-07 2.26192e-08 3.83639e-08 3.29836e-07 1.51605e-07
24	  3.80258e-08 3.21650e-07 2.26192e-08 4.84913e-08 2.55090e-07 7.77841e-08

25	  4.43882e-08 2.02016e-07 2.77852e-08 2.29115e-08 2.74581e-07 7.29527e-08
25	  4.43882e-08 2.02016e-07 2.77852e-08 2.15095e-08 2.15461e-07 3.89506e-08

26	  4.90636e-08 1.21259e-07 3.42960e-08 2.20813e-08 1.88126e-07 3.24785e-08
26	  4.90636e-08 1.21259e-07 3.42960e-08 1.78067e-08 1.72507e-07 2.72361e-08

27	  5.06090e-08 7.21600e-08 3.91204e-08 3.94409e-08 1.26952e-07 2.20850e-08
27	  5.06090e-08 7.21600e-08 3.91204e-08 3.21392e-08 1.15115e-07 1.76404e-08

28	  5.00844e-08 5.13390e-08 4.05434e-08 5.02634e-08 8.41006e-08 1.59844e-08
28	  5.00844e-08 5.13390e-08 4.05434e-08 4.46544e-08 7.78531e-08 1.38968e-08

  4.99981e-08 5.15311e-08 4.04376e-08
  4.11189e-08 1.34886e-08 8.17968e-08

 0	      0.0000073378	      0.0012568677	      0.0035003255	
1	      0.0000086487	      0.0012462724	      0.0034721909	
2	      0.0000067885	      0.0010178077	      0.0028353997	
3	      0.0000060532	      0.0006724747	      0.0018749420	
4	      0.0000059175	      0.0004298282	      0.0012004623	
5	      0.0000072833	      0.0001883066	      0.0005306102	
6	      0.0000111314	      0.0003211523	      0.0009036527	
7	      0.0000248957	      0.0002344566	      0.0006764790	
8	      0.0000605780	      0.0001794573	      0.0005593115	
9	      0.0001190956	      0.0002165891	      0.0007210229	
10	      0.0001499059	      0.0001640447	      0.0006058059	
11	      0.0001626459	      0.0001618417	      0.0006124235	
12	      0.0000503567	      0.0001712519	      0.0005262864	
13	      0.0000331826	      0.0001315899	      0.0003988869	
14	      0.0000427557	      0.0001249704	      0.0003900637	
15	      0.0001002747	      0.0000791732	      0.0003203065	
16	      0.0002235662	      0.0000961224	      0.0004907020	
17	      0.0005750314	      0.0000616552	      0.0007463788	
18	      0.0014778142	      0.0000862487	      0.0017175098	
19	      0.0032891219	      0.0000753186	      0.0034984415	
20	      0.0032437912	      0.0000920539	      0.0034996202	
21	      0.0032685821	      0.0000832433	      0.0034999255	
22	      0.0032952190	      0.0000734292	      0.0034992878	
23	      0.0031984695	      0.0001082846	      0.0034994056	
24	      0.0014240670	      0.0001280323	      0.0017798842	
25	      0.0000157760	      0.0000972938	      0.0002861674	
26	      0.0000453287	      0.0000305082	      0.0001301146	
27	      0.0000929835	      0.0000289024	      0.0001733066	
28	      0.0007513168	      0.0000217398	      0.0008117344	

FLeg = 0.0427606480
