0	  5.00844e-08 5.13390e-08 4.05434e-08 4.46544e-08 7.78531e-08 1.38968e-08
 0	  5.00844e-08 5.13390e-08 4.05434e-08 4.46544e-08 7.78531e-08 1.38968e-08

 1	  4.86069e-08 5.42041e-08 3.78639e-08 4.38450e-08 8.28282e-08 1.71068e-08
 1	  4.86069e-08 5.42041e-08 3.78639e-08 4.12943e-08 7.72813e-08 1.63331e-08

 2	  4.48403e-08 7.93887e-08 3.19834e-08 2.75620e-08 1.12743e-07 2.37857e-08
 2	  4.48403e-08 7.93887e-08 3.19834e-08 2.67842e-08 1.07840e-07 2.40118e-08

 3	  3.66527e-08 1.27061e-07 2.38771e-08 2.56038e-08 1.42002e-07 3.46367e-08
 3	  3.66527e-08 1.27061e-07 2.38771e-08 2.22366e-08 1.41406e-07 3.11215e-08

 4	  2.56856e-08 1.92330e-07 1.64379e-08 5.81516e-08 1.40190e-07 4.10937e-08
 4	  2.56856e-08 1.92330e-07 1.64379e-08 4.93289e-08 1.43309e-07 3.70311e-08

 5	  2.07474e-08 2.60380e-07 1.14592e-08 1.15518e-07 1.00172e-07 4.37153e-08
 5	  2.07474e-08 2.60380e-07 1.14592e-08 9.90023e-08 1.10824e-07 4.59263e-08

 6	  3.29142e-08 3.13741e-07 9.97386e-09 1.53508e-07 5.26221e-08 4.79642e-08
 6	  3.29142e-08 3.13741e-07 9.97386e-09 1.47930e-07 5.42918e-08 4.80595e-08

 7	  6.95503e-08 3.29627e-07 1.27905e-08 1.58506e-07 2.68992e-08 4.48710e-08
 7	  6.95503e-08 3.29627e-07 1.27905e-08 1.39044e-07 3.14513e-08 4.38786e-08

 8	  1.20471e-07 3.13899e-07 1.92016e-08 1.06216e-07 3.28814e-08 3.69160e-08
 8	  1.20471e-07 3.13899e-07 1.92016e-08 1.03396e-07 3.09101e-08 3.45022e-08

 9	  1.70978e-07 2.73986e-07 2.71915e-08 6.47879e-08 4.63369e-08 2.63491e-08
 9	  1.70978e-07 2.73986e-07 2.71915e-08 6.00831e-08 4.37484e-08 2.55836e-08

10	  2.03341e-07 2.31253e-07 3.48310e-08 5.27670e-08 5.00968e-08 1.82982e-08
10	  2.03341e-07 2.31253e-07 3.48310e-08 4.16534e-08 3.93432e-08 2.05878e-08

  3.79676e-07 5.61388e-08 3.36101e-08
  5.00136e-08 3.11970e-08 2.03739e-08

 0	      0.0000000000	      0.0000000000	      0.0000000000	
1	      0.0000079066	      0.0000206664	      0.0000653411	
2	      0.0000046357	      0.0000231610	      0.0000690029	
3	      0.0000036403	      0.0000222286	      0.0000654163	
4	      0.0014032441	      0.0000259639	      0.0014754009	
5	      0.0000062626	      0.0000422059	      0.0001235580	
6	      0.0000079417	      0.0000113510	      0.0000394874	
7	      0.0000083155	      0.0000530466	      0.0001557383	
8	      0.0000079894	      0.0000115961	      0.0000402164	
9	      0.0000084660	      0.0000141317	      0.0000477399	
10	      0.0000100134	      0.0000354436	      0.0001085154	

FLeg = 0.0021904166

F = 0.0449510646
