0	  5.01529e-08 4.97192e-08 4.12493e-08 4.78981e-08 6.55048e-08 2.33841e-08
 0	  5.01529e-08 4.97192e-08 4.12493e-08 4.78981e-08 6.55048e-08 2.33841e-08

 1	  4.67868e-08 5.72159e-08 3.66439e-08 4.92820e-08 8.16390e-08 2.88551e-08
 1	  4.67868e-08 5.72159e-08 3.66439e-08 4.54420e-08 7.33801e-08 2.64870e-08

 2	  4.23483e-08 8.70163e-08 2.97311e-08 3.18666e-08 1.17828e-07 3.51451e-08
 2	  4.23483e-08 8.70163e-08 2.97311e-08 2.97813e-08 1.09721e-07 3.08895e-08

 3	  3.42098e-08 1.40292e-07 2.27369e-08 2.97139e-08 1.48072e-07 3.99281e-08
 3	  3.42098e-08 1.40292e-07 2.27369e-08 2.64400e-08 1.43887e-07 3.62900e-08

 4	  2.32354e-08 2.11949e-07 1.71780e-08 7.12735e-08 1.39605e-07 4.35936e-08
 4	  2.32354e-08 2.11949e-07 1.71780e-08 6.18231e-08 1.37343e-07 3.99823e-08

 5	  1.94783e-08 2.84018e-07 1.41778e-08 1.42943e-07 8.89186e-08 4.39862e-08
 5	  1.94783e-08 2.84018e-07 1.41778e-08 1.33530e-07 9.35792e-08 4.46819e-08

 6	  3.78716e-08 3.33291e-07 1.43403e-08 2.08053e-07 4.00219e-08 4.47030e-08
 6	  3.78716e-08 3.33291e-07 1.43403e-08 1.93117e-07 4.11628e-08 3.86840e-08

 7	  8.68395e-08 3.41093e-07 1.72537e-08 2.17973e-07 2.40214e-08 3.54280e-08
 7	  8.68395e-08 3.41093e-07 1.72537e-08 1.51507e-07 5.06898e-08 3.12612e-08

 8	  1.44277e-07 3.31099e-07 2.11118e-08 1.23298e-07 4.37552e-08 2.70192e-08
 8	  1.44277e-07 3.31099e-07 2.11118e-08 1.20325e-07 4.37509e-08 2.76616e-08

 9	  2.02236e-07 2.92426e-07 2.55883e-08 7.90501e-08 5.76347e-08 2.30329e-08
 9	  2.02236e-07 2.92426e-07 2.55883e-08 6.85118e-08 4.75074e-08 2.21471e-08

10	  2.39224e-07 2.54939e-07 2.94626e-08 5.28667e-08 5.28841e-08 1.84296e-08
10	  2.39224e-07 2.54939e-07 2.94626e-08 4.78233e-08 4.65266e-08 1.71094e-08

  4.41735e-07 5.34156e-08 2.84755e-08
  5.00173e-08 4.55992e-08 1.58428e-08

 0	      0.0000000000	      0.0000000000	      0.0000000000	
1	      0.0000099612	      0.0000271510	      0.0000854171	
2	      0.0000045868	      0.0000270570	      0.0000797814	
3	      0.0008731341	      0.0000173130	      0.0009212490	
4	      0.0000044372	      0.0000223054	      0.0000664266	
5	      0.0006492973	      0.0000182180	      0.0006999273	
6	      0.0000088273	      0.0000215652	      0.0000687595	
7	      0.0000088741	      0.0001653387	      0.0004683705	
8	      0.0000083793	      0.0000069056	      0.0000275707	
9	      0.0000087474	      0.0000369859	      0.0001115357	
10	      0.0000103554	      0.0000189397	      0.0000629911	

FLeg = 0.0025920289

F = 0.0469281539
