    0.292664	    0.956215	0.000000e+00	0.000000e+00	
    0.292664	    0.956215	0.000000e+00	0.000000e+00	
    0.292664	    0.956215	0.000000e+00	0.000000e+00	
    0.292664	    0.956215	0.000000e+00	0.000000e+00	
    0.292664	    0.956215	0.000000e+00	0.000000e+00	
    0.292664	    0.956215	0.000000e+00	0.000000e+00	
    0.292664	    0.956215	0.000000e+00	0.000000e+00	
    0.292664	    0.956215	0.000000e+00	0.000000e+00	
    0.292664	    0.956215	0.000000e+00	0.000000e+00	
    0.292664	    0.956215	0.000000e+00	0.000000e+00	
    0.292664	    0.956215	0.000000e+00	0.000000e+00	
    0.292664	    0.956215	0.000000e+00	0.000000e+00	
    0.292664	    0.956215	0.000000e+00	0.000000e+00	
    0.292664	    0.956215	0.000000e+00	0.000000e+00	
    0.292664	    0.956215	0.000000e+00	0.000000e+00	
    0.292664	    0.956215	0.000000e+00	0.000000e+00	
    0.292664	    0.956215	0.000000e+00	0.000000e+00	
    0.292664	    0.956215	0.000000e+00	0.000000e+00	
    0.292664	    0.956215	0.000000e+00	0.000000e+00	
    0.292664	    0.956215	0.000000e+00	0.000000e+00	
    0.292664	    0.956215	0.000000e+00	0.000000e+00	


    0.292664	    0.956215	0.000000e+00	0.000000e+00	
    0.292664	    0.956215	0.000000e+00	0.000000e+00	
    0.292664	    0.956215	0.000000e+00	0.000000e+00	
    0.292664	    0.956215	0.000000e+00	0.000000e+00	
    0.292664	    0.956215	0.000000e+00	0.000000e+00	
    0.292664	    0.956215	0.000000e+00	0.000000e+00	
    0.292664	    0.956215	0.000000e+00	0.000000e+00	
    0.292664	    0.956215	0.000000e+00	0.000000e+00	
    0.292664	    0.956215	0.000000e+00	0.000000e+00	
    0.292664	    0.956215	0.000000e+00	0.000000e+00	
    0.292664	    0.956215	0.000000e+00	0.000000e+00	
    0.292664	    0.956215	0.000000e+00	0.000000e+00	
    0.292664	    0.956215	0.000000e+00	0.000000e+00	
    0.292664	    0.956215	0.000000e+00	0.000000e+00	
    0.292664	    0.956215	0.000000e+00	0.000000e+00	
    0.292664	    0.956215	0.000000e+00	0.000000e+00	
    0.292664	    0.956215	0.000000e+00	0.000000e+00	
    0.292664	    0.956215	0.000000e+00	0.000000e+00	
    0.292664	    0.956215	0.000000e+00	0.000000e+00	
    0.292664	    0.956215	0.000000e+00	0.000000e+00	
    0.292664	    0.956215	0.000000e+00	0.000000e+00	


    0.040130	    0.988263	0.000000e+00	0.000000e+00	
    0.040130	    0.988263	0.000000e+00	0.000000e+00	
    0.040130	    0.988263	0.000000e+00	0.000000e+00	
    0.040130	    0.988263	0.000000e+00	0.000000e+00	
    0.040130	    0.988263	0.000000e+00	0.000000e+00	
    0.040130	    0.988263	0.000000e+00	0.000000e+00	
    0.040130	    0.988263	0.000000e+00	0.000000e+00	
    0.040130	    0.988263	0.000000e+00	0.000000e+00	
    0.040130	    0.988263	0.000000e+00	0.000000e+00	
    0.040130	    0.988263	0.000000e+00	0.000000e+00	
    0.040130	    0.988263	0.000000e+00	0.000000e+00	
    0.040130	    0.988263	0.000000e+00	0.000000e+00	
    0.040130	    0.988263	0.000000e+00	0.000000e+00	
    0.040130	    0.988263	0.000000e+00	0.000000e+00	
    0.040130	    0.988263	0.000000e+00	0.000000e+00	
    0.040130	    0.988263	0.000000e+00	0.000000e+00	
    0.040130	    0.988263	0.000000e+00	0.000000e+00	
    0.040130	    0.988263	0.000000e+00	0.000000e+00	
    0.040130	    0.988263	0.000000e+00	0.000000e+00	
    0.040130	    0.988263	0.000000e+00	0.000000e+00	
    0.040130	    0.988263	0.000000e+00	0.000000e+00	


    0.040130	    0.988263	0.000000e+00	0.000000e+00	
    0.040130	    0.988263	0.000000e+00	0.000000e+00	
    0.040130	    0.988263	0.000000e+00	0.000000e+00	
    0.040130	    0.988263	0.000000e+00	0.000000e+00	
    0.040130	    0.988263	0.000000e+00	0.000000e+00	
    0.040130	    0.988263	0.000000e+00	0.000000e+00	
    0.040130	    0.988263	0.000000e+00	0.000000e+00	
    0.040130	    0.988263	0.000000e+00	0.000000e+00	
    0.040130	    0.988263	0.000000e+00	0.000000e+00	
    0.040130	    0.988263	0.000000e+00	0.000000e+00	
    0.040130	    0.988263	0.000000e+00	0.000000e+00	
    0.040130	    0.988263	0.000000e+00	0.000000e+00	
    0.040130	    0.988263	0.000000e+00	0.000000e+00	
    0.040130	    0.988263	0.000000e+00	0.000000e+00	
    0.040130	    0.988263	0.000000e+00	0.000000e+00	
    0.040130	    0.988263	0.000000e+00	0.000000e+00	
    0.040130	    0.988263	0.000000e+00	0.000000e+00	
    0.040130	    0.988263	0.000000e+00	0.000000e+00	
    0.040130	    0.988263	0.000000e+00	0.000000e+00	
    0.040130	    0.988263	0.000000e+00	0.000000e+00	
    0.040130	    0.988263	0.000000e+00	0.000000e+00	


   -0.214856	    0.958030	0.000000e+00	0.000000e+00	
   -0.214856	    0.958030	0.000000e+00	0.000000e+00	
   -0.214856	    0.958030	0.000000e+00	0.000000e+00	
   -0.214856	    0.958030	0.000000e+00	0.000000e+00	
   -0.214856	    0.958030	0.000000e+00	0.000000e+00	
   -0.214856	    0.958030	0.000000e+00	0.000000e+00	
   -0.214856	    0.958030	0.000000e+00	0.000000e+00	
   -0.214856	    0.958030	0.000000e+00	0.000000e+00	
   -0.214856	    0.958030	0.000000e+00	0.000000e+00	
   -0.214856	    0.958030	0.000000e+00	0.000000e+00	
   -0.214856	    0.958030	0.000000e+00	0.000000e+00	
   -0.214856	    0.958030	0.000000e+00	0.000000e+00	
   -0.214856	    0.958030	0.000000e+00	0.000000e+00	
   -0.214856	    0.958030	0.000000e+00	0.000000e+00	
   -0.214856	    0.958030	0.000000e+00	0.000000e+00	
   -0.214856	    0.958030	0.000000e+00	0.000000e+00	
   -0.214856	    0.958030	0.000000e+00	0.000000e+00	
   -0.214856	    0.958030	0.000000e+00	0.000000e+00	
   -0.214856	    0.958030	0.000000e+00	0.000000e+00	
   -0.214856	    0.958030	0.000000e+00	0.000000e+00	
   -0.214856	    0.958030	0.000000e+00	0.000000e+00	


   -0.214856	    0.958030	0.000000e+00	0.000000e+00	
   -0.214856	    0.958030	0.000000e+00	0.000000e+00	
   -0.214856	    0.958030	0.000000e+00	0.000000e+00	
   -0.214856	    0.958030	0.000000e+00	0.000000e+00	
   -0.214856	    0.958030	0.000000e+00	0.000000e+00	
   -0.214856	    0.958030	0.000000e+00	0.000000e+00	
   -0.214856	    0.958030	0.000000e+00	0.000000e+00	
   -0.214856	    0.958030	0.000000e+00	0.000000e+00	
   -0.214856	    0.958030	0.000000e+00	0.000000e+00	
   -0.214856	    0.958030	0.000000e+00	0.000000e+00	
   -0.214856	    0.958030	0.000000e+00	0.000000e+00	
   -0.214856	    0.958030	0.000000e+00	0.000000e+00	
   -0.214856	    0.958030	0.000000e+00	0.000000e+00	
   -0.214856	    0.958030	0.000000e+00	0.000000e+00	
   -0.214856	    0.958030	0.000000e+00	0.000000e+00	
   -0.214856	    0.958030	0.000000e+00	0.000000e+00	
   -0.214856	    0.958030	0.000000e+00	0.000000e+00	
   -0.214856	    0.958030	0.000000e+00	0.000000e+00	
   -0.214856	    0.958030	0.000000e+00	0.000000e+00	
   -0.214856	    0.958030	0.000000e+00	0.000000e+00	
   -0.214856	    0.958030	0.000000e+00	0.000000e+00	


   -0.455961	    0.866115	0.000000e+00	0.000000e+00	
   -0.455961	    0.866115	0.000000e+00	0.000000e+00	
   -0.455961	    0.866115	0.000000e+00	0.000000e+00	
   -0.455961	    0.866115	0.000000e+00	0.000000e+00	
   -0.455961	    0.866115	0.000000e+00	0.000000e+00	
   -0.455961	    0.866115	0.000000e+00	0.000000e+00	
   -0.455961	    0.866115	0.000000e+00	0.000000e+00	
   -0.455961	    0.866115	0.000000e+00	0.000000e+00	
   -0.455961	    0.866115	0.000000e+00	0.000000e+00	
   -0.455961	    0.866115	0.000000e+00	0.000000e+00	
   -0.455961	    0.866115	0.000000e+00	0.000000e+00	
   -0.455961	    0.866115	0.000000e+00	0.000000e+00	
   -0.455961	    0.866115	0.000000e+00	0.000000e+00	
   -0.455961	    0.866115	0.000000e+00	0.000000e+00	
   -0.455961	    0.866115	0.000000e+00	0.000000e+00	
   -0.455961	    0.866115	0.000000e+00	0.000000e+00	
   -0.455961	    0.866115	0.000000e+00	0.000000e+00	
   -0.455961	    0.866115	0.000000e+00	0.000000e+00	
   -0.455961	    0.866115	0.000000e+00	0.000000e+00	
   -0.455961	    0.866115	0.000000e+00	0.000000e+00	
   -0.455961	    0.866115	0.000000e+00	0.000000e+00	


   -0.455961	    0.866115	0.000000e+00	0.000000e+00	
   -0.455961	    0.866115	0.000000e+00	0.000000e+00	
   -0.455961	    0.866115	0.000000e+00	0.000000e+00	
   -0.455961	    0.866115	0.000000e+00	0.000000e+00	
   -0.455961	    0.866115	0.000000e+00	0.000000e+00	
   -0.455961	    0.866115	0.000000e+00	0.000000e+00	
   -0.455961	    0.866115	0.000000e+00	0.000000e+00	
   -0.455961	    0.866115	0.000000e+00	0.000000e+00	
   -0.455961	    0.866115	0.000000e+00	0.000000e+00	
   -0.455961	    0.866115	0.000000e+00	0.000000e+00	
   -0.455961	    0.866115	0.000000e+00	0.000000e+00	
   -0.455961	    0.866115	0.000000e+00	0.000000e+00	
   -0.455961	    0.866115	0.000000e+00	0.000000e+00	
   -0.455961	    0.866115	0.000000e+00	0.000000e+00	
   -0.455961	    0.866115	0.000000e+00	0.000000e+00	
   -0.455961	    0.866115	0.000000e+00	0.000000e+00	
   -0.455961	    0.866115	0.000000e+00	0.000000e+00	
   -0.455961	    0.866115	0.000000e+00	0.000000e+00	
   -0.455961	    0.866115	0.000000e+00	0.000000e+00	
   -0.455961	    0.866115	0.000000e+00	0.000000e+00	
   -0.455961	    0.866115	0.000000e+00	0.000000e+00	


   -0.667433	    0.717926	0.000000e+00	0.000000e+00	
   -0.667433	    0.717926	0.000000e+00	0.000000e+00	
   -0.667433	    0.717926	0.000000e+00	0.000000e+00	
   -0.667433	    0.717926	0.000000e+00	0.000000e+00	
   -0.667433	    0.717926	0.000000e+00	0.000000e+00	
   -0.667433	    0.717926	0.000000e+00	0.000000e+00	
   -0.667433	    0.717926	0.000000e+00	0.000000e+00	
   -0.667433	    0.717926	0.000000e+00	0.000000e+00	
   -0.667433	    0.717926	0.000000e+00	0.000000e+00	
   -0.667433	    0.717926	0.000000e+00	0.000000e+00	
   -0.667433	    0.717926	0.000000e+00	0.000000e+00	
   -0.667433	    0.717926	0.000000e+00	0.000000e+00	
   -0.667433	    0.717926	0.000000e+00	0.000000e+00	
   -0.667433	    0.717926	0.000000e+00	0.000000e+00	
   -0.667433	    0.717926	0.000000e+00	0.000000e+00	
   -0.667433	    0.717926	0.000000e+00	0.000000e+00	
   -0.667433	    0.717926	0.000000e+00	0.000000e+00	
   -0.667433	    0.717926	0.000000e+00	0.000000e+00	
   -0.667433	    0.717926	0.000000e+00	0.000000e+00	
   -0.667433	    0.717926	0.000000e+00	0.000000e+00	
   -0.667433	    0.717926	0.000000e+00	0.000000e+00	


   -0.667433	    0.717926	0.000000e+00	0.000000e+00	
   -0.667433	    0.717926	0.000000e+00	0.000000e+00	
   -0.667433	    0.717926	0.000000e+00	0.000000e+00	
   -0.667433	    0.717926	0.000000e+00	0.000000e+00	
   -0.667433	    0.717926	0.000000e+00	0.000000e+00	
   -0.667433	    0.717926	0.000000e+00	0.000000e+00	
   -0.667433	    0.717926	0.000000e+00	0.000000e+00	
   -0.667433	    0.717926	0.000000e+00	0.000000e+00	
   -0.667433	    0.717926	0.000000e+00	0.000000e+00	
   -0.667433	    0.717926	0.000000e+00	0.000000e+00	
   -0.667433	    0.717926	0.000000e+00	0.000000e+00	
   -0.667433	    0.717926	0.000000e+00	0.000000e+00	
   -0.667433	    0.717926	0.000000e+00	0.000000e+00	
   -0.667433	    0.717926	0.000000e+00	0.000000e+00	
   -0.667433	    0.717926	0.000000e+00	0.000000e+00	
   -0.667433	    0.717926	0.000000e+00	0.000000e+00	
   -0.667433	    0.717926	0.000000e+00	0.000000e+00	
   -0.667433	    0.717926	0.000000e+00	0.000000e+00	
   -0.667433	    0.717926	0.000000e+00	0.000000e+00	
   -0.667433	    0.717926	0.000000e+00	0.000000e+00	
   -0.667433	    0.717926	0.000000e+00	0.000000e+00	


   -0.835757	    0.523278	0.000000e+00	0.000000e+00	
   -0.835757	    0.523278	0.000000e+00	0.000000e+00	
   -0.835757	    0.523278	0.000000e+00	0.000000e+00	
   -0.835757	    0.523278	0.000000e+00	0.000000e+00	
   -0.835757	    0.523278	0.000000e+00	0.000000e+00	
   -0.835757	    0.523278	0.000000e+00	0.000000e+00	
   -0.835757	    0.523278	0.000000e+00	0.000000e+00	
   -0.835757	    0.523278	0.000000e+00	0.000000e+00	
   -0.835757	    0.523278	0.000000e+00	0.000000e+00	
   -0.835757	    0.523278	0.000000e+00	0.000000e+00	
   -0.835757	    0.523278	0.000000e+00	0.000000e+00	
   -0.835757	    0.523278	0.000000e+00	0.000000e+00	
   -0.835757	    0.523278	0.000000e+00	0.000000e+00	
   -0.835757	    0.523278	0.000000e+00	0.000000e+00	
   -0.835757	    0.523278	0.000000e+00	0.000000e+00	
   -0.835757	    0.523278	0.000000e+00	0.000000e+00	
   -0.835757	    0.523278	0.000000e+00	0.000000e+00	
   -0.835757	    0.523278	0.000000e+00	0.000000e+00	
   -0.835757	    0.523278	0.000000e+00	0.000000e+00	
   -0.835757	    0.523278	0.000000e+00	0.000000e+00	
   -0.835757	    0.523278	0.000000e+00	0.000000e+00	


   -0.835757	    0.523278	0.000000e+00	0.000000e+00	
   -0.835757	    0.523278	0.000000e+00	0.000000e+00	
   -0.835757	    0.523278	0.000000e+00	0.000000e+00	
   -0.835757	    0.523278	0.000000e+00	0.000000e+00	
   -0.835757	    0.523278	0.000000e+00	0.000000e+00	
   -0.835757	    0.523278	0.000000e+00	0.000000e+00	
   -0.835757	    0.523278	0.000000e+00	0.000000e+00	
   -0.835757	    0.523278	0.000000e+00	0.000000e+00	
   -0.835757	    0.523278	0.000000e+00	0.000000e+00	
   -0.835757	    0.523278	0.000000e+00	0.000000e+00	
   -0.835757	    0.523278	0.000000e+00	0.000000e+00	
   -0.835757	    0.523278	0.000000e+00	0.000000e+00	
   -0.835757	    0.523278	0.000000e+00	0.000000e+00	
   -0.835757	    0.523278	0.000000e+00	0.000000e+00	
   -0.835757	    0.523278	0.000000e+00	0.000000e+00	
   -0.835757	    0.523278	0.000000e+00	0.000000e+00	
   -0.835757	    0.523278	0.000000e+00	0.000000e+00	
   -0.835757	    0.523278	0.000000e+00	0.000000e+00	
   -0.835757	    0.523278	0.000000e+00	0.000000e+00	
   -0.835757	    0.523278	0.000000e+00	0.000000e+00	
   -0.835757	    0.523278	0.000000e+00	0.000000e+00	


   -0.951000	    0.295321	0.000000e+00	0.000000e+00	
   -0.951000	    0.295321	0.000000e+00	0.000000e+00	
   -0.951000	    0.295321	0.000000e+00	0.000000e+00	
   -0.951000	    0.295321	0.000000e+00	0.000000e+00	
   -0.951000	    0.295321	0.000000e+00	0.000000e+00	
   -0.951000	    0.295321	0.000000e+00	0.000000e+00	
   -0.951000	    0.295321	0.000000e+00	0.000000e+00	
   -0.951000	    0.295321	0.000000e+00	0.000000e+00	
   -0.951000	    0.295321	0.000000e+00	0.000000e+00	
   -0.951000	    0.295321	0.000000e+00	0.000000e+00	
   -0.951000	    0.295321	0.000000e+00	0.000000e+00	
   -0.951000	    0.295321	0.000000e+00	0.000000e+00	
   -0.951000	    0.295321	0.000000e+00	0.000000e+00	
   -0.951000	    0.295321	0.000000e+00	0.000000e+00	
   -0.951000	    0.295321	0.000000e+00	0.000000e+00	
   -0.951000	    0.295321	0.000000e+00	0.000000e+00	
   -0.951000	    0.295321	0.000000e+00	0.000000e+00	
   -0.951000	    0.295321	0.000000e+00	0.000000e+00	
   -0.951000	    0.295321	0.000000e+00	0.000000e+00	
   -0.951000	    0.295321	0.000000e+00	0.000000e+00	
   -0.951000	    0.295321	0.000000e+00	0.000000e+00	


   -0.951000	    0.295321	0.000000e+00	0.000000e+00	
   -0.951000	    0.295321	0.000000e+00	0.000000e+00	
   -0.951000	    0.295321	0.000000e+00	0.000000e+00	
   -0.951000	    0.295321	0.000000e+00	0.000000e+00	
   -0.951000	    0.295321	0.000000e+00	0.000000e+00	
   -0.951000	    0.295321	0.000000e+00	0.000000e+00	
   -0.951000	    0.295321	0.000000e+00	0.000000e+00	
   -0.951000	    0.295321	0.000000e+00	0.000000e+00	
   -0.951000	    0.295321	0.000000e+00	0.000000e+00	
   -0.951000	    0.295321	0.000000e+00	0.000000e+00	
   -0.951000	    0.295321	0.000000e+00	0.000000e+00	
   -0.951000	    0.295321	0.000000e+00	0.000000e+00	
   -0.951000	    0.295321	0.000000e+00	0.000000e+00	
   -0.951000	    0.295321	0.000000e+00	0.000000e+00	
   -0.951000	    0.295321	0.000000e+00	0.000000e+00	
   -0.951000	    0.295321	0.000000e+00	0.000000e+00	
   -0.951000	    0.295321	0.000000e+00	0.000000e+00	
   -0.951000	    0.295321	0.000000e+00	0.000000e+00	
   -0.951000	    0.295321	0.000000e+00	0.000000e+00	
   -0.951000	    0.295321	0.000000e+00	0.000000e+00	
   -0.951000	    0.295321	0.000000e+00	0.000000e+00	


   -1.007569	    0.049053	0.000000e+00	0.000000e+00	
   -1.007569	    0.049053	0.000000e+00	0.000000e+00	
   -1.007569	    0.049053	0.000000e+00	0.000000e+00	
   -1.007569	    0.049053	0.000000e+00	0.000000e+00	
   -1.007569	    0.049053	0.000000e+00	0.000000e+00	
   -1.007569	    0.049053	0.000000e+00	0.000000e+00	
   -1.007569	    0.049053	0.000000e+00	0.000000e+00	
   -1.007569	    0.049053	0.000000e+00	0.000000e+00	
   -1.007569	    0.049053	0.000000e+00	0.000000e+00	
   -1.007569	    0.049053	0.000000e+00	0.000000e+00	
   -1.007569	    0.049053	0.000000e+00	0.000000e+00	
   -1.007569	    0.049053	0.000000e+00	0.000000e+00	
   -1.007569	    0.049053	0.000000e+00	0.000000e+00	
   -1.007569	    0.049053	0.000000e+00	0.000000e+00	
   -1.007569	    0.049053	0.000000e+00	0.000000e+00	
   -1.007569	    0.049053	0.000000e+00	0.000000e+00	
   -1.007569	    0.049053	0.000000e+00	0.000000e+00	
   -1.007569	    0.049053	0.000000e+00	0.000000e+00	
   -1.007569	    0.049053	0.000000e+00	0.000000e+00	
   -1.007569	    0.049053	0.000000e+00	0.000000e+00	
   -1.007569	    0.049053	0.000000e+00	0.000000e+00	


   -1.007569	    0.049053	0.000000e+00	0.000000e+00	
   -1.007569	    0.049053	0.000000e+00	0.000000e+00	
   -1.007569	    0.049053	0.000000e+00	0.000000e+00	
   -1.007569	    0.049053	0.000000e+00	0.000000e+00	
   -1.007569	    0.049053	0.000000e+00	0.000000e+00	
   -1.007569	    0.049053	0.000000e+00	0.000000e+00	
   -1.007569	    0.049053	0.000000e+00	0.000000e+00	
   -1.007569	    0.049053	0.000000e+00	0.000000e+00	
   -1.007569	    0.049053	0.000000e+00	0.000000e+00	
   -1.007569	    0.049053	0.000000e+00	0.000000e+00	
   -1.007569	    0.049053	0.000000e+00	0.000000e+00	
   -1.007569	    0.049053	0.000000e+00	0.000000e+00	
   -1.007569	    0.049053	0.000000e+00	0.000000e+00	
   -1.007569	    0.049053	0.000000e+00	0.000000e+00	
   -1.007569	    0.049053	0.000000e+00	0.000000e+00	
   -1.007569	    0.049053	0.000000e+00	0.000000e+00	
   -1.007569	    0.049053	0.000000e+00	0.000000e+00	
   -1.007569	    0.049053	0.000000e+00	0.000000e+00	
   -1.007569	    0.049053	0.000000e+00	0.000000e+00	
   -1.007569	    0.049053	0.000000e+00	0.000000e+00	
   -1.007569	    0.049053	0.000000e+00	0.000000e+00	


   -1.004288	   -0.200221	0.000000e+00	0.000000e+00	
   -1.004288	   -0.200221	0.000000e+00	0.000000e+00	
   -1.004288	   -0.200221	0.000000e+00	0.000000e+00	
   -1.004288	   -0.200221	0.000000e+00	0.000000e+00	
   -1.004288	   -0.200221	0.000000e+00	0.000000e+00	
   -1.004288	   -0.200221	0.000000e+00	0.000000e+00	
   -1.004288	   -0.200221	0.000000e+00	0.000000e+00	
   -1.004288	   -0.200221	0.000000e+00	0.000000e+00	
   -1.004288	   -0.200221	0.000000e+00	0.000000e+00	
   -1.004288	   -0.200221	0.000000e+00	0.000000e+00	
   -1.004288	   -0.200221	0.000000e+00	0.000000e+00	
   -1.004288	   -0.200221	0.000000e+00	0.000000e+00	
   -1.004288	   -0.200221	0.000000e+00	0.000000e+00	
   -1.004288	   -0.200221	0.000000e+00	0.000000e+00	
   -1.004288	   -0.200221	0.000000e+00	0.000000e+00	
   -1.004288	   -0.200221	0.000000e+00	0.000000e+00	
   -1.004288	   -0.200221	0.000000e+00	0.000000e+00	
   -1.004288	   -0.200221	0.000000e+00	0.000000e+00	
   -1.004288	   -0.200221	0.000000e+00	0.000000e+00	
   -1.004288	   -0.200221	0.000000e+00	0.000000e+00	
   -1.004288	   -0.200221	0.000000e+00	0.000000e+00	


   -1.004288	   -0.200221	0.000000e+00	0.000000e+00	
   -1.004288	   -0.200221	0.000000e+00	0.000000e+00	
   -1.004288	   -0.200221	0.000000e+00	0.000000e+00	
   -1.004288	   -0.200221	0.000000e+00	0.000000e+00	
   -1.004288	   -0.200221	0.000000e+00	0.000000e+00	
   -1.004288	   -0.200221	0.000000e+00	0.000000e+00	
   -1.004288	   -0.200221	0.000000e+00	0.000000e+00	
   -1.004288	   -0.200221	0.000000e+00	0.000000e+00	
   -1.004288	   -0.200221	0.000000e+00	0.000000e+00	
   -1.004288	   -0.200221	0.000000e+00	0.000000e+00	
   -1.004288	   -0.200221	0.000000e+00	0.000000e+00	
   -1.004288	   -0.200221	0.000000e+00	0.000000e+00	
   -1.004288	   -0.200221	0.000000e+00	0.000000e+00	
   -1.004288	   -0.200221	0.000000e+00	0.000000e+00	
   -1.004288	   -0.200221	0.000000e+00	0.000000e+00	
   -1.004288	   -0.200221	0.000000e+00	0.000000e+00	
   -1.004288	   -0.200221	0.000000e+00	0.000000e+00	
   -1.004288	   -0.200221	0.000000e+00	0.000000e+00	
   -1.004288	   -0.200221	0.000000e+00	0.000000e+00	
   -1.004288	   -0.200221	0.000000e+00	0.000000e+00	
   -1.004288	   -0.200221	0.000000e+00	0.000000e+00	


   -0.943929	   -0.438197	0.000000e+00	0.000000e+00	
   -0.943929	   -0.438197	0.000000e+00	0.000000e+00	
   -0.943929	   -0.438197	0.000000e+00	0.000000e+00	
   -0.943929	   -0.438197	0.000000e+00	0.000000e+00	
   -0.943929	   -0.438197	0.000000e+00	0.000000e+00	
   -0.943929	   -0.438197	0.000000e+00	0.000000e+00	
   -0.943929	   -0.438197	0.000000e+00	0.000000e+00	
   -0.943929	   -0.438197	0.000000e+00	0.000000e+00	
   -0.943929	   -0.438197	0.000000e+00	0.000000e+00	
   -0.943929	   -0.438197	0.000000e+00	0.000000e+00	
   -0.943929	   -0.438197	0.000000e+00	0.000000e+00	
   -0.943929	   -0.438197	0.000000e+00	0.000000e+00	
   -0.943929	   -0.438197	0.000000e+00	0.000000e+00	
   -0.943929	   -0.438197	0.000000e+00	0.000000e+00	
   -0.943929	   -0.438197	0.000000e+00	0.000000e+00	
   -0.943929	   -0.438197	0.000000e+00	0.000000e+00	
   -0.943929	   -0.438197	0.000000e+00	0.000000e+00	
   -0.943929	   -0.438197	0.000000e+00	0.000000e+00	
   -0.943929	   -0.438197	0.000000e+00	0.000000e+00	
   -0.943929	   -0.438197	0.000000e+00	0.000000e+00	
   -0.943929	   -0.438197	0.000000e+00	0.000000e+00	


   -0.943929	   -0.438197	0.000000e+00	0.000000e+00	
   -0.943929	   -0.438197	0.000000e+00	0.000000e+00	
   -0.943929	   -0.438197	0.000000e+00	0.000000e+00	
   -0.943929	   -0.438197	0.000000e+00	0.000000e+00	
   -0.943929	   -0.438197	0.000000e+00	0.000000e+00	
   -0.943929	   -0.438197	0.000000e+00	0.000000e+00	
   -0.943929	   -0.438197	0.000000e+00	0.000000e+00	
   -0.943929	   -0.438197	0.000000e+00	0.000000e+00	
   -0.943929	   -0.438197	0.000000e+00	0.000000e+00	
   -0.943929	   -0.438197	0.000000e+00	0.000000e+00	
   -0.943929	   -0.438197	0.000000e+00	0.000000e+00	
   -0.943929	   -0.438197	0.000000e+00	0.000000e+00	
   -0.943929	   -0.438197	0.000000e+00	0.000000e+00	
   -0.943929	   -0.438197	0.000000e+00	0.000000e+00	
   -0.943929	   -0.438197	0.000000e+00	0.000000e+00	
   -0.943929	   -0.438197	0.000000e+00	0.000000e+00	
   -0.943929	   -0.438197	0.000000e+00	0.000000e+00	
   -0.943929	   -0.438197	0.000000e+00	0.000000e+00	
   -0.943929	   -0.438197	0.000000e+00	0.000000e+00	
   -0.943929	   -0.438197	0.000000e+00	0.000000e+00	
   -0.943929	   -0.438197	0.000000e+00	0.000000e+00	


   -0.832409	   -0.652493	0.000000e+00	0.000000e+00	
   -0.832409	   -0.652493	0.000000e+00	0.000000e+00	
   -0.832409	   -0.652493	0.000000e+00	0.000000e+00	
   -0.832409	   -0.652493	0.000000e+00	0.000000e+00	
   -0.832409	   -0.652493	0.000000e+00	0.000000e+00	
   -0.832409	   -0.652493	0.000000e+00	0.000000e+00	
   -0.832409	   -0.652493	0.000000e+00	0.000000e+00	
   -0.832409	   -0.652493	0.000000e+00	0.000000e+00	
   -0.832409	   -0.652493	0.000000e+00	0.000000e+00	
   -0.832409	   -0.652493	0.000000e+00	0.000000e+00	
   -0.832409	   -0.652493	0.000000e+00	0.000000e+00	
   -0.832409	   -0.652493	0.000000e+00	0.000000e+00	
   -0.832409	   -0.652493	0.000000e+00	0.000000e+00	
   -0.832409	   -0.652493	0.000000e+00	0.000000e+00	
   -0.832409	   -0.652493	0.000000e+00	0.000000e+00	
   -0.832409	   -0.652493	0.000000e+00	0.000000e+00	
   -0.832409	   -0.652493	0.000000e+00	0.000000e+00	
   -0.832409	   -0.652493	0.000000e+00	0.000000e+00	
   -0.832409	   -0.652493	0.000000e+00	0.000000e+00	
   -0.832409	   -0.652493	0.000000e+00	0.000000e+00	
   -0.832409	   -0.652493	0.000000e+00	0.000000e+00	


   -0.832409	   -0.652493	0.000000e+00	0.000000e+00	
   -0.832409	   -0.652493	0.000000e+00	0.000000e+00	
   -0.832409	   -0.652493	0.000000e+00	0.000000e+00	
   -0.832409	   -0.652493	0.000000e+00	0.000000e+00	
   -0.832409	   -0.652493	0.000000e+00	0.000000e+00	
   -0.832409	   -0.652493	0.000000e+00	0.000000e+00	
   -0.832409	   -0.652493	0.000000e+00	0.000000e+00	
   -0.832409	   -0.652493	0.000000e+00	0.000000e+00	
   -0.832409	   -0.652493	0.000000e+00	0.000000e+00	
   -0.832409	   -0.652493	0.000000e+00	0.000000e+00	
   -0.832409	   -0.652493	0.000000e+00	0.000000e+00	
   -0.832409	   -0.652493	0.000000e+00	0.000000e+00	
   -0.832409	   -0.652493	0.000000e+00	0.000000e+00	
   -0.832409	   -0.652493	0.000000e+00	0.000000e+00	
   -0.832409	   -0.652493	0.000000e+00	0.000000e+00	
   -0.832409	   -0.652493	0.000000e+00	0.000000e+00	
   -0.832409	   -0.652493	0.000000e+00	0.000000e+00	
   -0.832409	   -0.652493	0.000000e+00	0.000000e+00	
   -0.832409	   -0.652493	0.000000e+00	0.000000e+00	
   -0.832409	   -0.652493	0.000000e+00	0.000000e+00	
   -0.832409	   -0.652493	0.000000e+00	0.000000e+00	


   -0.677853	   -0.833170	0.000000e+00	0.000000e+00	
   -0.677853	   -0.833170	0.000000e+00	0.000000e+00	
   -0.677853	   -0.833170	0.000000e+00	0.000000e+00	
   -0.677853	   -0.833170	0.000000e+00	0.000000e+00	
   -0.677853	   -0.833170	0.000000e+00	0.000000e+00	
   -0.677853	   -0.833170	0.000000e+00	0.000000e+00	
   -0.677853	   -0.833170	0.000000e+00	0.000000e+00	
   -0.677853	   -0.833170	0.000000e+00	0.000000e+00	
   -0.677853	   -0.833170	0.000000e+00	0.000000e+00	
   -0.677853	   -0.833170	0.000000e+00	0.000000e+00	
   -0.677853	   -0.833170	0.000000e+00	0.000000e+00	
   -0.677853	   -0.833170	0.000000e+00	0.000000e+00	
   -0.677853	   -0.833170	0.000000e+00	0.000000e+00	
   -0.677853	   -0.833170	0.000000e+00	0.000000e+00	
   -0.677853	   -0.833170	0.000000e+00	0.000000e+00	
   -0.677853	   -0.833170	0.000000e+00	0.000000e+00	
   -0.677853	   -0.833170	0.000000e+00	0.000000e+00	
   -0.677853	   -0.833170	0.000000e+00	0.000000e+00	
   -0.677853	   -0.833170	0.000000e+00	0.000000e+00	
   -0.677853	   -0.833170	0.000000e+00	0.000000e+00	
   -0.677853	   -0.833170	0.000000e+00	0.000000e+00	


   -0.677853	   -0.833170	0.000000e+00	0.000000e+00	
   -0.677853	   -0.833170	0.000000e+00	0.000000e+00	
   -0.677853	   -0.833170	0.000000e+00	0.000000e+00	
   -0.677853	   -0.833170	0.000000e+00	0.000000e+00	
   -0.677853	   -0.833170	0.000000e+00	0.000000e+00	
   -0.677853	   -0.833170	0.000000e+00	0.000000e+00	
   -0.677853	   -0.833170	0.000000e+00	0.000000e+00	
   -0.677853	   -0.833170	0.000000e+00	0.000000e+00	
   -0.677853	   -0.833170	0.000000e+00	0.000000e+00	
   -0.677853	   -0.833170	0.000000e+00	0.000000e+00	
   -0.677853	   -0.833170	0.000000e+00	0.000000e+00	
   -0.677853	   -0.833170	0.000000e+00	0.000000e+00	
   -0.677853	   -0.833170	0.000000e+00	0.000000e+00	
   -0.677853	   -0.833170	0.000000e+00	0.000000e+00	
   -0.677853	   -0.833170	0.000000e+00	0.000000e+00	
   -0.677853	   -0.833170	0.000000e+00	0.000000e+00	
   -0.677853	   -0.833170	0.000000e+00	0.000000e+00	
   -0.677853	   -0.833170	0.000000e+00	0.000000e+00	
   -0.677853	   -0.833170	0.000000e+00	0.000000e+00	
   -0.677853	   -0.833170	0.000000e+00	0.000000e+00	
   -0.677853	   -0.833170	0.000000e+00	0.000000e+00	


   -0.489807	   -0.972797	0.000000e+00	0.000000e+00	
   -0.489807	   -0.972797	0.000000e+00	0.000000e+00	
   -0.489807	   -0.972797	0.000000e+00	0.000000e+00	
   -0.489807	   -0.972797	0.000000e+00	0.000000e+00	
   -0.489807	   -0.972797	0.000000e+00	0.000000e+00	
   -0.489807	   -0.972797	0.000000e+00	0.000000e+00	
   -0.489807	   -0.972797	0.000000e+00	0.000000e+00	
   -0.489807	   -0.972797	0.000000e+00	0.000000e+00	
   -0.489807	   -0.972797	0.000000e+00	0.000000e+00	
   -0.489807	   -0.972797	0.000000e+00	0.000000e+00	
   -0.489807	   -0.972797	0.000000e+00	0.000000e+00	
   -0.489807	   -0.972797	0.000000e+00	0.000000e+00	
   -0.489807	   -0.972797	0.000000e+00	0.000000e+00	
   -0.489807	   -0.972797	0.000000e+00	0.000000e+00	
   -0.489807	   -0.972797	0.000000e+00	0.000000e+00	
   -0.489807	   -0.972797	0.000000e+00	0.000000e+00	
   -0.489807	   -0.972797	0.000000e+00	0.000000e+00	
   -0.489807	   -0.972797	0.000000e+00	0.000000e+00	
   -0.489807	   -0.972797	0.000000e+00	0.000000e+00	
   -0.489807	   -0.972797	0.000000e+00	0.000000e+00	
   -0.489807	   -0.972797	0.000000e+00	0.000000e+00	


   -0.489807	   -0.972797	0.000000e+00	0.000000e+00	
   -0.489807	   -0.972797	0.000000e+00	0.000000e+00	
   -0.489807	   -0.972797	0.000000e+00	0.000000e+00	
   -0.489807	   -0.972797	0.000000e+00	0.000000e+00	
   -0.489807	   -0.972797	0.000000e+00	0.000000e+00	
   -0.489807	   -0.972797	0.000000e+00	0.000000e+00	
   -0.489807	   -0.972797	0.000000e+00	0.000000e+00	
   -0.489807	   -0.972797	0.000000e+00	0.000000e+00	
   -0.489807	   -0.972797	0.000000e+00	0.000000e+00	
   -0.489807	   -0.972797	0.000000e+00	0.000000e+00	
   -0.489807	   -0.972797	0.000000e+00	0.000000e+00	
   -0.489807	   -0.972797	0.000000e+00	0.000000e+00	
   -0.489807	   -0.972797	0.000000e+00	0.000000e+00	
   -0.489807	   -0.972797	0.000000e+00	0.000000e+00	
   -0.489807	   -0.972797	0.000000e+00	0.000000e+00	
   -0.489807	   -0.972797	0.000000e+00	0.000000e+00	
   -0.489807	   -0.972797	0.000000e+00	0.000000e+00	
   -0.489807	   -0.972797	0.000000e+00	0.000000e+00	
   -0.489807	   -0.972797	0.000000e+00	0.000000e+00	
   -0.489807	   -0.972797	0.000000e+00	0.000000e+00	
   -0.489807	   -0.972797	0.000000e+00	0.000000e+00	


   -0.278524	   -1.066418	0.000000e+00	0.000000e+00	
   -0.278524	   -1.066418	0.000000e+00	0.000000e+00	
   -0.278524	   -1.066418	0.000000e+00	0.000000e+00	
   -0.278524	   -1.066418	0.000000e+00	0.000000e+00	
   -0.278524	   -1.066418	0.000000e+00	0.000000e+00	
   -0.278524	   -1.066418	0.000000e+00	0.000000e+00	
   -0.278524	   -1.066418	0.000000e+00	0.000000e+00	
   -0.278524	   -1.066418	0.000000e+00	0.000000e+00	
   -0.278524	   -1.066418	0.000000e+00	0.000000e+00	
   -0.278524	   -1.066418	0.000000e+00	0.000000e+00	
   -0.278524	   -1.066418	0.000000e+00	0.000000e+00	
   -0.278524	   -1.066418	0.000000e+00	0.000000e+00	
   -0.278524	   -1.066418	0.000000e+00	0.000000e+00	
   -0.278524	   -1.066418	0.000000e+00	0.000000e+00	
   -0.278524	   -1.066418	0.000000e+00	0.000000e+00	
   -0.278524	   -1.066418	0.000000e+00	0.000000e+00	
   -0.278524	   -1.066418	0.000000e+00	0.000000e+00	
   -0.278524	   -1.066418	0.000000e+00	0.000000e+00	
   -0.278524	   -1.066418	0.000000e+00	0.000000e+00	
   -0.278524	   -1.066418	0.000000e+00	0.000000e+00	
   -0.278524	   -1.066418	0.000000e+00	0.000000e+00	


   -0.278524	   -1.066418	0.000000e+00	0.000000e+00	
   -0.278524	   -1.066418	0.000000e+00	0.000000e+00	
   -0.278524	   -1.066418	0.000000e+00	0.000000e+00	
   -0.278524	   -1.066418	0.000000e+00	0.000000e+00	
   -0.278524	   -1.066418	0.000000e+00	0.000000e+00	
   -0.278524	   -1.066418	0.000000e+00	0.000000e+00	
   -0.278524	   -1.066418	0.000000e+00	0.000000e+00	
   -0.278524	   -1.066418	0.000000e+00	0.000000e+00	
   -0.278524	   -1.066418	0.000000e+00	0.000000e+00	
   -0.278524	   -1.066418	0.000000e+00	0.000000e+00	
   -0.278524	   -1.066418	0.000000e+00	0.000000e+00	
   -0.278524	   -1.066418	0.000000e+00	0.000000e+00	
   -0.278524	   -1.066418	0.000000e+00	0.000000e+00	
   -0.278524	   -1.066418	0.000000e+00	0.000000e+00	
   -0.278524	   -1.066418	0.000000e+00	0.000000e+00	
   -0.278524	   -1.066418	0.000000e+00	0.000000e+00	
   -0.278524	   -1.066418	0.000000e+00	0.000000e+00	
   -0.278524	   -1.066418	0.000000e+00	0.000000e+00	
   -0.278524	   -1.066418	0.000000e+00	0.000000e+00	
   -0.278524	   -1.066418	0.000000e+00	0.000000e+00	
   -0.278524	   -1.066418	0.000000e+00	0.000000e+00	


   -0.054471	   -1.111344	0.000000e+00	0.000000e+00	
   -0.054471	   -1.111344	0.000000e+00	0.000000e+00	
   -0.054471	   -1.111344	0.000000e+00	0.000000e+00	
   -0.054471	   -1.111344	0.000000e+00	0.000000e+00	
   -0.054471	   -1.111344	0.000000e+00	0.000000e+00	
   -0.054471	   -1.111344	0.000000e+00	0.000000e+00	
   -0.054471	   -1.111344	0.000000e+00	0.000000e+00	
   -0.054471	   -1.111344	0.000000e+00	0.000000e+00	
   -0.054471	   -1.111344	0.000000e+00	0.000000e+00	
   -0.054471	   -1.111344	0.000000e+00	0.000000e+00	
   -0.054471	   -1.111344	0.000000e+00	0.000000e+00	
   -0.054471	   -1.111344	0.000000e+00	0.000000e+00	
   -0.054471	   -1.111344	0.000000e+00	0.000000e+00	
   -0.054471	   -1.111344	0.000000e+00	0.000000e+00	
   -0.054471	   -1.111344	0.000000e+00	0.000000e+00	
   -0.054471	   -1.111344	0.000000e+00	0.000000e+00	
   -0.054471	   -1.111344	0.000000e+00	0.000000e+00	
   -0.054471	   -1.111344	0.000000e+00	0.000000e+00	
   -0.054471	   -1.111344	0.000000e+00	0.000000e+00	
   -0.054471	   -1.111344	0.000000e+00	0.000000e+00	
   -0.054471	   -1.111344	0.000000e+00	0.000000e+00	


   -0.054471	   -1.111344	0.000000e+00	0.000000e+00	
   -0.054471	   -1.111344	0.000000e+00	0.000000e+00	
   -0.054471	   -1.111344	0.000000e+00	0.000000e+00	
   -0.054471	   -1.111344	0.000000e+00	0.000000e+00	
   -0.054471	   -1.111344	0.000000e+00	0.000000e+00	
   -0.054471	   -1.111344	0.000000e+00	0.000000e+00	
   -0.054471	   -1.111344	0.000000e+00	0.000000e+00	
   -0.054471	   -1.111344	0.000000e+00	0.000000e+00	
   -0.054471	   -1.111344	0.000000e+00	0.000000e+00	
   -0.054471	   -1.111344	0.000000e+00	0.000000e+00	
   -0.054471	   -1.111344	0.000000e+00	0.000000e+00	
   -0.054471	   -1.111344	0.000000e+00	0.000000e+00	
   -0.054471	   -1.111344	0.000000e+00	0.000000e+00	
   -0.054471	   -1.111344	0.000000e+00	0.000000e+00	
   -0.054471	   -1.111344	0.000000e+00	0.000000e+00	
   -0.054471	   -1.111344	0.000000e+00	0.000000e+00	
   -0.054471	   -1.111344	0.000000e+00	0.000000e+00	
   -0.054471	   -1.111344	0.000000e+00	0.000000e+00	
   -0.054471	   -1.111344	0.000000e+00	0.000000e+00	
   -0.054471	   -1.111344	0.000000e+00	0.000000e+00	
   -0.054471	   -1.111344	0.000000e+00	0.000000e+00	


    0.172035	   -1.106928	0.000000e+00	0.000000e+00	
    0.172035	   -1.106928	0.000000e+00	0.000000e+00	
    0.172035	   -1.106928	0.000000e+00	0.000000e+00	
    0.172035	   -1.106928	0.000000e+00	0.000000e+00	
    0.172035	   -1.106928	0.000000e+00	0.000000e+00	
    0.172035	   -1.106928	0.000000e+00	0.000000e+00	
    0.172035	   -1.106928	0.000000e+00	0.000000e+00	
    0.172035	   -1.106928	0.000000e+00	0.000000e+00	
    0.172035	   -1.106928	0.000000e+00	0.000000e+00	
    0.172035	   -1.106928	0.000000e+00	0.000000e+00	
    0.172035	   -1.106928	0.000000e+00	0.000000e+00	
    0.172035	   -1.106928	0.000000e+00	0.000000e+00	
    0.172035	   -1.106928	0.000000e+00	0.000000e+00	
    0.172035	   -1.106928	0.000000e+00	0.000000e+00	
    0.172035	   -1.106928	0.000000e+00	0.000000e+00	
    0.172035	   -1.106928	0.000000e+00	0.000000e+00	
    0.172035	   -1.106928	0.000000e+00	0.000000e+00	
    0.172035	   -1.106928	0.000000e+00	0.000000e+00	
    0.172035	   -1.106928	0.000000e+00	0.000000e+00	
    0.172035	   -1.106928	0.000000e+00	0.000000e+00	
    0.172035	   -1.106928	0.000000e+00	0.000000e+00	


    0.172035	   -1.106928	0.000000e+00	0.000000e+00	
    0.172035	   -1.106928	0.000000e+00	0.000000e+00	
    0.172035	   -1.106928	0.000000e+00	0.000000e+00	
    0.172035	   -1.106928	0.000000e+00	0.000000e+00	
    0.172035	   -1.106928	0.000000e+00	0.000000e+00	
    0.172035	   -1.106928	0.000000e+00	0.000000e+00	
    0.172035	   -1.106928	0.000000e+00	0.000000e+00	
    0.172035	   -1.106928	0.000000e+00	0.000000e+00	
    0.172035	   -1.106928	0.000000e+00	0.000000e+00	
    0.172035	   -1.106928	0.000000e+00	0.000000e+00	
    0.172035	   -1.106928	0.000000e+00	0.000000e+00	
    0.172035	   -1.106928	0.000000e+00	0.000000e+00	
    0.172035	   -1.106928	0.000000e+00	0.000000e+00	
    0.172035	   -1.106928	0.000000e+00	0.000000e+00	
    0.172035	   -1.106928	0.000000e+00	0.000000e+00	
    0.172035	   -1.106928	0.000000e+00	0.000000e+00	
    0.172035	   -1.106928	0.000000e+00	0.000000e+00	
    0.172035	   -1.106928	0.000000e+00	0.000000e+00	
    0.172035	   -1.106928	0.000000e+00	0.000000e+00	
    0.172035	   -1.106928	0.000000e+00	0.000000e+00	
    0.172035	   -1.106928	0.000000e+00	0.000000e+00	


    0.391069	   -1.054347	0.000000e+00	0.000000e+00	
    0.391069	   -1.054347	0.000000e+00	0.000000e+00	
    0.391069	   -1.054347	0.000000e+00	0.000000e+00	
    0.391069	   -1.054347	0.000000e+00	0.000000e+00	
    0.391069	   -1.054347	0.000000e+00	0.000000e+00	
    0.391069	   -1.054347	0.000000e+00	0.000000e+00	
    0.391069	   -1.054347	0.000000e+00	0.000000e+00	
    0.391069	   -1.054347	0.000000e+00	0.000000e+00	
    0.391069	   -1.054347	0.000000e+00	0.000000e+00	
    0.391069	   -1.054347	0.000000e+00	0.000000e+00	
    0.391069	   -1.054347	0.000000e+00	0.000000e+00	
    0.391069	   -1.054347	0.000000e+00	0.000000e+00	
    0.391069	   -1.054347	0.000000e+00	0.000000e+00	
    0.391069	   -1.054347	0.000000e+00	0.000000e+00	
    0.391069	   -1.054347	0.000000e+00	0.000000e+00	
    0.391069	   -1.054347	0.000000e+00	0.000000e+00	
    0.391069	   -1.054347	0.000000e+00	0.000000e+00	
    0.391069	   -1.054347	0.000000e+00	0.000000e+00	
    0.391069	   -1.054347	0.000000e+00	0.000000e+00	
    0.391069	   -1.054347	0.000000e+00	0.000000e+00	
    0.391069	   -1.054347	0.000000e+00	0.000000e+00	


    0.391069	   -1.054347	0.000000e+00	0.000000e+00	
    0.391069	   -1.054347	0.000000e+00	0.000000e+00	
    0.391069	   -1.054347	0.000000e+00	0.000000e+00	
    0.391069	   -1.054347	0.000000e+00	0.000000e+00	
    0.391069	   -1.054347	0.000000e+00	0.000000e+00	
    0.391069	   -1.054347	0.000000e+00	0.000000e+00	
    0.391069	   -1.054347	0.000000e+00	0.000000e+00	
    0.391069	   -1.054347	0.000000e+00	0.000000e+00	
    0.391069	   -1.054347	0.000000e+00	0.000000e+00	
    0.391069	   -1.054347	0.000000e+00	0.000000e+00	
    0.391069	   -1.054347	0.000000e+00	0.000000e+00	
    0.391069	   -1.054347	0.000000e+00	0.000000e+00	
    0.391069	   -1.054347	0.000000e+00	0.000000e+00	
    0.391069	   -1.054347	0.000000e+00	0.000000e+00	
    0.391069	   -1.054347	0.000000e+00	0.000000e+00	
    0.391069	   -1.054347	0.000000e+00	0.000000e+00	
    0.391069	   -1.054347	0.000000e+00	0.000000e+00	
    0.391069	   -1.054347	0.000000e+00	0.000000e+00	
    0.391069	   -1.054347	0.000000e+00	0.000000e+00	
    0.391069	   -1.054347	0.000000e+00	0.000000e+00	
    0.391069	   -1.054347	0.000000e+00	0.000000e+00	


    0.593268	   -0.956425	0.000000e+00	0.000000e+00	
    0.593268	   -0.956425	0.000000e+00	0.000000e+00	
    0.593268	   -0.956425	0.000000e+00	0.000000e+00	
    0.593268	   -0.956425	0.000000e+00	0.000000e+00	
    0.593268	   -0.956425	0.000000e+00	0.000000e+00	
    0.593268	   -0.956425	0.000000e+00	0.000000e+00	
    0.593268	   -0.956425	0.000000e+00	0.000000e+00	
    0.593268	   -0.956425	0.000000e+00	0.000000e+00	
    0.593268	   -0.956425	0.000000e+00	0.000000e+00	
    0.593268	   -0.956425	0.000000e+00	0.000000e+00	
    0.593268	   -0.956425	0.000000e+00	0.000000e+00	
    0.593268	   -0.956425	0.000000e+00	0.000000e+00	
    0.593268	   -0.956425	0.000000e+00	0.000000e+00	
    0.593268	   -0.956425	0.000000e+00	0.000000e+00	
    0.593268	   -0.956425	0.000000e+00	0.000000e+00	
    0.593268	   -0.956425	0.000000e+00	0.000000e+00	
    0.593268	   -0.956425	0.000000e+00	0.000000e+00	
    0.593268	   -0.956425	0.000000e+00	0.000000e+00	
    0.593268	   -0.956425	0.000000e+00	0.000000e+00	
    0.593268	   -0.956425	0.000000e+00	0.000000e+00	
    0.593268	   -0.956425	0.000000e+00	0.000000e+00	


    0.593268	   -0.956425	0.000000e+00	0.000000e+00	
    0.593268	   -0.956425	0.000000e+00	0.000000e+00	
    0.593268	   -0.956425	0.000000e+00	0.000000e+00	
    0.593268	   -0.956425	0.000000e+00	0.000000e+00	
    0.593268	   -0.956425	0.000000e+00	0.000000e+00	
    0.593268	   -0.956425	0.000000e+00	0.000000e+00	
    0.593268	   -0.956425	0.000000e+00	0.000000e+00	
    0.593268	   -0.956425	0.000000e+00	0.000000e+00	
    0.593268	   -0.956425	0.000000e+00	0.000000e+00	
    0.593268	   -0.956425	0.000000e+00	0.000000e+00	
    0.593268	   -0.956425	0.000000e+00	0.000000e+00	
    0.593268	   -0.956425	0.000000e+00	0.000000e+00	
    0.593268	   -0.956425	0.000000e+00	0.000000e+00	
    0.593268	   -0.956425	0.000000e+00	0.000000e+00	
    0.593268	   -0.956425	0.000000e+00	0.000000e+00	
    0.593268	   -0.956425	0.000000e+00	0.000000e+00	
    0.593268	   -0.956425	0.000000e+00	0.000000e+00	
    0.593268	   -0.956425	0.000000e+00	0.000000e+00	
    0.593268	   -0.956425	0.000000e+00	0.000000e+00	
    0.593268	   -0.956425	0.000000e+00	0.000000e+00	
    0.593268	   -0.956425	0.000000e+00	0.000000e+00	


    0.769962	   -0.817511	0.000000e+00	0.000000e+00	
    0.769962	   -0.817511	0.000000e+00	0.000000e+00	
    0.769962	   -0.817511	0.000000e+00	0.000000e+00	
    0.769962	   -0.817511	0.000000e+00	0.000000e+00	
    0.769962	   -0.817511	0.000000e+00	0.000000e+00	
    0.769962	   -0.817511	0.000000e+00	0.000000e+00	
    0.769962	   -0.817511	0.000000e+00	0.000000e+00	
    0.769962	   -0.817511	0.000000e+00	0.000000e+00	
    0.769962	   -0.817511	0.000000e+00	0.000000e+00	
    0.769962	   -0.817511	0.000000e+00	0.000000e+00	
    0.769962	   -0.817511	0.000000e+00	0.000000e+00	
    0.769962	   -0.817511	0.000000e+00	0.000000e+00	
    0.769962	   -0.817511	0.000000e+00	0.000000e+00	
    0.769962	   -0.817511	0.000000e+00	0.000000e+00	
    0.769962	   -0.817511	0.000000e+00	0.000000e+00	
    0.769962	   -0.817511	0.000000e+00	0.000000e+00	
    0.769962	   -0.817511	0.000000e+00	0.000000e+00	
    0.769962	   -0.817511	0.000000e+00	0.000000e+00	
    0.769962	   -0.817511	0.000000e+00	0.000000e+00	
    0.769962	   -0.817511	0.000000e+00	0.000000e+00	
    0.769962	   -0.817511	0.000000e+00	0.000000e+00	


    0.769962	   -0.817511	0.000000e+00	0.000000e+00	
    0.769962	   -0.817511	0.000000e+00	0.000000e+00	
    0.769962	   -0.817511	0.000000e+00	0.000000e+00	
    0.769962	   -0.817511	0.000000e+00	0.000000e+00	
    0.769962	   -0.817511	0.000000e+00	0.000000e+00	
    0.769962	   -0.817511	0.000000e+00	0.000000e+00	
    0.769962	   -0.817511	0.000000e+00	0.000000e+00	
    0.769962	   -0.817511	0.000000e+00	0.000000e+00	
    0.769962	   -0.817511	0.000000e+00	0.000000e+00	
    0.769962	   -0.817511	0.000000e+00	0.000000e+00	
    0.769962	   -0.817511	0.000000e+00	0.000000e+00	
    0.769962	   -0.817511	0.000000e+00	0.000000e+00	
    0.769962	   -0.817511	0.000000e+00	0.000000e+00	
    0.769962	   -0.817511	0.000000e+00	0.000000e+00	
    0.769962	   -0.817511	0.000000e+00	0.000000e+00	
    0.769962	   -0.817511	0.000000e+00	0.000000e+00	
    0.769962	   -0.817511	0.000000e+00	0.000000e+00	
    0.769962	   -0.817511	0.000000e+00	0.000000e+00	
    0.769962	   -0.817511	0.000000e+00	0.000000e+00	
    0.769962	   -0.817511	0.000000e+00	0.000000e+00	
    0.769962	   -0.817511	0.000000e+00	0.000000e+00	


    0.913089	   -0.643614	0.000000e+00	0.000000e+00	
    0.913089	   -0.643614	0.000000e+00	0.000000e+00	
    0.913089	   -0.643614	0.000000e+00	0.000000e+00	
    0.913089	   -0.643614	0.000000e+00	0.000000e+00	
    0.913089	   -0.643614	0.000000e+00	0.000000e+00	
    0.913089	   -0.643614	0.000000e+00	0.000000e+00	
    0.913089	   -0.643614	0.000000e+00	0.000000e+00	
    0.913089	   -0.643614	0.000000e+00	0.000000e+00	
    0.913089	   -0.643614	0.000000e+00	0.000000e+00	
    0.913089	   -0.643614	0.000000e+00	0.000000e+00	
    0.913089	   -0.643614	0.000000e+00	0.000000e+00	
    0.913089	   -0.643614	0.000000e+00	0.000000e+00	
    0.913089	   -0.643614	0.000000e+00	0.000000e+00	
    0.913089	   -0.643614	0.000000e+00	0.000000e+00	
    0.913089	   -0.643614	0.000000e+00	0.000000e+00	
    0.913089	   -0.643614	0.000000e+00	0.000000e+00	
    0.913089	   -0.643614	0.000000e+00	0.000000e+00	
    0.913089	   -0.643614	0.000000e+00	0.000000e+00	
    0.913089	   -0.643614	0.000000e+00	0.000000e+00	
    0.913089	   -0.643614	0.000000e+00	0.000000e+00	
    0.913089	   -0.643614	0.000000e+00	0.000000e+00	


    0.913089	   -0.643614	0.000000e+00	0.000000e+00	
    0.913089	   -0.643614	0.000000e+00	0.000000e+00	
    0.913089	   -0.643614	0.000000e+00	0.000000e+00	
    0.913089	   -0.643614	0.000000e+00	0.000000e+00	
    0.913089	   -0.643614	0.000000e+00	0.000000e+00	
    0.913089	   -0.643614	0.000000e+00	0.000000e+00	
    0.913089	   -0.643614	0.000000e+00	0.000000e+00	
    0.913089	   -0.643614	0.000000e+00	0.000000e+00	
    0.913089	   -0.643614	0.000000e+00	0.000000e+00	
    0.913089	   -0.643614	0.000000e+00	0.000000e+00	
    0.913089	   -0.643614	0.000000e+00	0.000000e+00	
    0.913089	   -0.643614	0.000000e+00	0.000000e+00	
    0.913089	   -0.643614	0.000000e+00	0.000000e+00	
    0.913089	   -0.643614	0.000000e+00	0.000000e+00	
    0.913089	   -0.643614	0.000000e+00	0.000000e+00	
    0.913089	   -0.643614	0.000000e+00	0.000000e+00	
    0.913089	   -0.643614	0.000000e+00	0.000000e+00	
    0.913089	   -0.643614	0.000000e+00	0.000000e+00	
    0.913089	   -0.643614	0.000000e+00	0.000000e+00	
    0.913089	   -0.643614	0.000000e+00	0.000000e+00	
    0.913089	   -0.643614	0.000000e+00	0.000000e+00	


    1.015684	   -0.442212	0.000000e+00	0.000000e+00	
    1.015684	   -0.442212	0.000000e+00	0.000000e+00	
    1.015684	   -0.442212	0.000000e+00	0.000000e+00	
    1.015684	   -0.442212	0.000000e+00	0.000000e+00	
    1.015684	   -0.442212	0.000000e+00	0.000000e+00	
    1.015684	   -0.442212	0.000000e+00	0.000000e+00	
    1.015684	   -0.442212	0.000000e+00	0.000000e+00	
    1.015684	   -0.442212	0.000000e+00	0.000000e+00	
    1.015684	   -0.442212	0.000000e+00	0.000000e+00	
    1.015684	   -0.442212	0.000000e+00	0.000000e+00	
    1.015684	   -0.442212	0.000000e+00	0.000000e+00	
    1.015684	   -0.442212	0.000000e+00	0.000000e+00	
    1.015684	   -0.442212	0.000000e+00	0.000000e+00	
    1.015684	   -0.442212	0.000000e+00	0.000000e+00	
    1.015684	   -0.442212	0.000000e+00	0.000000e+00	
    1.015684	   -0.442212	0.000000e+00	0.000000e+00	
    1.015684	   -0.442212	0.000000e+00	0.000000e+00	
    1.015684	   -0.442212	0.000000e+00	0.000000e+00	
    1.015684	   -0.442212	0.000000e+00	0.000000e+00	
    1.015684	   -0.442212	0.000000e+00	0.000000e+00	
    1.015684	   -0.442212	0.000000e+00	0.000000e+00	


    1.015684	   -0.442212	0.000000e+00	0.000000e+00	
    1.015684	   -0.442212	0.000000e+00	0.000000e+00	
    1.015684	   -0.442212	0.000000e+00	0.000000e+00	
    1.015684	   -0.442212	0.000000e+00	0.000000e+00	
    1.015684	   -0.442212	0.000000e+00	0.000000e+00	
    1.015684	   -0.442212	0.000000e+00	0.000000e+00	
    1.015684	   -0.442212	0.000000e+00	0.000000e+00	
    1.015684	   -0.442212	0.000000e+00	0.000000e+00	
    1.015684	   -0.442212	0.000000e+00	0.000000e+00	
    1.015684	   -0.442212	0.000000e+00	0.000000e+00	
    1.015684	   -0.442212	0.000000e+00	0.000000e+00	
    1.015684	   -0.442212	0.000000e+00	0.000000e+00	
    1.015684	   -0.442212	0.000000e+00	0.000000e+00	
    1.015684	   -0.442212	0.000000e+00	0.000000e+00	
    1.015684	   -0.442212	0.000000e+00	0.000000e+00	
    1.015684	   -0.442212	0.000000e+00	0.000000e+00	
    1.015684	   -0.442212	0.000000e+00	0.000000e+00	
    1.015684	   -0.442212	0.000000e+00	0.000000e+00	
    1.015684	   -0.442212	0.000000e+00	0.000000e+00	
    1.015684	   -0.442212	0.000000e+00	0.000000e+00	
    1.015684	   -0.442212	0.000000e+00	0.000000e+00	


    1.072271	   -0.221741	0.000000e+00	0.000000e+00	
    1.072271	   -0.221741	0.000000e+00	0.000000e+00	
    1.072271	   -0.221741	0.000000e+00	0.000000e+00	
    1.072271	   -0.221741	0.000000e+00	0.000000e+00	
    1.072271	   -0.221741	0.000000e+00	0.000000e+00	
    1.072271	   -0.221741	0.000000e+00	0.000000e+00	
    1.072271	   -0.221741	0.000000e+00	0.000000e+00	
    1.072271	   -0.221741	0.000000e+00	0.000000e+00	
    1.072271	   -0.221741	0.000000e+00	0.000000e+00	
    1.072271	   -0.221741	0.000000e+00	0.000000e+00	
    1.072271	   -0.221741	0.000000e+00	0.000000e+00	
    1.072271	   -0.221741	0.000000e+00	0.000000e+00	
    1.072271	   -0.221741	0.000000e+00	0.000000e+00	
    1.072271	   -0.221741	0.000000e+00	0.000000e+00	
    1.072271	   -0.221741	0.000000e+00	0.000000e+00	
    1.072271	   -0.221741	0.000000e+00	0.000000e+00	
    1.072271	   -0.221741	0.000000e+00	0.000000e+00	
    1.072271	   -0.221741	0.000000e+00	0.000000e+00	
    1.072271	   -0.221741	0.000000e+00	0.000000e+00	
    1.072271	   -0.221741	0.000000e+00	0.000000e+00	
    1.072271	   -0.221741	0.000000e+00	0.000000e+00	


    1.072271	   -0.221741	0.000000e+00	0.000000e+00	
    1.072271	   -0.221741	0.000000e+00	0.000000e+00	
    1.072271	   -0.221741	0.000000e+00	0.000000e+00	
    1.072271	   -0.221741	0.000000e+00	0.000000e+00	
    1.072271	   -0.221741	0.000000e+00	0.000000e+00	
    1.072271	   -0.221741	0.000000e+00	0.000000e+00	
    1.072271	   -0.221741	0.000000e+00	0.000000e+00	
    1.072271	   -0.221741	0.000000e+00	0.000000e+00	
    1.072271	   -0.221741	0.000000e+00	0.000000e+00	
    1.072271	   -0.221741	0.000000e+00	0.000000e+00	
    1.072271	   -0.221741	0.000000e+00	0.000000e+00	
    1.072271	   -0.221741	0.000000e+00	0.000000e+00	
    1.072271	   -0.221741	0.000000e+00	0.000000e+00	
    1.072271	   -0.221741	0.000000e+00	0.000000e+00	
    1.072271	   -0.221741	0.000000e+00	0.000000e+00	
    1.072271	   -0.221741	0.000000e+00	0.000000e+00	
    1.072271	   -0.221741	0.000000e+00	0.000000e+00	
    1.072271	   -0.221741	0.000000e+00	0.000000e+00	
    1.072271	   -0.221741	0.000000e+00	0.000000e+00	
    1.072271	   -0.221741	0.000000e+00	0.000000e+00	
    1.072271	   -0.221741	0.000000e+00	0.000000e+00	


    1.078773	    0.008170	0.000000e+00	0.000000e+00	
    1.078773	    0.008170	0.000000e+00	0.000000e+00	
    1.078773	    0.008170	0.000000e+00	0.000000e+00	
    1.078773	    0.008170	0.000000e+00	0.000000e+00	
    1.078773	    0.008170	0.000000e+00	0.000000e+00	
    1.078773	    0.008170	0.000000e+00	0.000000e+00	
    1.078773	    0.008170	0.000000e+00	0.000000e+00	
    1.078773	    0.008170	0.000000e+00	0.000000e+00	
    1.078773	    0.008170	0.000000e+00	0.000000e+00	
    1.078773	    0.008170	0.000000e+00	0.000000e+00	
    1.078773	    0.008170	0.000000e+00	0.000000e+00	
    1.078773	    0.008170	0.000000e+00	0.000000e+00	
    1.078773	    0.008170	0.000000e+00	0.000000e+00	
    1.078773	    0.008170	0.000000e+00	0.000000e+00	
    1.078773	    0.008170	0.000000e+00	0.000000e+00	
    1.078773	    0.008170	0.000000e+00	0.000000e+00	
    1.078773	    0.008170	0.000000e+00	0.000000e+00	
    1.078773	    0.008170	0.000000e+00	0.000000e+00	
    1.078773	    0.008170	0.000000e+00	0.000000e+00	
    1.078773	    0.008170	0.000000e+00	0.000000e+00	
    1.078773	    0.008170	0.000000e+00	0.000000e+00	


    1.078773	    0.008170	0.000000e+00	0.000000e+00	
    1.078773	    0.008170	0.000000e+00	0.000000e+00	
    1.078773	    0.008170	0.000000e+00	0.000000e+00	
    1.078773	    0.008170	0.000000e+00	0.000000e+00	
    1.078773	    0.008170	0.000000e+00	0.000000e+00	
    1.078773	    0.008170	0.000000e+00	0.000000e+00	
    1.078773	    0.008170	0.000000e+00	0.000000e+00	
    1.078773	    0.008170	0.000000e+00	0.000000e+00	
    1.078773	    0.008170	0.000000e+00	0.000000e+00	
    1.078773	    0.008170	0.000000e+00	0.000000e+00	
    1.078773	    0.008170	0.000000e+00	0.000000e+00	
    1.078773	    0.008170	0.000000e+00	0.000000e+00	
    1.078773	    0.008170	0.000000e+00	0.000000e+00	
    1.078773	    0.008170	0.000000e+00	0.000000e+00	
    1.078773	    0.008170	0.000000e+00	0.000000e+00	
    1.078773	    0.008170	0.000000e+00	0.000000e+00	
    1.078773	    0.008170	0.000000e+00	0.000000e+00	
    1.078773	    0.008170	0.000000e+00	0.000000e+00	
    1.078773	    0.008170	0.000000e+00	0.000000e+00	
    1.078773	    0.008170	0.000000e+00	0.000000e+00	
    1.078773	    0.008170	0.000000e+00	0.000000e+00	


    1.032798	    0.236766	0.000000e+00	0.000000e+00	
    1.032798	    0.236766	0.000000e+00	0.000000e+00	
    1.032798	    0.236766	0.000000e+00	0.000000e+00	
    1.032798	    0.236766	0.000000e+00	0.000000e+00	
    1.032798	    0.236766	0.000000e+00	0.000000e+00	
    1.032798	    0.236766	0.000000e+00	0.000000e+00	
    1.032798	    0.236766	0.000000e+00	0.000000e+00	
    1.032798	    0.236766	0.000000e+00	0.000000e+00	
    1.032798	    0.236766	0.000000e+00	0.000000e+00	
    1.032798	    0.236766	0.000000e+00	0.000000e+00	
    1.032798	    0.236766	0.000000e+00	0.000000e+00	
    1.032798	    0.236766	0.000000e+00	0.000000e+00	
    1.032798	    0.236766	0.000000e+00	0.000000e+00	
    1.032798	    0.236766	0.000000e+00	0.000000e+00	
    1.032798	    0.236766	0.000000e+00	0.000000e+00	
    1.032798	    0.236766	0.000000e+00	0.000000e+00	
    1.032798	    0.236766	0.000000e+00	0.000000e+00	
    1.032798	    0.236766	0.000000e+00	0.000000e+00	
    1.032798	    0.236766	0.000000e+00	0.000000e+00	
    1.032798	    0.236766	0.000000e+00	0.000000e+00	
    1.032798	    0.236766	0.000000e+00	0.000000e+00	


    1.032798	    0.236766	0.000000e+00	0.000000e+00	
    1.032798	    0.236766	0.000000e+00	0.000000e+00	
    1.032798	    0.236766	0.000000e+00	0.000000e+00	
    1.032798	    0.236766	0.000000e+00	0.000000e+00	
    1.032798	    0.236766	0.000000e+00	0.000000e+00	
    1.032798	    0.236766	0.000000e+00	0.000000e+00	
    1.032798	    0.236766	0.000000e+00	0.000000e+00	
    1.032798	    0.236766	0.000000e+00	0.000000e+00	
    1.032798	    0.236766	0.000000e+00	0.000000e+00	
    1.032798	    0.236766	0.000000e+00	0.000000e+00	
    1.032798	    0.236766	0.000000e+00	0.000000e+00	
    1.032798	    0.236766	0.000000e+00	0.000000e+00	
    1.032798	    0.236766	0.000000e+00	0.000000e+00	
    1.032798	    0.236766	0.000000e+00	0.000000e+00	
    1.032798	    0.236766	0.000000e+00	0.000000e+00	
    1.032798	    0.236766	0.000000e+00	0.000000e+00	
    1.032798	    0.236766	0.000000e+00	0.000000e+00	
    1.032798	    0.236766	0.000000e+00	0.000000e+00	
    1.032798	    0.236766	0.000000e+00	0.000000e+00	
    1.032798	    0.236766	0.000000e+00	0.000000e+00	
    1.032798	    0.236766	0.000000e+00	0.000000e+00	


    0.933991	    0.452369	0.000000e+00	0.000000e+00	
    0.933991	    0.452369	0.000000e+00	0.000000e+00	
    0.933991	    0.452369	0.000000e+00	0.000000e+00	
    0.933991	    0.452369	0.000000e+00	0.000000e+00	
    0.933991	    0.452369	0.000000e+00	0.000000e+00	
    0.933991	    0.452369	0.000000e+00	0.000000e+00	
    0.933991	    0.452369	0.000000e+00	0.000000e+00	
    0.933991	    0.452369	0.000000e+00	0.000000e+00	
    0.933991	    0.452369	0.000000e+00	0.000000e+00	
    0.933991	    0.452369	0.000000e+00	0.000000e+00	
    0.933991	    0.452369	0.000000e+00	0.000000e+00	
    0.933991	    0.452369	0.000000e+00	0.000000e+00	
    0.933991	    0.452369	0.000000e+00	0.000000e+00	
    0.933991	    0.452369	0.000000e+00	0.000000e+00	
    0.933991	    0.452369	0.000000e+00	0.000000e+00	
    0.933991	    0.452369	0.000000e+00	0.000000e+00	
    0.933991	    0.452369	0.000000e+00	0.000000e+00	
    0.933991	    0.452369	0.000000e+00	0.000000e+00	
    0.933991	    0.452369	0.000000e+00	0.000000e+00	
    0.933991	    0.452369	0.000000e+00	0.000000e+00	
    0.933991	    0.452369	0.000000e+00	0.000000e+00	


    0.933991	    0.452369	0.000000e+00	0.000000e+00	
    0.933991	    0.452369	0.000000e+00	0.000000e+00	
    0.933991	    0.452369	0.000000e+00	0.000000e+00	
    0.933991	    0.452369	0.000000e+00	0.000000e+00	
    0.933991	    0.452369	0.000000e+00	0.000000e+00	
    0.933991	    0.452369	0.000000e+00	0.000000e+00	
    0.933991	    0.452369	0.000000e+00	0.000000e+00	
    0.933991	    0.452369	0.000000e+00	0.000000e+00	
    0.933991	    0.452369	0.000000e+00	0.000000e+00	
    0.933991	    0.452369	0.000000e+00	0.000000e+00	
    0.933991	    0.452369	0.000000e+00	0.000000e+00	
    0.933991	    0.452369	0.000000e+00	0.000000e+00	
    0.933991	    0.452369	0.000000e+00	0.000000e+00	
    0.933991	    0.452369	0.000000e+00	0.000000e+00	
    0.933991	    0.452369	0.000000e+00	0.000000e+00	
    0.933991	    0.452369	0.000000e+00	0.000000e+00	
    0.933991	    0.452369	0.000000e+00	0.000000e+00	
    0.933991	    0.452369	0.000000e+00	0.000000e+00	
    0.933991	    0.452369	0.000000e+00	0.000000e+00	
    0.933991	    0.452369	0.000000e+00	0.000000e+00	
    0.933991	    0.452369	0.000000e+00	0.000000e+00	


    0.784239	    0.643011	0.000000e+00	0.000000e+00	
    0.784239	    0.643011	0.000000e+00	0.000000e+00	
    0.784239	    0.643011	0.000000e+00	0.000000e+00	
    0.784239	    0.643011	0.000000e+00	0.000000e+00	
    0.784239	    0.643011	0.000000e+00	0.000000e+00	
    0.784239	    0.643011	0.000000e+00	0.000000e+00	
    0.784239	    0.643011	0.000000e+00	0.000000e+00	
    0.784239	    0.643011	0.000000e+00	0.000000e+00	
    0.784239	    0.643011	0.000000e+00	0.000000e+00	
    0.784239	    0.643011	0.000000e+00	0.000000e+00	
    0.784239	    0.643011	0.000000e+00	0.000000e+00	
    0.784239	    0.643011	0.000000e+00	0.000000e+00	
    0.784239	    0.643011	0.000000e+00	0.000000e+00	
    0.784239	    0.643011	0.000000e+00	0.000000e+00	
    0.784239	    0.643011	0.000000e+00	0.000000e+00	
    0.784239	    0.643011	0.000000e+00	0.000000e+00	
    0.784239	    0.643011	0.000000e+00	0.000000e+00	
    0.784239	    0.643011	0.000000e+00	0.000000e+00	
    0.784239	    0.643011	0.000000e+00	0.000000e+00	
    0.784239	    0.643011	0.000000e+00	0.000000e+00	
    0.784239	    0.643011	0.000000e+00	0.000000e+00	


    0.784239	    0.643011	0.000000e+00	0.000000e+00	
    0.784239	    0.643011	0.000000e+00	0.000000e+00	
    0.784239	    0.643011	0.000000e+00	0.000000e+00	
    0.784239	    0.643011	0.000000e+00	0.000000e+00	
    0.784239	    0.643011	0.000000e+00	0.000000e+00	
    0.784239	    0.643011	0.000000e+00	0.000000e+00	
    0.784239	    0.643011	0.000000e+00	0.000000e+00	
    0.784239	    0.643011	0.000000e+00	0.000000e+00	
    0.784239	    0.643011	0.000000e+00	0.000000e+00	
    0.784239	    0.643011	0.000000e+00	0.000000e+00	
    0.784239	    0.643011	0.000000e+00	0.000000e+00	
    0.784239	    0.643011	0.000000e+00	0.000000e+00	
    0.784239	    0.643011	0.000000e+00	0.000000e+00	
    0.784239	    0.643011	0.000000e+00	0.000000e+00	
    0.784239	    0.643011	0.000000e+00	0.000000e+00	
    0.784239	    0.643011	0.000000e+00	0.000000e+00	
    0.784239	    0.643011	0.000000e+00	0.000000e+00	
    0.784239	    0.643011	0.000000e+00	0.000000e+00	
    0.784239	    0.643011	0.000000e+00	0.000000e+00	
    0.784239	    0.643011	0.000000e+00	0.000000e+00	
    0.784239	    0.643011	0.000000e+00	0.000000e+00	


    0.588679	    0.795868	0.000000e+00	0.000000e+00	
    0.588679	    0.795868	0.000000e+00	0.000000e+00	
    0.588679	    0.795868	0.000000e+00	0.000000e+00	
    0.588679	    0.795868	0.000000e+00	0.000000e+00	
    0.588679	    0.795868	0.000000e+00	0.000000e+00	
    0.588679	    0.795868	0.000000e+00	0.000000e+00	
    0.588679	    0.795868	0.000000e+00	0.000000e+00	
    0.588679	    0.795868	0.000000e+00	0.000000e+00	
    0.588679	    0.795868	0.000000e+00	0.000000e+00	
    0.588679	    0.795868	0.000000e+00	0.000000e+00	
    0.588679	    0.795868	0.000000e+00	0.000000e+00	
    0.588679	    0.795868	0.000000e+00	0.000000e+00	
    0.588679	    0.795868	0.000000e+00	0.000000e+00	
    0.588679	    0.795868	0.000000e+00	0.000000e+00	
    0.588679	    0.795868	0.000000e+00	0.000000e+00	
    0.588679	    0.795868	0.000000e+00	0.000000e+00	
    0.588679	    0.795868	0.000000e+00	0.000000e+00	
    0.588679	    0.795868	0.000000e+00	0.000000e+00	
    0.588679	    0.795868	0.000000e+00	0.000000e+00	
    0.588679	    0.795868	0.000000e+00	0.000000e+00	
    0.588679	    0.795868	0.000000e+00	0.000000e+00	


    0.588679	    0.795868	0.000000e+00	0.000000e+00	
    0.588679	    0.795868	0.000000e+00	0.000000e+00	
    0.588679	    0.795868	0.000000e+00	0.000000e+00	
    0.588679	    0.795868	0.000000e+00	0.000000e+00	
    0.588679	    0.795868	0.000000e+00	0.000000e+00	
    0.588679	    0.795868	0.000000e+00	0.000000e+00	
    0.588679	    0.795868	0.000000e+00	0.000000e+00	
    0.588679	    0.795868	0.000000e+00	0.000000e+00	
    0.588679	    0.795868	0.000000e+00	0.000000e+00	
    0.588679	    0.795868	0.000000e+00	0.000000e+00	
    0.588679	    0.795868	0.000000e+00	0.000000e+00	
    0.588679	    0.795868	0.000000e+00	0.000000e+00	
    0.588679	    0.795868	0.000000e+00	0.000000e+00	
    0.588679	    0.795868	0.000000e+00	0.000000e+00	
    0.588679	    0.795868	0.000000e+00	0.000000e+00	
    0.588679	    0.795868	0.000000e+00	0.000000e+00	
    0.588679	    0.795868	0.000000e+00	0.000000e+00	
    0.588679	    0.795868	0.000000e+00	0.000000e+00	
    0.588679	    0.795868	0.000000e+00	0.000000e+00	
    0.588679	    0.795868	0.000000e+00	0.000000e+00	
    0.588679	    0.795868	0.000000e+00	0.000000e+00	


    0.356258	    0.898523	0.000000e+00	0.000000e+00	
    0.356258	    0.898523	0.000000e+00	0.000000e+00	
    0.356258	    0.898523	0.000000e+00	0.000000e+00	
    0.356258	    0.898523	0.000000e+00	0.000000e+00	
    0.356258	    0.898523	0.000000e+00	0.000000e+00	
    0.356258	    0.898523	0.000000e+00	0.000000e+00	
    0.356258	    0.898523	0.000000e+00	0.000000e+00	
    0.356258	    0.898523	0.000000e+00	0.000000e+00	
    0.356258	    0.898523	0.000000e+00	0.000000e+00	
    0.356258	    0.898523	0.000000e+00	0.000000e+00	
    0.356258	    0.898523	0.000000e+00	0.000000e+00	
    0.356258	    0.898523	0.000000e+00	0.000000e+00	
    0.356258	    0.898523	0.000000e+00	0.000000e+00	
    0.356258	    0.898523	0.000000e+00	0.000000e+00	
    0.356258	    0.898523	0.000000e+00	0.000000e+00	
    0.356258	    0.898523	0.000000e+00	0.000000e+00	
    0.356258	    0.898523	0.000000e+00	0.000000e+00	
    0.356258	    0.898523	0.000000e+00	0.000000e+00	
    0.356258	    0.898523	0.000000e+00	0.000000e+00	
    0.356258	    0.898523	0.000000e+00	0.000000e+00	
    0.356258	    0.898523	0.000000e+00	0.000000e+00	


    0.356258	    0.898523	0.000000e+00	0.000000e+00	
    0.356258	    0.898523	0.000000e+00	0.000000e+00	
    0.356258	    0.898523	0.000000e+00	0.000000e+00	
    0.356258	    0.898523	0.000000e+00	0.000000e+00	
    0.356258	    0.898523	0.000000e+00	0.000000e+00	
    0.356258	    0.898523	0.000000e+00	0.000000e+00	
    0.356258	    0.898523	0.000000e+00	0.000000e+00	
    0.356258	    0.898523	0.000000e+00	0.000000e+00	
    0.356258	    0.898523	0.000000e+00	0.000000e+00	
    0.356258	    0.898523	0.000000e+00	0.000000e+00	
    0.356258	    0.898523	0.000000e+00	0.000000e+00	
    0.356258	    0.898523	0.000000e+00	0.000000e+00	
    0.356258	    0.898523	0.000000e+00	0.000000e+00	
    0.356258	    0.898523	0.000000e+00	0.000000e+00	
    0.356258	    0.898523	0.000000e+00	0.000000e+00	
    0.356258	    0.898523	0.000000e+00	0.000000e+00	
    0.356258	    0.898523	0.000000e+00	0.000000e+00	
    0.356258	    0.898523	0.000000e+00	0.000000e+00	
    0.356258	    0.898523	0.000000e+00	0.000000e+00	
    0.356258	    0.898523	0.000000e+00	0.000000e+00	
    0.356258	    0.898523	0.000000e+00	0.000000e+00	


    0.099977	    0.940423	0.000000e+00	0.000000e+00	
    0.099977	    0.940423	0.000000e+00	0.000000e+00	
    0.099977	    0.940423	0.000000e+00	0.000000e+00	
    0.099977	    0.940423	0.000000e+00	0.000000e+00	
    0.099977	    0.940423	0.000000e+00	0.000000e+00	
    0.099977	    0.940423	0.000000e+00	0.000000e+00	
    0.099977	    0.940423	0.000000e+00	0.000000e+00	
    0.099977	    0.940423	0.000000e+00	0.000000e+00	
    0.099977	    0.940423	0.000000e+00	0.000000e+00	
    0.099977	    0.940423	0.000000e+00	0.000000e+00	
    0.099977	    0.940423	0.000000e+00	0.000000e+00	
    0.099977	    0.940423	0.000000e+00	0.000000e+00	
    0.099977	    0.940423	0.000000e+00	0.000000e+00	
    0.099977	    0.940423	0.000000e+00	0.000000e+00	
    0.099977	    0.940423	0.000000e+00	0.000000e+00	
    0.099977	    0.940423	0.000000e+00	0.000000e+00	
    0.099977	    0.940423	0.000000e+00	0.000000e+00	
    0.099977	    0.940423	0.000000e+00	0.000000e+00	
    0.099977	    0.940423	0.000000e+00	0.000000e+00	
    0.099977	    0.940423	0.000000e+00	0.000000e+00	
    0.099977	    0.940423	0.000000e+00	0.000000e+00	


    0.099977	    0.940423	0.000000e+00	0.000000e+00	
    0.099977	    0.940423	0.000000e+00	0.000000e+00	
    0.099977	    0.940423	0.000000e+00	0.000000e+00	
    0.099977	    0.940423	0.000000e+00	0.000000e+00	
    0.099977	    0.940423	0.000000e+00	0.000000e+00	
    0.099977	    0.940423	0.000000e+00	0.000000e+00	
    0.099977	    0.940423	0.000000e+00	0.000000e+00	
    0.099977	    0.940423	0.000000e+00	0.000000e+00	
    0.099977	    0.940423	0.000000e+00	0.000000e+00	
    0.099977	    0.940423	0.000000e+00	0.000000e+00	
    0.099977	    0.940423	0.000000e+00	0.000000e+00	
    0.099977	    0.940423	0.000000e+00	0.000000e+00	
    0.099977	    0.940423	0.000000e+00	0.000000e+00	
    0.099977	    0.940423	0.000000e+00	0.000000e+00	
    0.099977	    0.940423	0.000000e+00	0.000000e+00	
    0.099977	    0.940423	0.000000e+00	0.000000e+00	
    0.099977	    0.940423	0.000000e+00	0.000000e+00	
    0.099977	    0.940423	0.000000e+00	0.000000e+00	
    0.099977	    0.940423	0.000000e+00	0.000000e+00	
    0.099977	    0.940423	0.000000e+00	0.000000e+00	
    0.099977	    0.940423	0.000000e+00	0.000000e+00	


