
    0.000000    0.099977    0.940423    0.008675   -1.060505    0.035512    0.020436
    0.000000    0.099977    0.940423    0.008675   -1.060505    0.035512    0.020436
    0.027388    0.070892    0.940978    0.009231   -1.063280    0.004953    0.020145
    0.054776    0.041743    0.940693    0.009779   -1.065121   -0.025809    0.019834
    0.082164    0.012557    0.939563    0.010317   -1.066014   -0.056745    0.019504
    0.109552   -0.016640    0.937583    0.010847   -1.065945   -0.087820    0.019153
    0.136940   -0.045822    0.934751    0.011366   -1.064905   -0.119004    0.018783
    0.164328   -0.074963    0.931064    0.011875   -1.062881   -0.150260    0.018394
    0.191716   -0.104034    0.926520    0.012374   -1.059865   -0.181555    0.017985
    0.219104   -0.133009    0.921119    0.012860   -1.055849   -0.212852    0.017558
    0.246492   -0.161860    0.914861    0.013335   -1.050827   -0.244116    0.017112
    0.246492   -0.161860    0.914861    0.013335   -1.050814   -0.244117    0.017112
    0.273881   -0.190559    0.907748    0.013798   -1.044782   -0.275310    0.016647
    0.301269   -0.219080    0.899782    0.014247   -1.037736   -0.306395    0.016165
    0.328657   -0.247393    0.890966    0.014683   -1.029677   -0.337334    0.015665
    0.356045   -0.275472    0.881306    0.015105   -1.020603   -0.368087    0.015148
    0.383433   -0.303289    0.870806    0.015513   -1.010518   -0.398617    0.014615
    0.410821   -0.330815    0.859473    0.015905   -0.999426   -0.428885    0.014065
    0.438209   -0.358024    0.847316    0.016283   -0.987331   -0.458851    0.013500
    0.465597   -0.384888    0.834342    0.016645   -0.974243   -0.488477    0.012920
    0.492985   -0.411381    0.820563    0.016990   -0.960171   -0.517723    0.012326
    0.492985   -0.411381    0.820563    0.016990   -0.960170   -0.517727    0.012327
    0.520373   -0.437474    0.805987    0.017320   -0.945125   -0.546555    0.011719
    0.547761   -0.463142    0.790629    0.017632   -0.929121   -0.574927    0.011098
    0.575149   -0.488359    0.774500    0.017928   -0.912173   -0.602805    0.010465
    0.602537   -0.513099    0.757614    0.018205   -0.894297   -0.630152    0.009820
    0.629925   -0.537337    0.739987    0.018465   -0.875514   -0.656931    0.009164
    0.657313   -0.561048    0.721636    0.018707   -0.855844   -0.683106    0.008498
    0.684701   -0.584209    0.702575    0.018931   -0.835308   -0.708643    0.007824
    0.712089   -0.606795    0.682825    0.019136   -0.813932   -0.733508    0.007140
    0.739477   -0.628785    0.662403    0.019322   -0.791741   -0.757668    0.006450
    0.739477   -0.628785    0.662403    0.019322   -0.790928   -0.757333    0.007440
    0.766866   -0.650134    0.641339    0.019516   -0.767949   -0.780758    0.006742
    0.794254   -0.670844    0.619643    0.019691   -0.744212   -0.803417    0.006037
    0.821642   -0.690893    0.597338    0.019847   -0.719746   -0.825282    0.005327
    0.849030   -0.710262    0.574445    0.019983   -0.694582   -0.846326    0.004612
    0.876418   -0.728933    0.550987    0.020099   -0.668754   -0.866524    0.003892
    0.903806   -0.746888    0.526988    0.020196   -0.642295   -0.885850    0.003170
    0.931194   -0.764110    0.502472    0.020273   -0.615240   -0.904283    0.002445
    0.958582   -0.780583    0.477463    0.020330   -0.587625   -0.921802    0.001719
    0.985970   -0.796293    0.451988    0.020367   -0.559485   -0.938389    0.000993
    0.985970   -0.796293    0.451988    0.020367   -0.559485   -0.938390    0.000998
    1.013358   -0.811225    0.426071    0.020384   -0.530859   -0.954026    0.000272
    1.040746   -0.825367    0.399739    0.020382   -0.501784   -0.968697   -0.000452
    1.068134   -0.838707    0.373018    0.020360   -0.472298   -0.982390   -0.001174
    1.095522   -0.851235    0.345936    0.020318   -0.442440   -0.995093   -0.001892
    1.122910   -0.862939    0.318520    0.020256   -0.412249   -1.006796   -0.002607
    1.150298   -0.873813    0.290797    0.020175   -0.381764   -1.017492   -0.003317
    1.177686   -0.883849    0.262795    0.020074   -0.351024   -1.027174   -0.004021
    1.205074   -0.893039    0.234542    0.019955   -0.320069   -1.035838   -0.004718
    1.232462   -0.901379    0.206065    0.019816   -0.288937   -1.043483   -0.005408
    1.232462   -0.901379    0.206065    0.019816   -0.288860   -1.043422   -0.005105
    1.259851   -0.908863    0.177395    0.019667   -0.257590   -1.050047   -0.005787
    1.287239   -0.915488    0.148557    0.019499   -0.226220   -1.055652   -0.006461
    1.314627   -0.921253    0.119580    0.019313   -0.194787   -1.060241   -0.007125
    1.342015   -0.926158    0.090490    0.019109   -0.163330   -1.063819   -0.007779
    1.369403   -0.930200    0.061317    0.018887   -0.131884   -1.066391   -0.008423
    1.396791   -0.933382    0.032087    0.018648   -0.100486   -1.067965   -0.009055
    1.424179   -0.935705    0.002827    0.018391   -0.069170   -1.068550   -0.009676
    1.451567   -0.937172   -0.026435    0.018118   -0.037972   -1.068157   -0.010284
    1.478955   -0.937786   -0.055674    0.017828   -0.006924   -1.066798   -0.010879
    1.478955   -0.937786   -0.055674    0.017828   -0.006927   -1.066802   -0.010870
    1.506343   -0.937553   -0.084862    0.017522    0.023938   -1.064489   -0.011452
    1.533731   -0.936477   -0.113974    0.017201    0.054589   -1.061238   -0.012020
    1.561119   -0.934565   -0.142984    0.016864    0.084994   -1.057063   -0.012574
    1.588507   -0.931824   -0.171867    0.016512    0.115126   -1.051980   -0.013113
    1.615895   -0.928262   -0.200599    0.016146    0.144955   -1.046008   -0.013636
    1.643283   -0.923887   -0.229156    0.015765    0.174454   -1.039163   -0.014145
    1.670671   -0.918709   -0.257513    0.015371    0.203598   -1.031466   -0.014637
    1.698059   -0.912738   -0.285648    0.014964    0.232362   -1.022936   -0.015113
    1.725447   -0.905985   -0.313538    0.014543    0.260721   -1.013594   -0.015574
    1.725447   -0.905985   -0.313538    0.014543    0.260716   -1.013598   -0.015565
    1.752835   -0.898461   -0.341161    0.014111    0.288649   -1.003464   -0.016008
    1.780224   -0.890178   -0.368497    0.013667    0.316134   -0.992559   -0.016435
    1.807612   -0.881148   -0.395523    0.013211    0.343152   -0.980907   -0.016845
    1.835000   -0.871386   -0.422220    0.012744    0.369682   -0.968528   -0.017238
    1.862388   -0.860903   -0.448569    0.012267    0.395708   -0.955446   -0.017614
    1.889776   -0.849715   -0.474550    0.011780    0.421213   -0.941683   -0.017972
    1.917164   -0.837836   -0.500144    0.011283    0.446181   -0.927263   -0.018314
    1.944552   -0.825280   -0.525336    0.010777    0.470597   -0.912208   -0.018637
    1.971940   -0.812064   -0.550106    0.010262    0.494449   -0.896542   -0.018944
    1.971940   -0.812064   -0.550106    0.010262    0.494443   -0.896547   -0.018938
    1.999328   -0.798202   -0.574439    0.009739    0.517717   -0.880294   -0.019227
    2.026716   -0.783710   -0.598320    0.009209    0.540404   -0.863475   -0.019499
    2.054104   -0.768606   -0.621732    0.008671    0.562492   -0.846116   -0.019753
    2.081492   -0.752905   -0.644662    0.008127    0.583972   -0.828238   -0.019990
    2.108880   -0.736624   -0.667096    0.007576    0.604836   -0.809865   -0.020210
    2.136268   -0.719780   -0.689019    0.007020    0.625076   -0.791019   -0.020413
    2.163656   -0.702390   -0.710420    0.006458    0.644686   -0.771724   -0.020599
    2.191044   -0.684472   -0.731287    0.005892    0.663659   -0.752001   -0.020768
    2.218432   -0.666043   -0.751608    0.005321    0.681991   -0.731873   -0.020920
    2.218432   -0.666043   -0.751608    0.005321    0.681982   -0.731879   -0.020917
    2.245820   -0.647122   -0.771373    0.004746    0.699668   -0.711367   -0.021053
    2.273209   -0.627724   -0.790571    0.004168    0.716706   -0.690494   -0.021172
    2.300597   -0.607869   -0.809193    0.003587    0.733092   -0.669279   -0.021275
    2.327985   -0.587574   -0.827229    0.003003    0.748824   -0.647745   -0.021362
    2.355373   -0.566858   -0.844671    0.002417    0.763900   -0.625911   -0.021433
    2.382761   -0.545737   -0.861511    0.001829    0.778321   -0.603798   -0.021488
    2.410149   -0.524230   -0.877742    0.001240    0.792085   -0.581425   -0.021527
    2.437537   -0.502356   -0.893357    0.000650    0.805192   -0.558813   -0.021551
    2.464925   -0.480131   -0.908350    0.000059    0.817644   -0.535980   -0.021560
    2.464925   -0.480131   -0.908350    0.000059    0.817632   -0.535989   -0.021559
